49
37
29
36
12
22
23
46
48
15
40
2
33
42
47
25
4
35
16
17
20
7
19
44
6
26
30
10
31
8
27
13
45
5
41
39
21
14
50
18
11
1
24
34
9
32
38
43
3
28
28
25
43
17
22
45
1
6
12
47
8
9
4
39
3
5
20
27
37
21
35
41
13
31
10
33
46
40
14
24
26
16
30
2
29
42
32
38
19
49
48
34
11
18
7
44
50
23
15
36
25
13
1
32
20
47
45
3
40
5
29
17
18
12
10
49
43
36
6
15
30
31
14
2
27
22
19
39
26
46
8
50
41
23
35
11
37
9
28
38
33
44
21
42
16
34
48
4
24
7
26
36
19
23
43
17
31
44
30
20
7
34
12
13
39
21
38
45
49
24
33
9
42
28
37
3
16
50
8
32
29
25
4
47
14
18
48
41
15
35
6
22
2
46
40
1
5
11
27
10
44
38
28
29
21
12
11
9
13
43
34
5
22
40
19
48
3
41
27
1
39
26
6
47
15
35
7
36
37
2
24
49
23
14
42
10
50
8
17
46
4
30
31
20
18
25
33
45
32
16
42
10
13
45
5
29
22
4
28
25
18
24
43
8
11
46
19
33
12
3
16
14
37
30
31
20
39
44
48
26
17
9
21
32
38
2
1
35
40
6
49
27
47
7
50
41
34
15
36
23
50
33
37
15
13
24
40
36
25
10
47
30
6
27
22
19
8
38
41
9
21
16
18
45
3
31
12
32
5
20
44
1
28
26
34
14
46
42
49
43
29
35
7
4
17
48
23
39
2
11
19
4
23
41
17
13
18
31
26
24
32
48
27
3
12
45
2
40
7
8
11
35
21
6
1
50
10
33
47
43
15
37
39
36
9
30
44
34
22
42
25
49
38
14
5
28
29
16
46
20
5
28
32
50
15
14
49
16
19
44
11
38
29
22
45
1
17
6
2
31
18
4
3
37
13
9
26
47
23
30
7
42
40
20
48
34
36
10
12
39
43
24
25
41
8
35
21
46
33
27
4
29
47
18
1
32
26
8
11
31
30
35
48
46
25
13
45
14
43
37
36
22
24
17
38
10
9
23
21
33
3
28
42
27
5
40
19
12
7
34
50
41
16
15
6
49
2
44
20
39
6
16
40
31
30
39
17
15
10
12
1
43
21
26
36
41
32
18
50
14
22
20
33
35
8
28
4
46
7
11
19
47
13
24
3
27
49
5
2
9
44
23
29
37
48
38
45
34
42
25
12
49
38
25
33
35
29
13
44
4
16
6
17
5
40
42
18
22
47
36
48
24
20
32
45
23
34
2
50
41
30
19
14
37
11
46
10
27
3
21
15
8
1
39
31
9
43
28
7
26
40
12
15
5
7
1
16
42
4
17
36
25
41
33
27
18
37
31
30
23
38
3
43
11
46
49
6
35
22
48
34
2
9
8
47
28
45
13
20
44
19
39
32
29
21
24
14
26
10
50
31
17
6
40
38
36
44
48
37
33
13
19
20
32
28
16
15
43
34
12
10
50
29
24
42
25
35
4
49
9
18
21
1
30
2
3
8
7
14
26
39
11
45
47
27
46
41
22
23
5
3
46
44
24
11
25
10
26
18
36
39
42
28
49
29
14
6
23
33
32
7
48
15
5
2
37
50
8
41
38
40
35
34
17
13
43
9
30
27
12
1
21
19
16
47
31
4
20
22
45
46
27
17
6
36
9
19
29
20
49
21
23
30
2
16
47
40
48
42
38
15
44
31
4
7
34
45
22
13
25
50
10
33
43
32
8
28
37
18
1
14
5
39
24
11
26
3
35
41
12
16
8
2
21
44
49
32
14
41
18
10
37
26
11
6
33
46
13
38
30
12
25
7
40
34
39
27
9
4
15
28
45
3
29
23
48
42
17
5
36
20
19
35
22
24
47
31
50
1
43
47
50
42
12
10
33
20
2
22
39
37
8
32
36
17
40
49
3
9
7
41
38
34
21
24
13
23
11
28
6
31
44
5
45
16
29
25
48
4
15
18
43
26
30
46
19
35
27
14
1
10
30
8
27
47
11
6
38
9
40
14
4
35
7
42
2
24
21
36
46
37
15
1
20
5
18
17
31
32
22
25
48
44
34
33
12
39
28
13
50
26
45
3
23
19
43
16
29
49
41
36
22
20
26
25
43
50
34
23
7
28
14
39
29
32
4
21
8
31
27
19
12
11
46
44
48
18
24
35
1
9
41
16
6
17
33
30
3
37
2
38
15
5
49
13
42
47
10
45
40
22
35
27
11
9
18
2
7
43
3
33
29
38
45
8
17
12
24
15
6
49
1
39
42
21
16
36
13
10
19
20
30
25
41
26
23
4
31
44
5
47
32
14
40
37
50
46
48
28
34
45
40
41
8
18
46
48
24
2
42
26
16
31
28
23
15
10
29
4
25
1
19
5
9
43
32
49
27
39
34
36
33
38
50
22
35
7
47
30
17
21
13
37
6
44
12
20
14
11
3
34
6
21
33
29
31
42
35
45
41
12
7
14
16
37
11
48
32
19
50
46
5
22
10
39
15
3
18
27
44
49
20
8
40
30
25
24
1
43
4
36
26
9
13
23
17
28
47
38
2
13
15
48
14
37
28
25
19
36
32
31
39
7
9
20
43
34
50
24
42
47
45
44
23
4
11
5
16
1
12
10
27
17
35
21
38
26
49
46
29
8
40
22
33
2
3
18
41
6
30
33
24
31
4
8
27
14
5
29
38
17
21
16
47
49
50
26
46
48
11
45
13
9
25
20
40
28
37
30
42
23
6
2
19
15
7
35
32
39
3
41
10
36
43
34
22
1
12
18
44
23
9
11
34
6
38
27
39
42
1
19
28
24
31
15
37
30
49
14
20
26
32
47
8
36
46
33
17
25
21
4
43
35
22
12
50
18
16
29
10
40
3
44
45
41
7
13
2
5
48
35
32
10
16
39
42
43
28
31
37
38
18
13
23
9
20
41
44
46
26
8
17
25
33
48
30
11
5
19
29
14
15
49
12
7
4
40
2
47
22
45
36
34
3
1
27
6
21
50
24
20
23
45
10
41
48
38
33
1
30
4
36
44
34
35
28
42
15
3
18
43
21
40
39
32
24
13
29
12
7
5
8
37
11
50
6
47
26
9
14
22
46
27
19
25
2
49
17
16
31
18
42
12
47
50
19
33
41
38
45
3
27
34
4
7
8
39
20
11
40
9
28
2
14
17
44
32
26
43
49
46
31
22
21
10
37
5
24
1
16
23
25
6
48
30
15
36
13
35
29
17
31
7
13
2
8
34
23
27
26
41
44
5
38
1
30
11
10
39
43
24
33
12
3
35
14
37
28
20
36
48
4
47
42
40
49
16
15
45
19
46
29
50
32
22
21
25
18
9
6
32
18
9
7
35
10
46
11
50
28
27
45
37
6
44
34
16
30
22
2
4
43
36
38
41
12
29
49
24
5
1
14
15
48
19
47
3
21
25
23
13
31
33
17
20
39
8
40
26
42
29
19
34
30
48
40
28
20
5
9
23
33
1
25
18
35
22
12
26
47
42
10
45
41
14
43
24
21
3
16
37
17
50
38
6
44
2
46
36
13
27
4
15
31
49
11
32
7
39
8
48
2
22
37
26
50
8
49
39
34
43
47
40
14
31
23
28
17
35
10
25
36
38
13
9
19
1
45
29
27
11
3
46
4
44
20
41
6
24
30
16
42
18
21
32
5
7
33
12
15
21
3
33
20
19
37
39
17
47
50
25
32
9
24
46
6
5
34
40
28
23
49
27
43
18
45
14
15
38
10
22
11
7
13
8
41
31
44
26
48
2
12
30
35
36
16
42
1
29
4
27
45
25
49
31
23
7
12
46
14
15
26
10
30
5
22
9
4
17
33
13
34
50
18
19
42
47
48
6
39
38
40
29
44
1
32
11
36
21
24
3
16
41
2
28
20
37
8
43
35
43
21
46
19
24
44
47
1
33
13
2
50
49
41
14
36
27
42
10
48
40
6
35
26
22
5
31
12
34
4
39
29
32
16
37
45
38
25
8
28
9
7
20
11
3
23
15
30
17
18
14
48
3
39
28
26
36
47
16
27
49
41
15
18
43
24
31
7
25
13
5
42
46
34
30
38
2
19
33
50
32
23
20
1
45
21
29
11
6
8
35
17
10
44
12
4
9
37
40
22
30
39
50
42
3
21
24
40
17
23
45
46
11
37
4
32
35
9
1
34
28
29
49
27
25
2
22
43
44
13
16
5
48
18
20
26
15
33
38
41
7
14
12
36
10
6
19
31
8
47
2
1
30
44
14
4
41
25
7
11
35
15
36
43
34
12
33
19
21
5
27
23
16
48
47
8
38
3
40
17
45
24
31
46
49
9
6
50
10
20
42
18
28
26
39
29
22
32
13
37
15
14
35
48
32
30
5
18
8
29
42
1
23
17
21
9
50
37
45
49
3
46
41
36
11
4
44
20
16
47
2
22
12
25
27
31
13
39
34
7
24
28
43
38
26
10
40
6
19
33
37
41
26
2
40
6
3
32
49
16
46
20
19
21
24
7
13
11
5
44
29
18
23
1
12
27
15
25
36
14
47
38
10
39
4
22
34
45
35
31
28
33
48
50
43
8
17
42
30
9
38
34
16
22
49
3
13
27
35
8
44
40
25
15
30
39
7
5
20
4
14
2
17
50
23
1
48
6
9
28
41
46
11
31
36
24
43
29
32
33
12
37
42
10
45
18
26
19
47
21
1
20
4
3
27
16
15
37
34
6
22
31
47
10
48
38
23
25
44
45
50
8
26
29
28
17
40
42
11
35
43
7
24
9
18
36
14
19
41
32
30
2
49
12
33
13
39
5
21
46
41
47
18
43
34
2
9
10
15
22
6
13
46
35
33
3
44
28
23
29
31
39
48
16
50
7
25
1
45
40
21
26
36
49
24
19
12
4
11
27
32
20
8
5
42
14
30
38
37
17
39
5
14
38
23
34
35
30
24
21
9
3
8
50
13
26
25
2
28
22
17
37
4
19
49
47
41
7
46
18
6
12
27
15
31
16
20
43
42
45
10
48
40
1
29
33
11
36
44
32
11
43
39
46
45
41
37
50
6
19
20
22
2
48
38
31
36
1
32
16
44
27
10
49
29
21
8
30
42
3
35
34
26
7
28
15
17
18
33
25
5
47
23
9
14
40
12
24
4
13
7
44
36
35
16
20
21
43
32
48
24
49
3
1
2
10
29
47
13
41
34
30
28
22
26
6
42
14
18
37
12
39
19
33
46
5
23
40
31
11
17
50
4
8
15
45
27
9
25
38
8
11
49
9
42
7
4
45
21
46
5
10
50
19
41
44
1
26
18
35
2
40
30
12
16
29
20
34
15
31
33
32
43
3
39
13
27
22
23
47
37
6
17
28
38
36
24
25
48
14
9
7
24
1
46
5
12
22
3
35
50
11
45
44
26
27
14
16
29
39
32
47
8
15
40
36
21
41
2
23
42
18
6
28
43
17
33
20
48
37
31
38
13
25
4
30
10
49
34
19
24
26
5
28
4
15
30
21
14
2
48
12
42
20
50
29
47
39
8
19
6
11
32
7
33
41
43
38
17
45
13
36
18
10
25
1
22
23
16
40
34
9
46
27
35
37
44
3
31
49
