49
37
16
36
23
22
13
46
48
15
40
2
33
42
47
25
4
50
26
17
20
7
19
43
6
29
30
10
31
44
27
38
45
5
41
39
21
14
28
18
11
1
24
34
9
32
35
12
3
8
28
38
43
17
22
45
1
6
12
47
8
9
4
16
44
5
20
27
37
21
40
41
13
31
10
49
46
39
14
24
26
2
30
35
29
42
32
33
19
3
48
34
11
18
7
25
50
23
15
36
25
13
1
32
20
47
45
3
40
5
29
17
18
12
10
49
43
36
6
15
30
31
14
2
27
22
19
28
26
46
8
50
41
23
35
11
37
38
9
39
33
44
21
42
16
34
48
4
24
7
26
49
19
23
43
17
31
44
29
20
37
34
5
13
39
21
38
45
12
24
33
9
42
28
46
7
16
50
8
32
30
25
4
47
14
18
48
41
15
35
6
22
2
3
40
1
36
11
27
10
44
32
38
29
21
12
11
9
13
25
34
5
22
40
19
48
3
41
43
1
39
26
28
47
15
35
7
2
37
36
24
49
23
14
42
10
50
8
17
46
4
30
31
20
18
27
33
45
6
16
42
10
44
45
12
37
22
4
28
1
18
24
43
8
11
50
19
33
13
46
16
14
3
30
31
20
39
40
48
26
29
9
21
32
38
2
17
5
25
6
49
27
47
7
41
35
34
15
36
23
50
33
37
15
13
24
38
36
25
10
32
30
6
27
22
19
8
17
41
11
21
16
18
45
3
31
12
34
5
20
44
1
47
26
40
14
46
42
49
43
29
35
7
4
28
48
23
39
2
9
30
4
23
41
17
13
25
31
32
24
19
48
27
3
12
45
26
5
7
8
11
35
21
36
1
50
10
33
47
43
15
37
39
2
9
6
14
34
40
42
18
49
38
44
22
28
29
16
46
20
2
28
32
50
15
49
23
22
19
44
11
35
26
14
45
1
17
6
34
31
18
4
36
37
13
3
9
47
38
30
7
42
40
20
48
5
39
10
12
16
43
24
25
41
8
29
21
46
33
27
4
39
47
18
1
32
26
40
11
31
30
14
48
29
25
13
45
9
20
37
36
22
24
17
38
10
43
23
21
35
3
28
42
27
5
15
19
12
7
34
50
41
16
46
6
49
2
44
8
33
23
16
40
31
5
18
43
15
30
6
39
21
17
26
36
41
32
42
50
14
22
12
33
35
8
28
4
46
7
11
19
47
13
24
3
27
49
1
2
9
44
10
29
37
48
38
45
34
20
25
33
15
30
25
49
35
29
13
44
4
16
6
7
5
40
37
18
22
47
36
48
24
20
32
45
23
2
11
50
41
39
19
14
21
34
46
10
27
3
31
38
8
1
12
17
9
43
28
42
26
40
12
15
5
7
1
49
42
4
17
36
25
21
33
27
18
37
28
30
23
38
3
43
41
34
2
6
35
22
48
31
46
9
8
47
16
45
13
20
44
19
39
32
29
50
24
14
26
10
11
31
17
6
27
38
36
44
48
37
33
13
19
20
11
28
16
15
43
35
12
10
50
40
24
42
25
34
4
32
9
18
21
1
30
2
3
8
7
14
26
39
23
45
47
29
46
41
22
49
5
3
46
29
40
11
39
10
26
18
36
1
42
28
49
24
14
6
23
33
32
7
48
15
5
2
37
50
8
41
38
34
35
44
17
13
43
9
30
27
12
25
21
19
16
47
31
4
20
22
45
46
27
17
6
36
9
19
29
26
49
21
23
30
2
16
47
28
48
42
38
15
20
31
4
7
40
45
22
34
25
50
10
33
43
32
8
44
37
13
1
14
5
39
24
11
18
3
35
41
12
16
8
2
21
44
34
32
14
41
18
10
37
49
22
6
33
46
13
38
30
12
25
7
40
11
39
27
9
4
31
28
45
3
29
23
48
42
17
47
36
20
19
35
15
24
26
5
50
1
43
47
36
42
12
10
33
20
2
22
39
31
8
32
37
17
40
49
35
9
3
41
38
34
21
24
13
23
18
28
6
11
44
5
45
16
29
25
48
4
15
7
43
26
30
46
19
1
27
14
50
10
30
8
39
47
11
6
38
9
46
14
4
35
7
42
27
24
21
36
49
37
15
1
20
5
18
17
31
13
22
25
48
2
34
33
12
40
28
44
50
26
45
3
23
19
43
16
29
32
41
6
22
20
26
14
43
50
34
23
12
28
36
39
21
32
10
7
29
31
27
19
44
11
46
48
4
18
24
35
1
9
41
16
25
17
33
30
3
37
2
8
15
5
49
13
42
47
38
45
40
22
35
27
11
9
14
2
7
43
3
33
29
38
45
8
17
12
24
15
6
49
1
39
42
21
16
36
13
10
19
20
30
25
44
26
23
4
31
18
5
47
32
41
40
37
50
46
48
28
34
45
40
41
8
18
46
48
24
2
42
26
16
29
28
23
15
10
31
4
25
1
19
5
9
43
32
49
27
39
34
36
33
38
50
22
35
7
47
30
17
21
13
37
6
44
12
20
14
11
3
34
6
21
24
29
31
42
16
45
41
12
7
14
46
37
11
48
32
19
50
2
5
22
10
39
15
3
44
27
33
49
20
8
40
30
25
1
35
43
4
36
26
9
13
23
17
28
47
38
18
13
31
48
14
37
28
35
19
36
32
25
39
12
9
20
43
34
7
24
42
47
45
44
23
4
11
5
16
1
8
10
27
17
6
21
38
26
49
46
29
15
40
22
33
2
3
18
41
50
30
12
24
31
4
50
27
14
5
3
38
17
40
16
47
49
2
21
46
48
26
45
13
9
25
20
1
28
37
30
42
23
6
29
19
15
7
35
32
39
33
41
11
36
43
34
22
10
8
18
44
19
9
11
34
6
38
27
39
42
7
23
28
24
31
15
4
30
49
14
20
26
32
47
8
36
46
33
17
25
50
1
43
35
22
12
41
18
16
29
10
40
3
44
45
21
37
13
2
5
48
35
48
10
16
39
42
21
28
31
40
38
18
13
23
3
20
41
44
46
9
8
17
25
33
26
30
11
5
19
29
14
15
49
12
7
37
27
2
50
22
45
36
34
32
1
47
6
43
4
24
20
23
45
10
41
48
17
33
1
30
4
38
44
34
35
28
42
15
3
18
43
21
6
39
32
24
13
29
12
7
5
8
37
11
50
40
47
26
22
14
2
46
27
19
25
36
49
9
16
31
18
42
12
47
8
19
33
41
38
45
3
32
34
4
7
36
39
20
11
40
27
28
2
14
17
44
24
26
43
49
46
16
22
37
10
50
5
9
1
21
23
25
6
48
30
15
31
13
35
29
17
5
7
13
2
8
34
23
27
26
41
44
31
38
1
30
40
47
39
43
24
33
12
3
35
14
37
32
20
28
48
4
18
42
11
49
16
15
45
19
46
29
50
22
36
21
25
10
9
6
32
18
9
7
25
10
46
11
50
28
27
45
37
6
41
34
16
30
22
2
35
43
4
38
44
12
29
49
24
5
42
14
15
48
19
47
3
21
36
23
13
31
33
17
20
39
8
40
26
1
36
19
34
30
48
40
28
20
35
9
7
33
1
25
18
8
22
12
16
47
23
10
45
29
41
43
26
21
3
15
37
17
50
38
6
44
2
46
5
13
27
4
14
31
49
11
32
24
39
42
48
2
22
37
26
50
8
49
39
34
43
47
40
41
31
35
11
14
27
10
25
36
38
13
9
19
1
45
29
18
17
3
46
4
44
20
28
6
24
30
16
42
23
21
32
5
7
33
12
15
21
3
33
20
19
25
39
17
47
50
24
43
9
32
46
6
5
34
40
28
42
49
27
18
37
45
14
15
23
10
2
11
7
13
8
36
41
44
26
48
22
12
30
35
31
16
38
1
29
4
29
45
25
49
31
23
7
12
46
14
15
26
10
30
5
22
9
4
17
33
13
34
50
44
19
42
47
48
6
39
38
40
28
41
1
32
11
36
21
24
3
16
8
2
27
20
37
18
43
35
43
21
46
19
24
44
47
1
33
13
2
50
41
36
14
42
27
18
10
48
9
6
35
26
22
5
31
12
49
4
40
29
32
16
37
45
38
25
8
28
34
7
20
11
3
23
15
30
17
39
14
50
3
44
28
26
36
47
16
27
49
41
15
18
43
24
31
8
25
13
5
42
46
34
30
38
48
19
33
2
32
23
20
1
45
21
29
11
6
7
35
17
10
39
12
4
9
37
40
22
5
14
50
42
33
21
40
8
17
23
45
46
11
39
4
32
35
3
2
34
28
29
49
27
25
9
22
43
44
13
16
26
48
18
20
30
15
24
38
41
1
37
12
36
10
6
19
31
7
47
27
1
28
33
30
29
41
25
7
11
35
15
36
43
34
12
2
19
21
5
4
23
16
48
47
8
38
3
40
17
45
24
31
46
49
9
6
50
10
20
42
14
18
26
39
44
22
32
13
37
15
25
35
48
32
30
5
18
8
29
42
1
23
17
21
9
50
37
45
7
3
46
41
11
14
33
44
20
16
47
4
22
12
36
27
31
13
39
34
49
24
28
43
38
26
10
40
6
19
2
37
41
26
2
40
6
3
32
49
16
46
20
19
24
9
7
13
11
5
44
29
18
23
1
12
27
15
25
36
14
47
31
10
39
4
22
34
45
35
38
28
33
48
50
43
8
17
42
30
21
38
34
13
22
46
3
16
27
20
8
44
49
25
15
30
39
33
40
1
4
14
2
17
50
23
48
35
6
9
21
41
5
11
31
36
24
43
29
32
37
12
18
42
10
45
7
26
19
47
28
1
20
4
3
27
16
15
35
34
37
22
31
47
10
48
38
23
25
44
45
50
8
29
6
28
17
40
42
11
12
43
7
24
9
18
26
36
19
41
32
30
2
49
14
33
13
39
5
21
46
41
47
18
43
34
2
9
10
15
22
6
27
46
35
33
3
44
38
23
29
31
39
48
16
50
26
25
1
45
40
21
13
36
49
24
19
12
4
11
8
32
20
28
5
42
14
30
7
37
17
39
29
14
38
35
4
18
30
24
21
9
3
8
50
13
23
25
2
28
22
17
37
26
19
49
47
41
7
46
16
6
12
27
15
31
34
20
43
42
45
10
48
40
1
5
33
11
36
44
32
11
43
39
46
45
41
37
50
6
19
20
22
2
48
38
31
36
1
32
16
44
27
10
49
29
21
8
30
42
3
35
34
26
7
28
4
24
18
33
25
5
47
15
9
14
40
12
17
23
13
7
44
36
35
16
20
24
43
5
48
47
13
3
1
2
26
29
10
49
41
34
30
32
22
18
6
42
14
17
37
12
39
19
33
46
28
23
40
31
11
9
50
4
8
15
45
27
21
25
38
8
11
49
9
42
7
4
45
21
43
5
10
50
19
29
44
1
26
18
35
46
40
30
12
16
41
20
36
15
27
33
32
34
3
39
13
31
22
23
47
37
6
17
28
38
2
24
25
48
14
9
7
24
1
3
5
12
37
10
35
50
11
45
44
26
46
14
16
29
39
32
47
8
15
40
36
21
41
2
23
22
18
6
28
43
17
33
20
48
27
31
38
13
25
4
30
42
49
34
19
24
26
5
28
4
15
30
21
14
2
48
12
42
20
50
29
47
39
8
19
6
11
37
7
33
34
32
38
18
45
13
36
43
10
25
1
22
23
16
40
17
9
46
27
35
41
44
3
31
49
