49
37
44
36
26
22
23
46
48
15
40
2
33
42
47
25
4
29
43
17
20
7
19
35
6
16
30
10
31
21
27
13
45
5
41
39
28
14
50
18
11
1
24
34
9
32
38
12
3
8
28
38
43
17
22
45
1
6
12
47
8
9
4
25
3
5
20
27
37
21
40
41
13
31
10
49
46
2
14
24
26
16
30
35
29
42
32
33
19
39
48
34
11
18
7
44
50
23
15
36
25
13
1
32
20
47
45
3
40
5
29
17
18
12
10
49
43
36
6
15
30
31
14
2
27
22
19
39
26
46
8
50
41
23
35
11
37
9
28
38
33
44
21
42
16
34
48
4
24
7
12
49
19
23
43
17
31
44
29
20
37
34
5
13
39
21
38
45
36
24
33
9
42
28
3
26
16
50
8
32
30
25
4
47
14
18
48
41
15
35
6
22
2
46
40
1
7
11
27
10
44
32
38
29
21
12
11
9
13
25
34
43
22
40
19
48
3
41
27
1
39
26
36
47
15
35
7
28
37
5
24
49
23
14
42
10
50
8
17
46
4
30
31
20
18
2
33
45
6
16
42
10
40
45
12
25
22
4
28
1
18
24
43
8
11
37
19
33
35
46
16
14
3
30
31
20
39
44
48
26
29
9
21
32
38
2
17
5
13
6
49
27
47
7
50
41
34
15
36
23
50
33
37
15
13
24
38
36
25
10
32
30
6
27
22
19
8
35
41
3
21
16
18
45
34
31
12
40
5
20
44
1
47
26
11
28
46
42
49
43
29
14
7
4
17
48
23
39
2
9
26
4
23
41
17
13
16
31
32
24
36
48
27
3
12
45
14
40
7
8
11
35
21
6
1
50
10
33
47
43
15
37
39
2
9
30
44
34
18
42
25
49
38
22
5
28
29
19
46
20
23
28
32
50
15
39
35
22
19
44
11
5
49
29
45
1
17
6
2
31
18
4
26
37
13
9
34
47
38
30
7
42
40
20
48
16
14
10
12
3
43
24
25
41
8
36
21
46
33
27
4
29
47
18
1
32
26
40
11
31
30
35
48
46
25
13
45
14
33
37
36
22
24
41
38
10
43
23
21
15
3
28
42
27
5
20
19
12
7
34
50
39
16
9
6
49
2
44
8
17
30
6
16
31
23
5
21
15
10
43
39
40
17
26
36
41
32
42
50
14
22
12
33
18
8
28
4
46
7
11
19
47
13
24
3
27
49
1
2
9
44
35
29
37
48
38
45
34
20
25
15
39
30
25
33
35
29
13
44
4
16
6
21
5
40
2
18
22
47
36
48
24
20
32
45
23
11
38
50
41
17
19
14
37
34
46
10
27
3
31
7
8
1
12
49
9
43
28
42
26
2
12
15
5
7
1
49
42
4
17
31
25
11
33
27
18
37
28
30
23
34
3
43
16
46
40
6
35
22
48
39
38
9
8
47
36
45
13
20
44
19
41
32
29
21
24
14
26
10
50
31
17
6
27
38
36
44
48
37
33
13
19
20
11
28
16
15
43
4
12
10
50
40
24
42
25
35
32
34
9
18
21
1
30
2
3
8
7
14
26
39
23
45
47
29
46
41
22
49
5
3
46
29
24
11
34
10
26
18
36
25
42
28
49
4
14
6
23
16
32
7
48
15
5
2
37
50
8
41
38
40
35
44
17
13
43
9
30
33
27
1
21
19
39
47
31
12
20
22
45
46
27
17
6
36
9
19
29
20
49
21
23
30
2
16
47
28
48
42
38
15
13
31
4
7
34
45
22
18
25
50
10
33
43
32
8
40
37
44
1
14
5
39
24
11
26
3
35
41
12
16
8
2
21
44
49
32
14
41
18
10
37
26
22
6
33
46
34
38
30
12
15
7
40
11
39
27
9
4
31
28
45
3
29
23
48
42
17
47
36
20
19
35
13
24
25
5
50
1
43
47
50
42
12
10
33
20
2
22
39
1
8
32
37
17
40
49
18
9
7
41
38
34
21
24
13
23
36
28
6
31
44
5
45
16
29
25
48
4
15
3
43
26
30
46
19
35
27
14
11
10
30
8
40
47
11
6
38
9
13
14
4
35
7
42
46
24
21
12
49
37
44
1
20
5
18
17
31
2
22
25
48
27
34
33
15
39
28
36
50
26
45
3
23
19
43
16
29
32
41
6
22
20
26
4
43
50
34
23
12
28
14
39
21
29
8
48
7
31
27
19
25
11
46
44
3
18
24
35
1
9
41
32
36
17
33
30
38
37
2
10
15
5
49
13
42
47
16
45
40
22
35
27
11
9
18
2
7
43
3
33
29
38
45
8
17
12
24
15
6
49
1
39
42
21
41
36
13
10
19
20
30
25
44
26
23
4
31
40
5
47
32
14
16
37
50
46
48
28
34
45
40
41
8
18
46
48
24
2
42
26
16
29
28
23
15
10
31
13
25
1
19
5
9
43
32
49
27
39
34
36
33
38
50
22
35
7
47
30
17
21
11
37
6
44
12
20
14
4
3
34
25
21
33
29
31
42
37
45
41
12
7
14
16
24
11
26
32
19
50
46
5
22
10
39
48
3
18
27
44
49
20
8
40
30
6
1
35
43
4
36
13
9
15
23
17
28
47
38
2
13
31
48
14
37
28
25
43
36
32
19
39
12
9
20
50
34
8
24
42
47
45
44
23
4
11
5
16
1
35
10
27
17
6
21
38
26
49
46
29
15
40
22
33
2
3
18
41
7
30
33
24
31
4
50
27
14
5
3
38
17
13
16
47
49
26
40
46
48
11
45
36
9
25
20
29
28
37
30
42
23
6
2
19
15
7
35
32
39
12
41
10
8
43
34
22
1
21
18
44
19
9
11
34
6
38
27
39
42
7
23
21
24
31
15
4
30
49
14
20
26
32
47
8
36
46
33
17
25
50
1
43
35
22
12
41
18
16
29
10
40
3
44
45
28
37
13
2
5
48
35
5
10
16
39
42
40
28
31
37
38
18
13
23
32
20
41
44
46
9
8
17
25
33
48
30
26
11
19
29
14
15
49
12
7
4
21
2
27
22
45
36
34
3
1
47
6
43
50
24
20
23
45
10
41
48
17
33
1
30
4
38
44
34
35
28
42
15
3
18
43
21
6
39
32
24
13
29
12
7
5
8
37
11
50
40
47
26
22
14
2
46
36
19
25
27
49
9
16
31
18
42
12
47
8
19
24
41
38
45
3
32
34
4
7
27
39
20
11
40
17
28
2
14
37
44
9
26
43
49
46
22
16
21
10
50
5
36
1
33
23
25
6
48
30
15
31
13
35
29
17
36
7
13
2
8
34
23
27
26
41
44
31
38
1
30
11
47
39
43
24
33
12
3
35
14
37
5
20
18
48
4
28
42
40
49
16
15
45
19
46
29
50
32
22
21
25
10
9
6
32
18
9
7
25
10
46
11
50
28
27
45
37
6
44
34
16
30
22
2
4
43
35
38
41
12
29
49
24
36
42
14
15
48
19
47
3
21
5
23
13
31
33
17
20
39
8
40
26
1
5
19
34
30
48
40
28
20
15
9
7
33
1
14
18
36
22
12
49
47
35
10
45
29
26
43
24
21
3
16
37
17
50
38
6
44
2
46
25
13
27
4
23
31
41
11
32
8
39
42
48
2
22
37
35
50
8
49
39
34
43
47
40
41
31
23
7
17
26
10
25
20
38
13
9
19
1
45
29
28
11
3
46
4
44
14
27
6
24
30
16
42
18
21
32
5
36
33
12
15
21
3
33
20
19
37
39
17
47
50
24
36
9
32
46
6
5
38
40
28
42
49
27
43
18
45
14
15
23
10
2
11
7
13
8
25
41
44
26
48
34
12
30
35
31
16
22
1
29
4
27
45
25
49
31
23
7
12
46
14
15
26
10
30
5
22
9
4
17
33
13
34
50
44
19
42
47
48
6
39
38
40
29
41
1
32
11
3
21
24
8
16
28
2
36
20
37
18
43
35
43
21
46
19
24
44
47
1
33
40
2
50
41
36
14
35
27
13
10
48
9
6
32
26
22
5
31
12
49
4
34
29
18
16
37
45
38
25
8
28
42
7
20
11
3
23
15
30
17
39
14
48
3
39
28
26
36
47
16
27
49
41
15
18
43
24
31
50
25
13
5
42
46
34
30
38
2
19
33
8
32
23
20
1
45
21
29
11
6
7
35
17
10
44
12
4
9
37
40
22
40
14
50
42
30
21
4
8
17
23
45
46
7
39
37
32
35
3
1
34
28
29
49
27
25
33
22
43
44
13
16
5
48
18
20
26
15
24
38
41
9
2
12
36
10
6
19
31
11
47
29
1
28
44
14
4
41
25
30
11
35
15
36
43
34
12
33
19
21
5
2
23
16
48
47
8
38
3
40
17
45
24
31
46
49
9
6
50
10
20
22
18
27
26
39
7
42
32
13
37
36
15
35
48
32
30
5
18
8
29
42
1
23
17
21
9
50
37
45
22
3
46
41
11
14
7
44
20
16
47
4
2
12
25
27
31
13
39
34
49
24
28
43
38
26
10
40
6
19
33
37
41
26
2
40
6
3
32
49
16
46
20
19
24
9
7
13
11
5
44
29
18
23
1
12
27
15
25
36
14
47
31
10
39
4
22
34
45
35
21
28
33
48
50
43
8
17
42
30
38
38
34
13
22
49
3
33
19
35
8
44
28
25
15
30
39
21
5
20
4
14
2
17
50
23
1
48
6
9
27
41
46
11
31
36
24
43
29
32
16
12
37
42
10
45
40
26
7
47
18
1
20
4
3
27
16
15
35
34
6
22
31
47
10
48
38
23
25
44
45
50
8
29
12
28
17
40
42
11
2
43
7
24
9
18
37
36
19
41
32
30
26
49
14
33
13
39
5
21
46
41
47
18
43
34
2
9
16
7
22
6
27
46
35
33
3
44
10
23
29
31
39
48
17
50
15
25
1
45
40
21
26
36
49
24
19
12
4
11
8
32
20
13
5
42
14
30
38
37
28
39
16
14
38
5
29
18
30
24
21
9
3
8
50
13
10
25
2
28
26
23
37
4
19
49
47
41
7
46
33
6
12
22
15
31
34
20
43
42
45
17
48
40
1
27
35
11
36
44
32
11
43
39
46
45
41
37
50
6
19
20
22
2
48
38
31
36
1
32
16
44
27
10
49
29
21
8
30
42
3
35
34
26
7
28
12
24
18
9
25
5
47
15
40
14
33
4
17
23
13
7
44
36
35
16
20
13
10
26
48
47
49
3
1
2
43
29
9
34
41
38
30
28
22
17
6
42
14
32
37
12
39
19
33
46
5
23
40
31
11
18
50
4
8
15
45
27
24
25
21
8
11
49
9
42
7
43
45
21
46
5
10
50
19
41
44
1
26
18
35
27
40
30
36
16
2
20
4
15
12
33
32
34
3
39
13
31
22
23
47
37
6
17
28
38
29
24
25
48
14
9
7
24
1
3
14
12
27
5
35
50
11
45
44
26
42
2
16
29
39
32
47
8
15
40
36
21
41
13
23
22
18
6
28
43
17
33
20
48
37
31
38
46
25
4
30
10
49
34
19
24
26
5
28
46
15
30
21
14
2
48
12
42
20
50
29
47
39
8
19
6
11
37
7
33
4
32
34
17
45
13
36
43
10
25
1
22
23
16
40
38
9
41
27
35
18
44
3
31
49
