49
37
29
36
8
22
43
46
48
15
40
2
33
42
47
25
21
35
26
17
20
7
19
12
6
4
30
10
31
28
27
13
45
5
41
39
44
14
23
18
11
1
24
34
9
32
38
16
3
50
28
40
43
17
22
45
1
6
12
47
39
9
4
16
3
5
20
27
37
21
35
41
13
31
44
49
46
11
14
24
26
2
30
25
29
42
32
38
19
33
48
34
8
18
7
10
50
23
15
36
25
13
1
32
20
47
45
3
40
5
29
17
18
12
10
49
43
36
6
15
30
31
14
2
27
22
19
39
26
46
8
50
41
23
35
11
37
9
28
38
33
44
21
42
16
34
48
4
24
7
30
49
19
23
43
17
31
44
5
20
36
34
7
13
39
21
38
45
14
24
33
9
3
28
37
26
16
50
8
32
29
25
4
47
42
18
48
41
15
35
6
22
2
46
40
1
12
11
27
10
44
32
38
29
21
12
11
9
13
43
34
28
22
40
19
48
3
41
27
1
39
26
42
47
15
35
7
5
37
36
24
49
23
14
6
10
50
8
17
46
4
2
31
20
18
30
33
45
25
16
42
10
13
45
25
37
22
4
28
1
18
24
43
8
11
35
19
33
12
3
16
14
40
30
31
20
39
32
48
26
17
9
21
46
38
2
41
5
50
6
49
27
47
7
29
44
34
15
36
23
50
33
37
15
13
24
35
36
25
10
32
30
6
27
22
19
8
38
41
9
21
16
18
45
3
31
12
28
5
20
44
1
47
26
34
40
46
42
49
43
29
14
7
4
17
48
23
39
2
11
5
4
23
41
17
13
32
31
26
24
8
48
27
3
12
45
2
14
7
22
11
35
21
6
1
50
10
33
47
43
15
37
39
44
9
16
30
34
18
42
25
49
38
40
36
28
29
19
46
20
2
28
32
50
15
14
38
35
19
44
11
36
49
22
45
1
17
6
16
31
18
4
29
37
13
9
34
47
23
30
7
42
40
20
48
5
39
10
12
3
43
24
25
41
8
26
21
46
33
27
4
39
47
18
1
32
26
40
11
31
30
35
29
46
25
13
45
8
43
37
36
22
24
17
38
10
9
23
21
48
3
28
42
27
5
14
19
12
7
34
50
41
16
15
6
49
2
44
20
33
12
6
16
31
23
39
17
15
10
40
1
43
21
26
36
41
32
5
50
14
22
20
33
18
8
28
4
46
7
11
19
47
13
24
3
27
49
35
2
9
44
30
29
37
48
38
45
34
42
25
33
38
30
25
49
35
29
13
44
4
16
6
17
5
40
37
18
22
47
36
48
15
20
32
45
23
24
2
50
41
34
19
14
21
11
46
10
27
3
39
42
8
1
12
31
9
43
28
7
26
36
12
15
5
7
1
25
42
4
17
31
49
48
33
27
18
37
28
30
46
34
3
32
43
11
2
6
35
22
21
40
16
9
8
47
50
45
13
20
44
19
23
41
29
39
24
14
26
10
38
31
17
6
40
38
36
44
48
37
33
13
19
20
29
28
16
15
43
34
12
10
50
27
24
42
25
35
4
32
9
18
21
1
30
2
3
8
7
14
26
39
11
45
47
49
46
41
22
23
5
3
46
40
24
11
34
10
26
18
36
25
42
28
49
29
14
6
23
33
32
7
48
15
5
2
37
50
8
41
38
39
35
27
17
13
43
9
30
44
12
1
21
19
16
47
31
4
20
22
45
46
27
17
6
36
9
19
29
20
49
21
23
30
2
16
47
26
48
42
38
15
44
31
4
7
40
45
22
34
25
50
10
33
43
32
8
28
37
13
1
14
5
39
24
11
18
3
35
41
12
16
8
2
21
44
49
13
14
41
18
10
37
26
11
6
33
46
31
38
30
12
25
7
40
34
39
27
9
4
15
28
45
3
32
23
48
42
17
47
36
20
19
35
22
24
29
5
50
1
43
47
50
42
12
10
33
20
2
22
39
37
8
32
36
17
40
49
3
9
11
41
38
34
21
24
13
23
18
28
6
31
44
5
45
16
29
25
48
4
15
7
43
26
30
46
19
35
27
14
1
10
30
8
27
47
11
6
38
9
12
14
4
35
7
42
2
24
21
36
49
37
13
1
20
46
18
17
31
39
22
25
48
44
34
33
15
40
28
5
50
26
45
3
23
19
43
16
29
32
41
26
22
20
48
4
43
50
34
23
16
28
25
39
14
44
30
7
29
31
27
19
8
11
46
10
3
18
24
35
1
9
41
32
6
17
33
21
36
37
2
38
15
5
49
13
42
47
12
45
40
22
35
27
11
9
18
2
7
43
3
33
29
38
45
8
17
12
24
15
6
49
1
39
42
21
16
36
13
10
19
20
30
25
41
26
23
4
31
40
5
47
32
14
44
37
50
46
48
28
34
45
29
41
8
18
46
48
24
2
42
26
16
31
28
23
15
10
40
4
25
1
19
5
9
43
32
49
27
13
34
36
33
38
50
22
35
7
47
30
17
21
39
37
6
44
12
20
14
11
3
34
25
21
26
29
31
42
16
45
41
12
7
14
24
37
11
48
32
19
50
46
5
22
10
39
15
3
44
27
35
49
20
8
40
30
6
1
33
43
4
36
18
9
13
23
17
28
47
38
2
13
15
48
14
37
28
16
43
36
32
7
39
12
9
20
50
34
19
24
42
47
45
44
23
4
11
5
25
1
31
10
27
17
35
21
38
26
49
46
29
8
40
22
33
2
3
18
41
6
30
29
1
31
4
12
27
14
5
3
38
17
40
16
47
49
26
33
46
48
8
45
24
9
25
20
34
28
37
30
42
23
6
2
19
15
7
35
32
39
21
41
13
11
43
50
22
36
10
18
44
23
9
11
34
6
38
27
39
42
7
19
14
24
31
15
4
30
49
1
20
26
32
47
8
36
46
33
17
25
50
22
43
35
37
12
28
18
16
29
10
40
3
44
45
21
41
13
2
5
48
35
5
10
16
39
42
21
28
31
37
38
18
13
23
32
20
41
44
46
26
8
17
25
33
48
30
11
40
19
29
14
15
49
12
7
4
27
2
9
22
45
36
34
3
1
47
6
43
50
24
20
23
45
10
41
48
40
33
1
30
4
38
44
34
35
28
42
15
3
18
43
21
6
39
32
24
13
29
12
7
5
8
37
11
50
36
47
26
22
14
9
46
27
19
25
2
49
17
16
31
18
42
12
47
50
19
33
41
38
45
3
21
34
4
7
8
39
20
11
40
9
28
2
14
17
44
32
26
43
49
46
31
16
36
10
37
5
24
1
27
23
25
6
48
30
15
22
13
35
29
17
31
7
13
2
8
34
23
27
26
41
44
5
38
1
10
11
47
39
43
24
33
12
3
35
14
37
36
20
18
48
4
22
42
40
49
16
15
45
19
46
29
50
32
28
21
25
30
9
6
32
18
9
7
35
10
46
11
50
28
27
45
37
6
41
34
16
30
22
2
4
43
36
38
5
12
29
49
24
44
1
14
15
48
19
47
3
21
25
23
13
31
33
17
20
39
8
40
26
42
6
19
34
30
48
40
28
20
29
9
24
33
1
25
18
42
22
12
49
47
23
10
45
35
41
43
26
21
3
16
37
17
50
38
14
44
2
46
36
13
27
4
15
31
5
11
32
7
39
8
48
2
22
37
26
50
8
49
39
34
43
47
40
41
31
23
28
17
35
10
25
36
38
13
9
19
1
45
29
27
11
3
46
4
44
20
14
6
24
30
16
42
18
21
32
5
7
33
12
15
21
3
33
20
19
25
39
17
47
50
23
32
9
37
46
6
5
42
40
28
27
49
43
36
18
45
14
15
38
10
2
11
7
13
8
41
24
44
26
48
22
12
30
35
34
16
31
1
29
4
27
45
25
49
31
23
7
12
46
14
15
26
10
30
5
22
9
4
17
33
13
34
50
44
19
42
47
48
6
39
38
40
28
29
1
32
11
3
21
24
18
16
36
2
41
20
37
8
43
35
43
21
46
19
24
44
47
1
33
13
2
50
41
32
14
36
27
9
10
48
40
6
35
26
22
5
31
12
49
4
30
29
34
16
37
45
38
25
8
28
15
7
20
11
3
23
42
18
17
39
14
48
3
44
28
26
36
47
16
27
49
41
15
18
43
24
31
50
25
13
5
42
46
34
30
38
2
19
33
8
32
23
20
1
45
21
29
11
6
7
35
17
10
39
12
4
9
37
40
22
40
24
50
42
14
21
4
37
17
23
45
46
11
39
9
32
35
7
2
34
28
29
49
27
25
33
22
43
44
13
16
5
48
18
20
30
15
1
38
41
3
26
12
36
10
6
19
31
8
47
19
14
44
39
30
29
41
25
7
11
35
15
36
43
34
12
4
18
21
5
42
23
16
48
47
8
38
3
40
17
45
24
31
22
49
9
6
50
10
20
2
28
46
26
27
33
1
32
13
37
15
36
35
33
32
30
5
18
8
29
42
1
23
17
21
9
50
37
45
7
3
46
41
11
14
48
44
20
16
47
4
22
12
2
27
31
13
39
34
49
24
10
43
38
26
25
40
6
19
28
37
41
26
2
40
6
3
32
49
25
46
20
19
21
24
7
13
11
5
44
29
18
23
1
12
27
15
16
36
14
47
38
10
39
4
22
34
45
35
31
28
33
48
50
43
8
17
42
30
9
38
34
28
22
5
3
49
19
35
8
44
27
25
15
30
39
40
13
20
4
14
2
17
50
23
1
48
6
9
33
41
46
11
31
36
24
43
29
32
16
12
37
42
10
45
7
26
21
47
18
1
20
4
3
27
16
15
8
34
6
22
31
47
10
48
38
23
25
44
45
50
12
37
29
28
17
40
42
11
2
43
7
24
9
18
26
36
19
41
32
30
35
49
14
33
13
39
5
21
46
41
47
18
43
34
2
9
27
15
22
6
13
46
35
33
3
44
10
23
29
31
39
48
16
50
7
25
1
45
40
21
26
36
49
24
19
12
4
11
8
32
20
28
5
42
14
30
38
37
17
39
16
14
38
33
4
18
30
24
21
9
3
8
50
13
27
25
2
28
23
17
37
26
19
49
47
41
7
46
5
6
12
29
15
31
34
20
43
42
45
10
48
40
1
22
35
11
36
44
32
11
43
39
46
45
41
37
50
6
19
20
22
2
48
38
31
36
1
32
16
44
27
10
49
29
21
8
30
42
3
35
34
26
7
28
12
17
18
33
25
5
47
23
9
14
40
15
24
4
13
7
44
36
35
16
20
24
10
32
48
47
5
3
1
2
43
29
34
13
41
38
30
28
22
26
6
42
14
18
37
12
39
19
33
46
25
23
40
31
11
17
50
4
8
15
45
27
9
49
21
8
11
49
9
42
7
23
45
21
46
5
10
50
19
4
44
1
26
18
35
2
40
30
41
16
29
20
34
15
12
33
32
43
3
39
13
31
22
27
47
37
6
17
28
38
36
24
25
48
14
9
7
24
1
3
5
12
22
30
35
50
11
45
44
26
46
14
16
29
39
32
47
8
15
40
36
21
41
2
23
42
18
6
28
43
17
33
20
48
37
31
38
13
25
4
27
10
49
34
19
24
26
5
28
46
15
30
21
14
2
48
12
42
20
50
29
47
39
8
19
6
11
4
7
33
41
43
38
17
45
13
36
18
10
25
1
22
23
16
40
34
9
32
27
35
37
44
3
31
49
