49
37
13
36
8
22
23
46
12
15
40
2
33
42
47
25
48
29
16
17
20
7
19
35
6
4
30
10
31
28
27
44
45
5
41
39
26
14
50
18
11
1
24
34
9
32
38
43
3
21
28
40
43
17
22
45
1
6
35
47
39
9
4
11
44
5
20
27
37
21
3
41
13
31
10
49
46
38
14
24
26
16
30
2
29
42
32
33
19
12
48
34
8
18
7
25
50
23
15
36
25
13
1
32
20
47
45
3
40
5
29
17
18
12
10
49
43
36
6
15
30
31
14
2
27
22
19
39
26
46
8
50
41
23
35
11
37
9
28
38
33
44
21
42
16
34
48
4
24
7
12
49
19
23
43
17
31
44
29
20
37
34
5
13
39
21
38
45
26
24
33
9
42
28
3
7
16
50
8
32
30
25
4
46
14
18
48
41
15
35
6
22
2
47
40
1
36
11
27
10
44
36
38
29
21
12
11
9
13
43
34
25
22
40
19
48
3
41
2
1
39
26
32
47
15
35
7
28
37
5
24
49
23
14
6
10
50
8
17
46
4
30
31
20
18
27
33
45
42
16
42
10
3
45
5
37
22
4
28
44
18
24
43
8
11
50
19
33
12
46
16
14
40
30
31
20
39
32
48
26
29
9
21
25
38
2
17
1
13
6
49
27
47
7
41
35
34
15
36
23
50
33
37
15
13
24
35
36
25
10
47
30
6
27
22
19
8
38
41
3
21
16
18
45
17
31
12
40
5
20
44
1
32
26
9
28
46
42
49
43
29
14
7
4
34
48
23
39
2
11
5
4
23
41
17
13
25
31
32
24
9
48
27
3
12
45
2
8
7
26
11
35
21
18
1
50
10
33
47
43
15
37
39
44
40
6
30
34
36
16
42
49
38
14
22
28
29
19
46
20
2
28
32
50
15
39
38
22
19
16
11
5
49
36
45
1
17
6
34
31
18
4
35
37
13
9
26
47
23
30
7
42
40
20
48
14
44
10
12
3
43
24
25
41
8
29
21
46
33
27
4
29
47
18
1
32
26
40
11
31
30
35
17
46
25
13
45
14
43
37
36
22
24
41
38
10
9
23
21
48
3
28
42
27
5
20
19
12
7
34
50
39
16
15
6
49
2
44
8
33
6
39
16
31
30
18
40
15
10
23
1
43
21
26
36
41
32
42
50
14
22
12
33
17
8
28
4
46
7
11
19
47
13
24
3
27
49
5
2
9
44
35
29
37
48
38
45
34
20
25
33
38
30
25
49
35
29
13
44
4
16
6
12
5
40
37
18
22
47
36
48
24
20
32
45
23
2
11
50
41
31
19
14
21
34
46
10
27
3
42
15
8
1
39
17
9
43
28
7
26
40
12
15
5
7
1
49
42
4
17
31
38
48
33
27
18
37
28
30
23
34
3
43
6
11
16
32
35
22
50
39
46
9
8
47
25
45
13
20
44
19
41
36
29
21
24
14
26
10
2
31
17
6
27
38
36
44
48
37
33
13
19
20
47
28
16
15
43
35
12
10
50
4
24
42
25
11
34
32
9
18
21
1
30
2
3
8
7
14
26
39
23
45
40
29
46
41
22
49
5
3
46
29
24
11
34
10
26
18
36
19
42
28
49
4
27
6
23
1
32
7
48
15
5
2
37
50
8
41
38
40
35
16
17
13
43
9
30
39
33
25
21
14
44
47
31
12
20
22
45
46
27
17
6
36
9
19
29
20
49
21
23
30
2
16
47
28
48
42
38
15
13
31
4
7
26
45
22
34
25
50
10
33
43
32
8
40
37
18
1
14
5
39
24
11
44
3
35
41
12
16
8
2
21
44
49
13
14
41
18
10
37
11
29
6
33
46
31
38
30
12
25
7
40
34
39
27
9
4
15
28
45
3
47
23
48
42
17
22
36
20
19
35
32
24
26
5
50
1
43
47
1
42
12
10
33
20
2
22
39
36
8
32
37
17
40
49
3
9
7
41
38
34
21
24
13
23
44
28
6
11
31
5
45
16
29
25
48
4
15
18
43
26
30
46
19
35
27
14
50
10
30
8
40
47
11
6
38
9
12
14
4
35
7
42
36
24
21
27
49
37
15
1
20
46
18
17
31
13
22
25
48
2
34
33
5
39
28
44
50
26
45
3
23
19
43
16
29
32
41
30
22
20
26
25
43
50
34
23
7
28
14
39
16
32
4
21
10
31
27
19
8
11
46
48
29
18
24
35
1
9
41
44
6
17
33
36
38
37
2
3
15
5
49
13
42
47
12
45
40
22
35
27
11
9
14
2
7
43
3
33
29
38
45
8
17
12
24
15
6
49
44
39
42
21
1
36
13
10
19
20
30
25
41
26
23
4
31
40
5
47
32
18
16
37
50
46
48
28
34
45
31
41
8
18
46
48
24
2
42
26
16
29
28
23
15
10
40
13
25
1
19
5
9
43
32
49
27
39
34
36
33
38
50
22
35
7
47
30
17
21
11
37
6
44
12
20
14
4
3
34
6
21
48
29
31
42
16
45
41
12
7
14
25
24
11
26
32
19
50
46
5
22
10
39
33
3
2
27
44
49
20
8
40
30
15
1
35
43
4
36
37
9
13
23
17
28
47
38
18
13
15
48
14
37
28
16
19
36
32
8
39
26
9
20
43
34
50
24
42
47
45
44
23
4
11
5
25
1
12
10
27
17
35
21
38
31
49
46
29
7
40
22
33
2
3
18
41
6
30
26
24
31
4
12
27
14
5
3
38
17
40
16
21
49
2
33
46
48
8
45
1
9
25
20
34
28
37
30
42
23
6
29
19
15
50
35
32
47
39
41
13
11
43
36
22
10
7
18
44
19
9
11
34
6
38
27
39
42
1
23
28
24
31
15
14
30
49
4
20
26
32
47
8
36
46
33
17
25
21
22
43
35
37
12
7
18
16
29
10
40
3
44
45
50
41
13
2
5
48
35
48
10
16
39
42
32
28
31
40
38
18
13
23
37
20
41
44
46
11
8
17
25
33
26
30
43
5
19
29
14
15
49
12
7
4
21
2
27
22
45
36
34
3
1
47
6
9
50
24
20
23
45
10
41
48
17
33
1
30
4
36
44
34
35
28
42
15
3
18
43
21
6
39
32
24
13
29
12
7
5
8
37
11
50
40
47
26
9
14
22
46
27
19
25
2
49
38
16
31
18
42
12
47
50
19
33
41
38
45
3
21
34
4
7
8
39
20
11
40
9
28
2
14
37
44
24
26
43
49
46
22
27
32
10
16
5
36
1
31
23
25
6
48
30
15
17
13
35
29
17
32
7
13
2
8
34
23
27
26
41
44
31
38
1
30
40
5
39
43
24
33
12
3
35
14
37
36
20
18
48
4
47
42
11
49
16
15
45
19
46
29
50
22
28
21
25
10
9
6
32
18
9
7
35
10
46
11
50
28
25
45
37
6
41
34
16
30
22
2
4
43
27
38
44
12
29
49
24
36
1
14
15
48
19
47
3
21
5
23
13
31
33
17
20
39
8
40
26
42
29
19
34
30
48
40
28
20
15
9
7
33
1
41
18
26
22
12
14
47
35
10
45
36
5
43
6
21
3
16
37
17
50
38
42
44
2
46
25
13
27
4
23
31
49
11
32
24
39
8
48
2
22
37
23
50
8
49
39
34
43
47
40
14
31
35
11
18
36
10
25
20
38
13
9
3
1
45
29
27
17
26
46
4
44
41
28
6
24
30
16
42
19
21
32
5
7
33
12
15
21
3
33
20
19
25
39
17
47
50
24
32
9
22
46
6
5
34
40
28
23
49
37
43
41
45
14
15
18
10
2
11
7
13
8
36
27
44
26
48
38
12
30
35
31
16
42
1
29
4
36
45
25
49
31
23
7
12
46
14
15
26
10
30
5
22
9
4
17
33
13
34
50
44
19
42
47
48
6
39
38
40
28
29
1
32
11
3
21
24
8
16
41
2
27
20
37
18
43
35
43
21
46
19
24
44
47
1
33
13
2
50
41
32
14
42
27
35
10
48
40
6
36
26
22
5
31
12
49
4
34
29
18
16
37
45
38
25
8
28
9
7
20
11
3
23
15
30
17
39
14
50
44
39
28
26
36
47
16
27
49
41
15
18
43
24
31
7
25
13
5
42
3
34
30
38
48
19
33
2
32
23
20
1
45
21
29
11
6
8
35
17
10
46
12
4
9
37
40
22
23
5
50
42
14
21
4
8
17
37
45
46
7
39
3
32
35
9
33
34
28
29
49
27
25
40
22
43
44
13
16
2
48
18
20
30
15
24
38
41
1
26
12
36
10
6
19
31
11
47
27
14
28
44
33
29
41
25
7
11
35
15
36
43
34
12
4
19
21
5
42
23
16
48
47
8
38
3
40
17
45
24
31
22
49
9
6
50
10
20
2
18
46
26
39
30
1
32
13
37
15
25
35
33
32
30
5
18
8
29
42
1
23
17
21
9
50
37
45
22
2
46
41
11
14
48
44
20
16
47
4
3
12
36
27
31
13
39
34
49
24
10
43
38
26
7
40
6
19
28
37
41
26
2
40
6
3
32
49
25
46
20
19
24
9
7
13
11
5
44
29
18
23
1
12
27
15
16
36
14
47
38
10
39
4
22
34
45
35
21
28
33
48
50
43
8
31
42
30
17
38
34
40
22
46
3
21
27
48
8
44
49
25
15
30
39
7
13
20
4
14
2
17
50
23
19
35
6
9
33
41
5
11
31
36
24
43
29
32
37
12
28
42
10
45
18
26
16
47
1
1
20
4
3
27
16
15
35
34
6
22
31
47
10
48
38
23
25
44
45
50
36
26
29
28
17
40
42
11
8
43
7
24
9
18
37
14
19
41
32
30
2
49
12
33
13
39
5
21
46
41
47
18
43
34
2
9
10
26
22
6
27
46
35
33
3
44
17
23
29
31
39
48
16
50
15
25
1
45
40
21
13
36
49
24
19
12
4
11
7
32
20
28
5
42
14
30
8
37
38
39
16
14
38
26
4
18
30
24
21
27
3
8
50
13
23
25
2
28
9
17
37
29
19
49
47
41
7
46
35
6
12
22
15
31
34
20
43
42
45
10
48
40
1
5
33
11
36
44
32
11
43
39
46
45
41
37
50
6
19
20
22
2
48
38
31
36
1
32
16
44
27
10
49
29
21
8
30
42
3
35
34
26
7
28
12
24
18
33
25
5
47
15
9
14
40
4
17
23
13
7
44
36
35
16
20
24
43
5
48
32
13
3
1
2
10
29
47
49
41
38
30
28
22
18
6
42
14
17
37
12
39
19
33
46
26
23
40
31
11
34
50
4
8
15
45
27
21
25
9
8
11
49
9
42
7
43
45
21
46
5
10
50
19
29
44
1
26
18
35
27
40
30
12
16
2
20
4
15
31
33
32
34
3
39
13
41
22
23
47
37
6
17
28
38
36
24
25
48
14
9
7
24
1
3
5
12
37
30
35
50
11
45
44
26
46
14
16
29
39
32
47
8
15
40
36
21
41
2
23
42
18
6
28
43
17
33
20
48
27
31
38
13
25
4
10
22
49
34
19
24
26
5
28
4
15
30
21
14
2
48
12
42
20
50
29
47
39
8
19
6
11
46
7
33
41
34
18
38
45
13
36
43
10
25
1
22
23
16
40
17
9
32
27
35
37
44
3
31
49
