49
37
13
36
12
22
23
46
35
15
40
2
33
42
47
25
48
29
16
17
20
7
19
44
6
4
30
10
31
21
27
26
45
5
41
39
28
14
50
18
11
1
24
34
9
32
38
43
3
8
28
38
43
17
22
45
1
6
12
47
25
9
4
39
3
5
20
27
37
21
40
41
13
31
11
49
46
44
14
24
26
2
30
35
29
42
32
33
19
16
48
34
8
18
7
10
50
23
15
36
25
13
1
32
20
47
45
3
40
5
29
17
18
12
10
49
43
36
6
15
30
31
14
2
27
22
19
11
26
46
8
50
41
23
35
28
37
9
39
38
33
44
21
42
16
34
48
4
24
7
30
49
19
23
43
17
31
44
3
20
7
34
12
13
39
21
38
45
36
24
33
9
37
28
14
26
16
50
8
32
29
25
4
47
42
18
48
41
15
35
6
22
2
46
40
1
5
11
27
10
44
32
47
29
21
12
11
9
13
25
34
5
22
40
19
48
3
41
43
1
39
26
27
36
15
35
7
38
37
28
24
49
23
14
6
10
50
8
17
46
4
2
31
20
18
30
33
45
42
16
42
10
40
45
25
37
22
4
28
1
18
24
43
8
11
35
19
33
12
46
16
14
3
30
31
20
39
32
48
26
17
9
21
29
38
2
44
5
13
6
49
27
47
7
50
41
34
15
36
23
50
33
37
15
13
24
49
36
25
10
32
30
6
27
22
19
8
35
41
9
21
16
18
45
3
31
12
28
5
20
44
1
47
26
11
34
46
42
40
43
29
14
7
4
17
48
23
39
2
38
40
4
23
41
17
13
16
31
32
24
8
48
27
3
12
45
2
14
7
26
11
35
21
6
1
50
10
33
47
43
15
37
39
22
9
5
30
34
18
42
25
49
38
44
36
28
29
19
46
20
23
28
32
50
15
49
38
16
19
44
11
36
5
22
45
1
17
6
2
31
18
4
35
37
13
9
26
47
34
30
7
42
40
20
48
14
39
10
12
3
43
24
25
41
8
29
21
46
33
27
4
15
29
18
1
32
26
40
11
31
30
35
48
46
25
13
45
17
14
37
36
22
24
47
38
10
43
23
21
8
3
28
42
27
5
41
19
12
7
34
50
39
16
9
6
49
2
44
20
33
12
16
30
31
5
39
18
15
10
40
1
43
21
26
36
41
32
42
50
14
22
20
33
17
8
28
4
46
7
11
19
47
13
24
3
27
49
35
2
9
44
23
29
37
48
38
45
34
6
25
33
24
38
25
49
35
29
13
44
4
16
6
17
5
40
37
18
22
47
36
48
15
20
32
45
23
11
39
50
41
30
19
14
2
34
46
10
27
3
21
42
8
1
12
31
9
43
28
7
26
6
12
15
5
7
1
25
42
4
17
31
21
49
33
27
18
37
28
30
23
38
3
40
43
46
2
48
35
22
36
39
16
9
8
47
11
45
13
20
44
19
41
32
29
34
24
14
26
10
50
31
17
6
11
38
36
44
48
37
33
13
19
20
29
28
16
15
43
34
12
10
50
4
24
42
25
32
40
23
9
18
21
1
30
2
3
8
7
14
26
39
35
45
47
27
46
41
22
49
5
3
46
16
24
11
25
10
26
18
36
39
42
28
49
44
14
6
23
27
32
7
48
15
5
2
37
50
8
41
38
34
35
29
17
13
43
9
30
33
12
1
21
19
40
47
31
4
20
22
45
46
27
17
6
36
9
19
29
20
49
21
23
30
2
16
47
40
48
42
38
15
13
31
4
7
34
45
22
18
25
50
10
33
43
32
8
26
37
28
1
14
5
39
24
11
44
3
35
41
12
16
8
2
21
44
29
13
14
41
18
10
37
11
47
6
33
46
5
38
30
12
25
7
40
34
39
27
9
4
15
28
45
3
32
23
48
42
17
49
36
20
19
35
22
24
26
31
50
1
43
47
50
42
12
10
33
20
2
22
39
36
8
32
37
17
40
49
31
9
3
41
38
34
21
24
13
23
18
28
6
1
44
5
45
16
29
25
48
4
15
7
43
26
30
46
19
35
27
14
11
10
30
8
39
47
11
6
38
9
12
14
4
35
7
42
46
24
21
13
49
37
44
1
20
5
18
17
31
2
22
25
48
27
34
33
15
40
28
36
50
26
45
3
23
19
43
16
29
32
41
36
22
20
26
30
43
50
34
23
7
28
32
39
25
29
10
4
3
31
27
19
12
11
46
48
16
18
24
35
1
9
41
44
6
17
33
14
38
37
2
8
15
5
49
13
42
47
21
45
40
22
35
27
40
9
14
2
7
43
3
33
29
38
45
8
17
12
24
15
6
49
1
39
42
21
48
36
13
10
19
20
30
25
41
26
23
4
31
44
5
47
32
11
16
37
50
46
18
28
34
45
31
41
8
18
46
48
24
2
42
26
16
29
28
23
15
10
40
4
25
1
19
5
9
43
32
49
27
39
34
36
33
38
50
22
35
7
47
30
17
21
13
37
6
44
12
20
14
11
3
34
25
21
33
29
31
42
35
45
41
12
7
14
16
37
11
26
32
19
50
46
5
22
10
39
15
3
2
27
44
49
20
8
40
30
6
1
24
43
4
36
18
9
13
23
17
28
47
38
48
13
6
48
14
37
28
35
43
36
32
19
39
7
9
20
26
34
50
24
42
47
45
44
23
4
11
5
16
1
12
10
27
17
25
21
38
31
49
46
29
15
40
22
33
2
3
18
41
8
30
26
36
31
4
50
27
14
5
29
38
17
40
16
11
49
2
39
46
48
8
45
24
9
25
20
3
28
37
30
42
23
6
34
19
15
7
35
32
47
33
41
10
13
43
21
22
1
12
18
44
19
9
11
34
6
38
27
39
42
23
37
14
24
31
15
4
30
49
1
20
26
32
47
8
36
46
33
17
25
48
22
43
35
21
12
50
18
16
29
10
40
3
44
45
41
7
13
2
5
28
35
40
10
16
39
42
4
28
31
43
38
18
13
23
32
20
41
44
46
11
8
17
25
33
37
30
9
5
19
29
14
15
49
12
7
26
21
2
27
22
45
36
34
3
1
47
6
48
50
24
20
23
45
10
41
48
40
33
1
30
4
38
44
34
35
28
42
15
3
18
43
21
6
39
32
24
13
29
12
7
5
8
37
11
50
36
47
26
22
14
17
46
27
19
25
2
49
9
16
31
18
42
12
47
8
19
33
41
38
45
3
27
34
4
7
50
21
20
11
40
9
28
2
14
17
44
24
26
43
49
46
31
32
37
10
16
5
36
1
39
23
25
6
48
30
15
22
13
35
29
17
5
7
13
2
8
34
23
27
26
41
44
31
38
1
30
11
47
39
43
24
33
12
3
35
14
37
36
20
18
48
4
22
42
40
49
16
15
45
19
46
29
50
32
28
21
25
10
9
6
32
18
9
7
26
10
46
11
50
28
27
45
37
6
41
34
16
30
22
2
4
43
36
38
44
12
29
49
24
35
42
14
15
48
19
47
3
21
5
23
13
31
33
17
20
39
8
40
25
1
5
19
34
30
48
40
28
20
15
9
24
33
1
36
18
8
22
12
35
47
23
10
45
29
26
43
6
21
3
16
37
17
50
38
14
44
2
46
25
13
27
4
41
31
49
11
32
7
39
42
48
2
22
37
35
50
8
49
39
34
43
47
40
41
31
23
28
18
26
10
25
36
38
13
9
19
1
45
29
27
11
3
46
4
44
20
17
6
24
30
16
42
14
21
32
5
7
33
12
15
21
3
33
20
19
34
39
17
47
50
23
25
9
24
46
6
5
38
40
28
42
49
43
18
41
45
14
15
32
10
31
11
7
13
8
37
27
44
26
48
2
12
30
35
22
16
36
1
29
4
27
45
25
49
31
23
7
12
46
14
15
26
10
30
5
22
9
4
17
33
13
34
50
41
19
42
47
48
6
39
38
40
28
44
1
32
11
3
21
24
18
16
36
2
29
20
37
8
43
35
43
21
46
19
24
44
47
1
33
13
2
50
41
32
14
36
27
9
10
48
35
6
42
26
22
5
31
12
49
4
40
29
18
16
37
45
38
25
8
28
34
7
20
11
3
23
15
30
17
39
14
48
3
44
28
26
36
47
16
27
49
41
15
18
43
24
31
8
25
13
5
42
46
34
30
38
2
19
33
50
32
23
20
1
45
21
29
11
6
7
35
17
10
39
12
4
9
37
40
22
2
39
50
42
4
21
24
8
17
37
45
46
26
14
9
32
35
7
33
34
28
29
49
27
25
40
22
43
44
13
16
5
48
18
20
30
15
1
38
41
3
11
12
36
10
6
19
31
23
47
29
1
44
27
14
4
41
25
7
11
35
15
36
43
34
12
33
19
21
5
2
23
16
48
47
8
38
3
40
17
45
24
31
46
49
9
6
50
10
20
22
30
28
26
39
18
42
32
13
37
15
14
35
48
32
30
5
18
8
29
42
1
23
17
21
9
50
37
45
7
3
46
41
11
10
33
44
20
16
47
4
22
12
36
27
31
13
39
34
49
24
28
43
38
26
25
40
6
19
2
37
41
26
2
40
6
3
32
49
16
46
20
19
21
24
7
13
11
5
44
29
18
23
1
12
27
15
25
36
14
47
38
10
39
4
22
34
45
35
31
28
33
48
50
43
8
17
42
30
9
38
34
28
22
33
3
21
19
48
8
44
49
25
15
30
39
7
13
20
4
14
2
17
50
23
1
35
6
9
5
41
46
11
31
36
24
43
29
32
27
12
37
42
10
45
40
26
16
47
18
1
20
4
3
27
16
15
37
34
6
22
31
47
10
48
38
23
25
44
45
50
8
29
35
28
17
40
42
11
2
43
7
24
9
18
12
36
19
41
32
30
26
49
14
33
13
39
5
21
46
41
47
18
43
34
2
9
27
26
22
6
28
46
35
33
3
44
10
23
29
31
39
48
16
50
7
25
1
45
40
21
13
36
49
24
19
12
4
11
8
32
20
15
5
42
14
30
38
37
17
39
29
14
38
23
18
17
30
24
21
9
3
8
50
13
27
25
2
28
22
34
37
26
19
49
47
41
7
46
33
6
12
16
15
31
4
20
43
42
45
10
48
40
1
5
35
11
36
44
32
11
43
39
46
45
41
37
50
6
19
20
22
2
48
38
31
36
1
32
16
44
27
10
49
29
21
8
30
42
3
35
34
26
7
28
40
24
18
9
25
5
47
23
15
14
33
12
17
4
13
7
44
36
35
16
20
32
10
5
48
47
13
3
1
2
43
29
34
49
41
17
30
28
22
18
6
42
14
38
37
12
39
19
33
46
25
23
40
31
11
9
50
4
8
15
45
27
24
26
21
8
11
49
9
42
7
43
45
21
46
5
10
50
19
4
44
1
26
18
35
27
40
30
12
16
29
20
34
15
31
33
32
2
3
39
13
41
22
23
47
37
6
17
28
38
36
24
25
48
14
9
7
24
1
3
5
12
22
30
35
50
11
45
44
26
42
14
16
29
39
32
47
8
15
40
36
21
41
13
23
2
18
6
28
43
17
33
20
48
37
31
38
46
25
4
27
10
49
34
19
24
26
5
28
46
15
30
21
14
2
48
12
42
20
50
29
47
39
8
19
6
11
32
7
33
41
34
4
17
45
13
36
43
10
25
1
22
23
16
40
38
9
18
27
35
37
44
3
31
49
