49
37
29
36
23
22
21
46
48
15
40
2
33
42
47
25
26
28
43
17
20
7
19
35
6
4
30
10
31
8
27
38
45
5
41
39
44
14
13
18
11
1
24
34
9
32
12
16
3
50
28
49
43
17
22
45
1
6
35
47
39
9
4
16
3
5
20
27
37
21
40
41
13
31
10
33
46
11
14
24
26
44
30
2
29
42
32
38
19
12
48
34
8
18
7
25
50
23
15
36
25
13
1
32
20
47
45
3
40
5
29
17
18
12
10
49
43
36
6
15
30
31
14
2
27
22
19
39
26
46
8
50
41
23
35
11
37
9
28
38
33
44
21
42
16
34
48
4
24
7
29
5
19
23
43
17
31
44
12
20
37
34
7
13
39
21
38
45
36
24
33
9
3
28
26
49
16
50
8
32
30
25
4
47
14
18
48
41
15
35
6
22
2
46
40
1
42
11
27
10
44
32
38
29
21
12
11
9
13
43
34
5
22
40
19
48
3
41
2
1
39
26
42
47
15
35
7
28
37
36
24
49
23
14
6
10
50
8
17
46
4
30
31
20
18
27
33
45
25
16
42
10
13
45
12
25
22
4
28
44
18
24
43
8
11
46
19
33
1
3
16
14
37
30
31
20
39
40
48
26
29
9
21
32
38
2
17
5
50
6
49
27
47
7
41
35
34
15
36
23
50
33
37
15
13
24
35
36
25
10
32
30
6
27
22
19
8
34
41
49
21
16
18
45
3
31
12
38
5
20
44
1
47
26
9
14
46
42
40
43
29
28
7
4
17
48
23
39
2
11
2
4
23
41
17
13
25
31
32
24
8
48
27
3
12
45
14
19
7
26
11
35
21
6
1
50
10
33
47
43
15
37
39
44
40
36
30
34
9
16
42
49
38
22
5
28
29
18
46
20
5
28
32
50
15
49
38
22
19
23
11
35
9
36
45
1
17
6
14
31
18
4
26
37
13
29
34
47
2
30
7
42
40
20
48
16
39
10
12
3
43
24
25
41
8
44
21
46
33
27
4
39
47
18
1
32
26
8
11
31
30
43
29
46
25
13
45
14
33
37
36
22
24
17
38
10
9
23
21
15
3
28
42
27
5
41
19
12
7
34
50
35
16
40
6
49
2
44
20
48
30
16
40
31
35
39
43
15
10
6
23
21
17
26
36
41
32
5
50
14
22
20
33
12
8
28
4
46
7
11
19
47
13
24
3
27
49
1
2
9
44
18
29
37
48
38
45
34
42
25
33
38
30
25
49
35
29
13
44
4
16
6
21
5
40
31
18
22
47
36
48
1
20
32
45
23
24
2
50
41
17
19
14
37
34
46
10
27
3
42
15
8
11
12
39
9
43
28
7
26
6
12
15
5
7
1
49
42
4
17
36
25
48
33
27
18
37
31
30
23
38
3
40
43
46
16
11
35
22
21
34
2
9
8
47
28
45
13
20
44
19
41
32
29
50
24
14
26
10
39
31
17
6
40
38
36
44
48
37
33
13
19
20
47
28
16
15
43
34
12
10
50
29
24
42
25
35
4
49
9
18
21
1
30
2
3
8
7
14
26
39
23
45
32
27
46
41
22
11
5
3
46
16
24
11
29
10
26
18
36
25
42
28
49
4
14
6
23
12
32
7
48
15
5
2
37
50
8
41
38
40
35
27
17
13
43
9
30
39
33
34
21
19
44
47
31
1
20
22
45
46
27
17
6
36
9
19
29
20
49
21
23
30
2
16
47
40
48
42
38
15
13
31
4
7
34
45
22
18
25
50
10
33
43
32
8
28
37
44
1
14
5
39
24
11
26
3
35
41
12
16
8
2
21
44
34
32
14
41
18
10
37
26
22
6
33
46
47
38
30
12
15
7
40
11
39
27
9
4
31
28
45
3
25
23
48
42
17
49
36
20
19
35
13
24
29
5
50
1
43
47
36
42
12
10
33
20
2
22
39
1
8
32
37
17
40
49
50
9
11
41
38
34
21
24
13
23
44
28
6
31
3
5
45
16
29
25
48
4
15
7
43
26
30
46
19
35
27
14
18
10
30
8
39
47
11
6
38
9
13
14
4
35
7
42
2
24
21
27
46
37
12
1
20
5
18
17
31
32
22
25
48
44
34
33
15
40
28
36
50
26
45
3
23
19
43
16
29
49
41
12
22
20
26
30
43
50
34
23
16
28
32
39
21
44
8
4
10
31
27
19
25
11
46
48
7
18
24
35
1
9
41
29
6
17
33
14
36
37
2
3
15
5
49
13
42
47
38
45
40
22
35
27
11
9
14
2
7
43
3
33
29
38
45
8
17
12
24
15
6
49
44
39
42
21
40
36
13
10
19
20
30
25
41
26
23
4
31
18
5
47
32
1
16
37
50
46
48
28
34
45
40
41
8
18
46
48
24
2
42
26
16
31
28
23
15
10
29
13
25
1
19
5
9
43
32
49
27
39
34
36
33
38
50
22
35
7
47
30
17
21
11
37
6
44
12
20
14
4
3
34
24
21
44
29
31
42
16
45
41
12
7
14
25
37
11
48
32
19
50
46
5
22
10
39
26
3
18
27
33
49
20
8
40
30
6
1
35
43
4
36
13
9
15
23
17
28
47
38
2
13
15
48
14
37
28
16
19
36
32
31
39
12
9
20
43
34
7
24
42
47
45
44
23
4
11
5
25
1
50
10
27
17
35
21
38
26
49
46
29
8
40
22
33
2
3
18
41
6
30
36
1
31
4
50
27
14
5
29
38
17
40
16
11
49
26
33
46
48
8
45
24
9
25
20
3
28
37
30
42
23
6
2
19
15
34
35
32
47
39
41
10
13
43
21
22
7
12
18
44
23
9
11
34
6
38
27
39
42
37
19
14
24
31
15
50
30
49
4
20
26
32
47
8
36
46
33
17
25
48
1
43
35
22
12
7
18
16
29
10
40
3
44
45
28
41
13
2
5
21
35
48
10
16
39
42
40
28
31
11
38
18
13
23
32
20
41
44
46
9
8
17
25
33
37
30
26
5
19
29
14
15
49
12
7
4
21
2
27
22
45
36
34
3
1
47
6
43
50
24
20
23
45
10
41
48
17
33
1
30
4
38
44
34
35
28
42
15
3
18
43
21
27
39
32
24
13
29
12
7
5
8
37
11
50
40
47
26
22
14
2
46
36
19
25
6
49
9
16
31
18
42
12
47
8
19
33
41
38
45
3
27
34
4
7
37
39
20
11
40
9
28
2
14
17
44
32
26
43
49
46
16
22
21
10
50
5
24
1
31
23
25
6
48
30
15
36
13
35
29
17
31
7
13
2
8
34
23
27
26
41
44
5
38
1
30
28
40
39
43
24
33
12
3
35
14
37
36
20
18
48
4
32
42
11
49
16
15
45
19
46
29
50
47
22
21
25
10
9
6
32
18
9
7
25
10
46
11
50
28
27
45
37
6
41
34
16
30
22
2
4
43
36
38
44
12
29
49
24
35
42
14
15
48
19
47
3
21
5
23
13
31
33
17
20
39
8
40
26
1
26
19
34
30
48
40
28
20
15
9
7
33
1
29
18
35
22
12
16
47
23
10
45
36
41
43
6
21
3
5
37
17
50
38
42
44
2
46
25
13
27
4
14
31
49
11
32
24
39
8
48
2
22
37
3
50
8
49
39
34
43
47
40
14
31
27
7
18
35
10
25
36
38
13
9
19
1
45
29
28
11
26
46
4
44
20
41
6
24
30
16
42
23
21
32
5
17
33
12
15
21
3
33
20
19
37
39
17
47
50
24
36
41
32
46
6
5
9
40
28
42
49
43
18
34
45
14
15
23
10
2
11
7
13
8
25
27
44
26
48
38
12
30
35
31
16
22
1
29
4
27
45
25
49
31
23
7
12
46
14
15
26
10
30
5
22
9
4
17
33
13
34
50
44
19
42
47
48
6
39
38
40
28
29
1
32
11
3
21
24
18
16
41
2
36
20
37
8
43
35
43
21
46
19
24
44
47
1
33
40
2
50
49
41
14
36
27
13
10
48
35
6
32
26
22
5
31
12
34
4
39
29
18
16
37
45
38
25
8
28
9
7
20
11
3
23
15
30
17
42
14
50
3
48
28
26
36
47
16
27
49
41
15
18
43
24
31
8
25
13
5
42
46
34
30
38
2
19
33
44
32
23
20
1
45
21
29
11
6
7
35
17
10
39
12
4
9
37
40
22
40
6
50
42
4
21
23
37
17
7
45
46
11
39
24
32
35
3
26
34
28
29
49
27
25
9
22
43
44
13
16
5
48
18
20
30
15
33
38
41
1
14
12
36
10
2
19
31
8
47
19
14
44
27
33
18
41
25
30
1
35
15
36
43
34
12
11
42
21
5
2
23
16
48
47
8
38
3
40
17
45
24
31
46
49
9
6
50
10
20
22
39
28
26
29
7
4
32
13
37
15
25
35
33
32
30
5
18
8
29
42
1
23
17
21
9
50
37
45
7
3
46
41
11
14
48
44
20
16
47
4
22
12
36
27
31
13
39
34
49
24
2
43
38
26
10
40
6
19
28
37
41
26
2
40
6
3
32
49
25
46
20
19
24
9
7
13
11
5
44
29
18
23
1
12
27
15
16
36
14
47
31
10
39
4
22
34
45
35
21
28
33
48
50
43
8
38
42
30
17
38
34
28
22
5
3
13
40
7
8
44
49
25
15
30
39
21
35
20
4
14
2
17
50
23
1
48
6
9
16
41
46
11
31
36
24
43
29
32
27
12
37
42
10
45
18
26
19
47
33
1
20
4
3
27
16
15
35
34
12
22
31
47
10
48
38
23
25
44
45
50
8
6
29
28
17
40
42
11
2
43
7
24
9
18
37
36
19
41
32
30
26
49
14
33
13
39
5
21
46
41
47
18
43
34
2
9
10
26
22
6
28
46
35
33
3
44
17
23
29
31
39
48
16
50
15
25
1
45
40
21
13
36
49
24
19
12
4
11
8
32
20
27
5
42
14
30
7
37
38
39
29
14
38
26
4
18
30
24
21
9
3
8
50
13
23
25
2
28
22
17
37
35
19
49
47
41
7
46
27
6
12
16
15
31
5
20
43
42
45
10
48
40
1
34
33
11
36
44
32
11
43
39
46
45
41
37
50
6
19
20
22
2
48
38
4
36
1
32
16
44
27
10
49
29
21
8
30
42
3
35
34
26
7
28
12
24
18
33
25
5
47
15
9
14
40
31
17
23
13
7
44
36
35
16
20
24
43
5
48
47
13
3
1
2
10
29
38
49
41
34
30
28
22
18
6
42
14
17
37
12
39
19
33
46
26
23
40
31
11
25
50
4
8
15
45
27
21
32
9
8
11
49
9
42
7
4
45
21
46
5
10
50
19
29
44
1
26
18
35
27
40
30
41
16
2
20
34
15
12
33
32
43
3
39
13
31
22
23
47
37
6
17
28
38
36
24
25
48
14
9
7
24
1
14
5
12
27
3
35
50
11
45
44
26
42
2
16
29
39
32
47
8
15
40
36
21
41
13
23
22
18
6
28
43
17
33
20
48
37
31
38
46
25
4
30
10
49
34
19
24
26
5
28
46
15
30
21
14
2
48
12
42
20
50
29
47
39
8
19
6
11
4
7
33
41
43
32
38
45
13
36
34
10
25
1
22
23
16
40
17
9
18
27
35
37
44
3
31
49
