26
39
14
15
5
18
11
8
33
13
31
44
7
25
46
12
42
17
34
35
9
6
38
24
47
23
41
4
22
49
29
28
20
40
2
30
19
10
43
36
45
3
32
37
16
48
27
1
50
21
48
37
27
10
41
20
21
7
36
46
5
26
17
50
23
44
34
32
19
30
39
29
43
1
33
28
14
3
42
45
38
12
47
2
15
25
13
4
16
31
22
40
35
8
9
11
24
49
18
6
49
35
33
27
46
25
7
43
48
1
11
13
36
26
50
28
45
8
4
39
24
21
47
41
20
32
5
18
40
16
23
9
17
10
37
12
29
6
31
44
19
15
38
30
34
22
2
3
14
42
36
23
7
22
21
3
48
29
25
39
19
6
37
18
30
14
15
11
8
50
49
34
27
33
41
16
4
45
2
20
42
44
32
5
1
40
43
28
17
46
31
13
10
26
38
47
35
9
24
12
29
17
46
25
37
24
2
5
27
22
35
23
12
34
33
49
3
43
14
13
41
47
39
36
7
9
31
38
32
10
44
50
40
16
45
1
18
30
19
28
26
11
8
15
6
42
20
48
21
4
30
19
43
3
48
46
13
27
16
6
22
40
50
10
5
8
7
26
45
23
15
37
18
47
44
31
17
34
41
32
2
38
35
42
4
49
11
21
9
24
12
39
29
33
36
1
14
28
25
20
42
29
24
50
25
9
20
44
35
33
18
22
27
19
43
3
36
38
13
15
12
31
5
21
6
46
10
47
16
28
39
26
11
30
34
45
49
8
32
37
14
48
40
2
17
7
4
41
23
1
32
40
11
6
1
14
10
15
21
36
24
28
29
48
4
17
23
46
30
12
50
5
22
49
37
45
44
25
27
18
47
39
31
9
13
42
26
20
8
38
16
7
43
34
41
33
3
19
35
2
2
30
41
24
31
39
12
32
34
38
13
45
47
44
42
27
9
1
17
25
6
7
29
26
11
48
46
19
5
23
35
15
14
3
18
43
36
22
20
49
37
50
28
10
4
21
40
16
8
33
1
36
23
43
18
49
4
46
26
5
38
39
2
14
25
15
8
9
7
27
40
20
37
19
13
50
16
10
35
11
21
17
24
34
41
47
33
48
3
6
30
29
12
28
31
44
32
22
42
45
23
32
13
44
16
45
22
6
7
2
47
42
3
43
10
24
28
49
39
11
34
1
48
46
40
12
50
14
30
5
31
21
15
25
36
35
4
26
33
18
41
9
27
38
20
17
37
8
19
29
43
31
2
34
4
12
9
25
17
30
33
32
45
3
15
40
48
20
28
16
18
11
10
5
19
29
37
22
14
42
27
8
38
24
46
41
6
36
1
47
44
35
50
7
26
13
21
39
49
23
47
13
6
32
39
15
23
34
46
31
8
14
25
5
27
4
24
44
49
18
42
43
9
20
28
40
48
17
12
38
10
16
37
26
7
11
1
19
2
3
50
21
22
45
33
35
29
36
30
41
18
22
32
49
10
44
14
30
2
23
17
1
40
21
7
36
29
25
35
4
27
38
33
16
15
11
42
8
31
9
34
48
26
28
47
19
39
41
50
13
3
43
6
12
37
45
5
24
20
46
5
43
4
16
19
34
49
33
10
7
42
31
48
30
9
26
32
6
25
20
38
36
46
8
23
47
35
39
18
37
3
27
2
50
40
13
41
44
24
12
29
1
45
21
14
15
22
11
28
17
44
45
39
23
20
42
35
26
11
19
21
33
6
47
24
16
13
41
36
1
14
9
17
22
31
27
49
43
4
40
8
32
48
12
29
34
50
7
46
15
2
28
37
18
25
10
30
38
5
3
17
46
48
35
15
33
3
22
39
47
25
16
30
12
49
9
10
37
42
36
45
40
32
2
21
41
38
7
8
14
20
18
19
31
24
4
27
11
13
5
28
23
26
1
29
43
44
6
34
50
41
25
31
33
44
50
32
14
22
11
40
12
18
13
2
37
4
16
10
7
36
48
1
42
9
26
34
5
6
29
19
23
43
35
8
46
17
38
27
30
15
49
21
39
3
24
28
20
45
47
24
6
49
19
45
27
18
2
20
34
41
38
10
23
36
11
17
28
31
22
44
30
42
39
1
7
43
12
46
48
40
4
33
47
21
14
9
25
15
32
8
16
13
5
50
3
26
35
29
37
12
24
3
45
32
48
17
28
47
50
16
19
13
37
41
34
2
10
15
9
7
8
21
38
26
30
27
1
43
39
36
11
4
33
42
29
14
18
35
23
40
31
20
22
49
6
46
25
44
5
21
9
38
48
33
10
6
37
29
3
43
7
15
22
12
5
27
50
40
46
1
23
41
30
16
44
36
13
28
2
24
20
18
8
11
26
35
14
25
42
49
34
31
32
19
4
45
17
47
39
9
38
26
36
49
17
28
3
1
40
4
50
24
32
34
13
41
27
21
33
25
10
23
18
43
15
39
16
19
12
45
29
7
44
35
2
47
37
6
20
42
30
11
31
22
5
8
46
48
14
20
44
17
29
50
2
31
10
9
8
26
43
35
11
6
30
5
47
46
28
33
14
13
48
34
3
7
24
21
27
4
42
45
23
12
39
37
15
22
19
32
36
16
49
40
25
41
18
1
38
13
2
9
31
11
1
42
36
37
14
7
17
46
27
45
41
50
35
29
44
19
28
8
12
10
21
33
26
34
30
48
3
16
39
32
18
22
5
38
4
25
20
24
6
47
40
49
23
43
15
8
27
22
18
6
5
34
11
42
4
15
10
28
9
21
1
25
23
12
49
37
13
24
45
14
20
2
48
39
7
16
46
36
19
3
38
31
50
30
41
47
32
17
44
35
29
43
33
26
40
34
4
5
42
43
29
25
19
15
37
50
9
38
6
44
39
47
48
32
14
22
12
16
13
46
10
24
27
1
21
28
35
30
41
20
36
8
45
7
11
17
18
49
3
23
2
33
26
40
31
46
12
1
13
40
4
45
16
44
15
28
36
19
17
20
33
14
30
24
21
43
49
26
29
22
2
3
9
48
47
6
31
42
11
25
8
7
34
37
10
18
27
23
35
5
41
38
50
39
32
3
8
40
7
26
30
5
50
49
28
14
48
34
42
16
2
37
39
38
47
20
15
25
11
35
19
1
44
10
46
17
36
41
21
9
24
23
32
12
45
4
22
33
29
13
27
6
43
31
18
35
41
8
20
28
36
27
38
18
49
9
34
39
15
37
22
31
33
16
19
3
44
50
7
24
43
12
23
25
26
32
10
6
17
30
48
42
40
45
21
5
46
1
4
11
14
47
29
2
13
45
1
42
47
14
35
16
18
3
32
37
11
33
28
19
48
12
5
26
2
46
22
31
43
4
13
8
6
38
34
41
40
21
20
49
17
25
39
10
29
36
44
7
50
24
30
23
15
27
9
7
33
44
4
47
28
30
9
31
17
29
41
11
38
32
35
49
24
6
43
10
39
3
14
36
18
40
15
20
19
13
2
50
22
5
16
45
27
21
1
48
12
46
23
8
26
34
42
37
25
25
47
15
5
7
11
33
31
12
10
34
49
43
24
1
46
35
40
23
38
29
26
28
17
3
37
21
50
36
13
18
45
9
32
14
20
48
16
44
2
27
41
39
42
30
8
19
4
6
22
14
11
19
41
3
13
36
40
38
9
12
20
5
4
8
45
16
21
48
10
23
2
35
32
39
22
18
37
49
43
7
30
25
15
50
6
24
29
26
17
34
47
42
27
28
46
1
31
33
44
11
42
47
38
17
37
26
45
28
41
49
29
9
16
31
25
40
12
2
3
4
24
6
50
30
1
13
35
23
15
43
7
34
48
22
21
32
33
39
8
46
14
5
20
44
36
18
27
10
19
19
10
18
11
42
31
37
48
24
21
3
27
1
29
28
43
30
4
50
32
16
17
20
34
49
6
26
36
15
8
12
14
22
13
39
44
38
35
41
33
23
5
47
40
2
9
25
45
46
7
27
49
37
39
13
32
40
17
30
42
46
25
8
7
48
50
22
14
20
6
35
18
4
28
45
36
15
21
26
3
33
41
29
1
44
9
12
24
34
16
38
19
2
47
10
23
31
5
11
43
16
28
21
2
34
22
50
47
14
43
36
46
44
33
38
6
39
29
41
40
30
3
12
27
5
8
9
42
17
31
1
13
49
18
48
32
20
23
11
35
24
4
19
25
45
37
10
7
15
26
28
14
50
12
29
8
44
35
41
27
10
15
23
49
17
21
46
45
33
37
5
42
40
6
32
34
25
30
24
1
26
47
39
43
31
22
3
2
4
48
20
38
36
16
18
19
7
13
9
11
4
18
36
37
9
38
43
23
13
25
2
21
42
39
47
29
44
7
5
34
26
19
49
31
48
14
20
11
45
35
50
24
8
6
27
33
30
46
28
40
1
17
3
41
12
16
15
32
22
10
40
5
45
30
12
43
39
13
23
26
1
35
22
41
29
19
33
18
27
24
31
32
34
15
50
4
11
20
3
44
9
6
46
49
16
37
21
47
36
14
7
2
25
17
48
28
42
10
38
8
37
48
25
28
8
16
15
1
32
44
6
4
49
20
26
42
21
19
3
5
47
46
45
35
38
33
29
2
11
41
14
43
23
27
10
31
34
17
40
22
13
24
18
9
7
39
50
12
36
30
33
20
35
40
22
19
1
24
50
12
23
30
32
31
14
10
18
3
11
26
2
16
36
9
8
39
45
28
29
17
46
34
44
37
38
7
15
13
5
25
21
6
41
43
42
49
48
47
4
27
10
15
34
8
38
41
47
49
5
45
32
18
26
2
11
20
6
31
43
48
21
35
14
37
29
17
23
33
13
24
30
22
27
4
19
3
28
1
42
50
9
25
44
46
39
12
16
40
7
36
38
26
30
17
36
7
24
12
45
35
48
47
4
8
39
18
20
2
1
42
28
41
11
40
27
49
22
46
44
50
25
19
3
29
33
15
5
31
23
43
6
10
9
14
21
34
13
37
32
16
50
7
16
14
27
47
38
20
19
24
45
37
31
40
35
32
26
22
44
29
13
4
2
23
12
25
30
41
33
6
15
1
5
36
17
28
46
42
49
9
10
8
48
11
43
18
39
21
3
34
22
3
29
46
23
21
8
41
6
18
30
24
14
1
13
38
43
36
47
31
17
50
7
44
25
35
32
40
37
4
11
33
10
45
28
5
2
12
48
26
39
42
15
19
27
20
9
34
16
49
15
34
12
26
35
23
46
21
4
48
20
8
16
45
18
31
38
42
9
17
32
27
44
3
2
5
19
49
47
36
22
25
28
7
6
10
40
43
29
39
33
37
14
13
1
50
11
30
41
24
39
21
28
9
30
40
41
42
8
16
44
2
20
36
22
23
19
13
37
45
11
25
15
4
18
38
6
29
7
33
49
5
1
46
43
50
10
3
47
27
35
26
34
24
32
31
12
14
17
48
6
50
10
21
2
26
29
4
43
20
39
3
41
35
40
7
1
15
18
8
48
45
19
25
42
24
47
31
9
22
5
37
13
38
23
27
16
49
14
34
11
33
30
36
46
32
17
44
12
28
31
16
20
1
24
6
19
39
40
29
27
5
21
46
3
47
11
34
22
41
8
33
30
10
17
42
28
32
50
25
37
49
12
14
26
23
44
9
18
7
43
45
4
48
15
38
36
2
13
35
