26
33
14
15
39
28
18
8
1
13
31
44
7
25
46
12
42
5
34
35
9
6
38
24
47
3
41
4
22
49
23
37
20
40
2
30
19
10
43
36
45
29
32
11
16
48
27
17
50
21
39
37
27
10
41
20
21
15
36
46
5
26
40
50
23
44
34
2
19
30
4
29
43
1
32
28
14
3
42
45
38
12
47
31
17
25
13
48
16
33
22
7
35
8
9
11
24
49
18
6
49
35
33
27
25
14
7
43
48
1
11
13
36
34
50
28
45
8
4
39
24
21
47
41
20
40
5
18
15
16
32
9
17
10
37
26
46
6
31
44
19
23
38
12
29
22
2
3
30
42
36
23
7
22
21
3
48
29
25
39
19
6
37
35
30
14
15
11
8
50
49
34
27
33
41
16
4
45
2
44
42
10
32
5
1
40
43
28
17
46
31
13
18
26
38
47
20
9
24
12
29
17
46
25
34
24
2
5
47
48
35
23
12
3
33
49
37
43
14
13
41
38
39
22
36
20
31
9
32
10
44
50
40
16
45
1
18
30
19
28
26
11
8
15
6
42
7
21
27
4
6
19
43
3
48
46
13
30
27
22
7
40
50
10
5
8
16
26
45
23
15
35
18
47
44
31
17
34
41
32
2
38
33
42
4
29
11
21
9
24
12
39
49
37
36
1
14
28
25
20
42
29
24
50
46
25
20
44
35
33
18
22
27
19
43
3
36
38
13
15
12
31
5
21
6
9
10
47
16
28
41
26
11
30
34
45
49
8
32
37
14
48
40
2
17
7
4
39
23
1
32
14
11
6
1
44
10
7
21
35
24
28
29
48
4
17
23
46
30
12
50
5
22
49
37
45
36
25
27
18
47
39
38
9
13
42
26
20
33
31
16
40
43
34
41
8
3
19
15
2
2
30
41
47
31
39
12
32
34
38
13
45
24
44
42
16
9
50
17
25
6
7
29
26
11
48
46
19
5
23
35
14
1
3
18
43
36
22
20
49
37
27
28
10
4
21
40
15
8
33
1
24
23
43
18
49
4
46
26
5
38
39
2
14
25
15
8
9
7
27
40
20
37
19
13
50
16
29
35
11
21
17
6
34
41
47
48
33
3
10
30
36
12
28
31
44
32
22
42
45
23
32
13
44
16
45
35
34
7
6
47
42
33
9
10
24
28
49
39
48
11
1
41
46
40
12
50
14
30
5
31
21
15
25
36
2
4
26
8
18
3
22
27
38
20
17
37
43
19
29
43
39
2
34
4
12
9
25
17
30
33
32
49
45
15
40
3
20
28
16
18
11
10
5
19
38
37
22
14
42
27
8
48
24
46
31
6
36
1
47
44
35
50
7
26
13
21
41
29
23
47
36
6
32
37
15
23
9
46
31
30
14
25
5
27
4
24
44
49
18
42
43
34
20
28
8
48
17
12
38
39
13
10
26
7
11
1
19
2
16
50
3
22
45
33
35
29
40
21
41
30
22
32
49
10
18
14
40
2
21
17
1
8
26
7
39
29
25
35
4
27
23
33
16
15
11
42
37
31
9
34
48
12
28
47
19
41
3
50
38
13
43
6
36
24
45
5
44
20
46
5
43
4
16
19
34
46
33
10
7
42
31
48
30
39
26
32
6
25
20
38
36
9
8
23
47
35
49
18
41
3
27
2
50
40
13
37
44
24
12
29
1
45
21
14
15
22
11
28
17
12
45
39
23
20
42
22
26
11
19
21
33
6
47
24
35
46
41
36
1
37
9
17
32
31
10
49
43
4
40
8
16
14
13
29
44
50
7
34
15
2
28
48
18
25
27
30
38
5
3
17
5
48
35
15
33
36
22
39
47
25
16
30
46
49
27
10
32
42
37
45
40
31
2
21
41
38
7
8
14
20
18
19
12
3
4
29
11
13
6
28
9
26
1
23
43
44
24
34
50
41
25
31
48
44
50
33
14
22
11
40
12
18
13
35
37
2
16
10
38
36
8
1
42
9
26
34
5
6
29
19
23
43
7
15
46
17
4
27
30
32
49
21
39
3
24
28
20
45
47
24
6
38
33
45
27
3
2
20
34
41
49
10
15
36
11
19
28
31
22
44
30
42
39
1
23
43
12
46
48
40
4
18
47
21
17
9
25
7
32
8
16
29
5
50
14
26
13
35
37
34
2
3
45
32
48
17
28
8
50
16
19
47
37
41
36
13
10
15
9
7
24
21
38
26
30
27
1
43
39
29
11
4
33
42
12
14
18
35
23
40
31
20
22
49
6
46
25
44
5
21
9
18
1
33
17
6
37
29
3
43
7
15
22
12
5
27
48
40
46
10
45
26
30
38
44
23
13
28
2
24
20
50
8
11
41
35
14
25
42
49
34
31
32
19
4
36
16
47
39
40
38
26
36
49
9
28
3
24
2
4
50
45
32
34
13
41
27
21
33
25
10
23
18
43
15
39
16
19
12
1
29
7
17
35
14
47
37
6
20
42
30
11
31
22
5
8
46
48
44
20
44
17
29
50
2
31
10
9
8
26
30
35
11
6
19
5
37
46
28
33
47
13
48
49
32
7
24
21
27
4
42
45
23
12
34
39
15
22
3
36
14
16
43
40
25
41
18
1
38
18
13
9
31
11
6
42
36
37
14
2
17
46
27
45
41
50
1
29
44
19
28
8
12
10
21
33
26
34
7
48
3
16
39
32
49
22
5
38
4
25
20
24
30
47
40
35
23
43
15
8
27
22
18
6
5
34
11
42
4
15
10
28
21
9
1
25
23
12
49
29
13
24
45
14
7
2
48
39
37
16
46
36
19
20
38
31
50
30
41
47
32
17
44
35
3
43
33
26
40
48
4
5
42
43
29
25
19
15
37
50
9
38
23
44
10
47
17
32
7
22
12
16
13
46
6
24
27
1
21
28
35
30
41
39
36
8
45
49
11
20
18
14
3
34
2
33
26
40
31
9
12
1
13
40
4
45
16
44
41
28
36
19
17
20
33
14
30
24
21
43
49
46
29
22
2
3
10
48
47
6
31
42
11
25
8
7
34
37
27
18
15
23
35
5
26
38
50
39
32
3
8
40
7
26
30
5
42
49
28
22
48
17
43
16
2
31
39
38
47
20
15
25
11
27
19
1
44
10
46
37
36
41
21
9
24
23
32
12
45
4
50
33
29
13
34
6
35
14
18
14
41
8
20
28
36
27
6
38
49
9
34
39
18
37
22
17
33
16
19
3
44
50
7
24
43
15
23
25
26
10
32
31
35
30
48
42
40
45
21
5
46
1
4
11
12
47
29
2
13
33
1
42
24
5
41
16
18
3
32
37
11
13
28
19
48
12
47
26
2
46
22
14
43
4
27
8
36
38
34
17
40
21
20
49
35
25
39
10
29
15
44
7
50
45
30
23
6
31
9
7
48
44
4
47
10
30
50
31
17
29
41
11
38
32
9
49
24
6
43
28
39
3
14
35
18
40
15
20
19
13
2
26
22
5
16
45
27
21
1
33
12
46
23
8
36
34
42
37
25
25
47
15
5
7
11
49
31
12
10
34
38
43
24
1
46
35
40
23
45
8
26
48
17
3
37
21
50
36
13
18
28
9
32
14
20
33
16
44
2
27
41
39
42
30
29
19
4
6
22
44
11
19
41
3
13
32
1
16
9
12
20
5
4
8
45
40
21
37
10
23
2
35
36
39
22
18
38
49
43
7
30
25
15
50
6
24
29
26
17
34
47
42
27
28
46
48
31
33
14
11
42
47
38
17
37
26
45
28
40
49
29
9
16
31
25
4
12
2
3
34
14
6
50
30
1
13
35
23
15
43
7
24
48
22
21
32
41
39
8
46
5
36
20
44
33
18
27
10
19
19
10
49
11
42
31
37
48
14
15
3
27
1
29
28
43
30
4
50
32
16
17
20
34
33
5
26
39
40
8
12
44
22
36
24
18
38
35
41
13
23
21
47
6
2
9
25
45
46
7
27
49
37
39
13
32
40
17
30
42
46
25
34
7
48
50
22
14
20
6
35
18
4
28
45
36
47
21
26
3
33
41
29
1
44
9
12
24
15
5
38
19
2
16
10
23
31
8
11
43
16
28
21
2
14
22
50
47
33
43
36
46
44
42
38
6
39
29
41
40
30
3
12
27
5
13
9
8
17
31
45
15
34
18
48
32
20
23
11
35
24
4
19
25
7
37
10
1
49
26
28
46
50
12
29
8
44
35
41
27
14
15
23
49
17
21
18
45
33
36
5
42
32
6
16
34
25
30
24
20
26
47
39
43
31
22
3
2
4
48
10
38
13
40
37
19
1
7
9
11
4
18
36
37
9
38
43
23
13
25
8
21
42
39
47
29
44
7
5
34
26
19
49
31
48
14
20
11
45
6
50
24
35
2
27
33
30
46
28
40
1
17
3
41
12
16
15
32
22
10
46
40
45
19
12
43
39
13
23
26
1
35
22
41
29
34
33
18
27
24
31
32
28
15
50
4
11
20
3
30
9
6
49
44
16
37
21
47
36
14
7
2
25
17
48
10
42
5
38
8
13
31
25
28
8
16
15
38
32
44
6
4
3
20
26
42
21
19
48
5
47
46
45
35
7
33
29
2
11
1
14
43
23
27
10
50
34
17
40
22
41
24
37
9
18
39
49
12
36
30
10
20
35
40
22
19
1
24
18
12
23
43
32
31
14
30
48
3
11
26
2
16
36
9
8
39
45
28
29
17
46
34
44
37
38
7
15
13
5
25
21
6
41
33
42
49
50
47
4
27
45
15
34
8
38
35
47
49
5
23
32
18
26
2
11
20
6
31
43
14
21
48
40
37
29
17
12
33
13
24
30
22
27
4
19
3
28
1
42
50
9
25
44
46
39
41
16
10
7
36
38
26
30
17
27
7
24
12
45
36
48
47
4
8
2
18
20
35
1
42
39
41
11
40
34
49
22
46
44
50
25
19
3
29
33
15
5
31
23
43
6
10
9
14
21
28
13
37
32
16
50
7
16
14
36
47
11
20
19
24
45
37
31
40
21
32
38
22
44
29
13
4
2
23
12
25
30
41
33
35
15
1
5
6
26
28
27
42
46
9
17
8
10
49
43
18
39
48
3
34
22
3
29
30
23
21
8
41
6
18
10
24
14
1
13
38
43
36
47
31
17
50
7
44
25
35
32
40
37
4
11
33
46
45
28
5
2
12
48
26
39
42
15
19
27
20
9
34
16
49
15
34
12
26
35
23
38
21
4
45
20
8
16
33
18
31
7
42
9
17
14
27
44
3
2
46
19
32
47
36
22
25
28
49
6
10
40
43
29
39
48
37
5
13
1
50
11
30
41
24
37
21
28
9
30
40
41
27
50
16
44
2
20
36
22
23
26
13
3
11
1
25
15
4
18
29
6
42
7
33
49
5
8
46
43
39
10
38
47
19
35
45
34
24
32
31
12
14
17
48
35
50
10
21
2
26
29
4
43
20
39
3
41
6
40
7
1
15
18
8
48
37
19
25
42
24
44
31
9
22
5
45
13
38
23
27
16
49
14
34
11
33
30
47
46
32
17
36
12
28
31
16
20
46
24
1
19
39
40
29
27
5
21
12
3
47
11
34
22
41
32
33
30
10
17
42
28
6
50
25
36
49
37
14
8
23
44
9
18
7
43
26
4
48
15
38
45
2
13
35
