26
33
14
15
50
17
18
8
28
13
31
44
7
25
46
12
42
38
34
35
9
6
3
24
47
23
41
4
22
49
39
37
20
40
2
30
19
10
43
36
45
5
32
11
16
48
27
1
29
21
40
37
27
10
41
20
21
15
36
46
5
26
17
50
23
44
34
32
19
30
39
29
43
1
7
28
14
3
42
45
38
12
47
31
8
25
13
33
16
4
22
48
35
2
9
11
24
49
18
6
49
35
33
27
46
18
7
43
48
1
11
13
36
26
50
28
45
8
4
39
24
25
47
41
20
19
5
32
40
16
23
9
17
10
37
12
15
6
31
44
29
14
38
30
34
22
21
3
2
42
36
23
7
22
21
3
48
29
25
39
19
6
44
18
30
14
15
11
8
47
49
34
27
33
41
16
4
45
2
24
42
10
32
5
20
40
43
1
17
46
31
13
37
26
38
28
50
9
35
12
29
17
46
25
37
24
2
34
47
21
35
23
12
5
33
49
3
43
14
13
41
48
39
36
27
20
31
38
32
10
44
50
40
16
45
1
18
30
19
7
26
11
8
15
6
42
28
22
9
4
33
19
43
30
48
46
13
27
35
2
29
40
50
10
5
8
22
26
45
23
15
37
31
47
44
6
17
34
41
32
3
38
14
42
4
49
11
21
9
24
12
39
18
16
36
1
7
28
25
20
42
29
24
50
39
35
20
44
38
33
18
22
27
19
43
3
36
2
13
15
12
31
5
21
6
46
10
47
16
28
41
26
11
30
34
45
49
8
32
37
14
9
40
25
17
7
4
48
23
1
32
14
11
6
1
44
10
40
21
36
24
28
29
48
4
17
23
46
30
12
50
5
22
49
35
45
15
25
27
18
47
39
37
9
13
42
26
20
33
38
16
7
43
34
41
8
3
19
31
2
2
30
41
24
31
39
12
32
34
38
13
45
47
44
42
27
9
1
17
25
6
7
29
26
11
48
46
19
15
23
35
14
33
3
18
43
36
22
20
49
37
50
5
10
4
21
40
16
8
28
1
36
23
43
18
28
4
46
26
5
38
39
2
14
25
15
8
9
7
27
40
20
37
19
13
50
16
6
35
11
21
17
49
34
41
47
29
48
3
10
30
22
12
33
31
44
32
24
42
45
23
32
13
44
16
45
22
9
7
6
47
42
43
34
10
24
28
49
39
11
8
1
48
46
40
12
50
14
30
5
31
21
15
25
36
41
4
26
2
18
33
3
27
38
20
17
37
35
19
29
39
48
2
34
4
12
9
25
17
30
33
32
3
45
15
40
26
20
28
16
18
11
10
5
19
38
37
22
14
42
27
8
31
24
46
29
6
36
41
47
44
35
50
7
1
13
49
43
21
23
47
5
6
32
36
15
23
39
46
31
2
14
25
21
27
4
24
44
49
18
42
43
9
20
28
3
48
17
12
38
10
16
34
26
7
11
37
19
1
13
50
40
22
45
33
35
29
8
30
41
44
22
32
49
10
41
14
30
2
23
17
1
40
12
7
36
29
25
35
4
27
24
33
16
15
11
42
18
31
9
34
48
50
28
47
19
39
38
8
3
13
43
6
37
26
45
5
21
20
46
5
43
4
16
19
34
46
33
10
7
42
9
48
30
39
26
32
6
25
20
38
36
21
8
23
47
35
31
18
37
29
27
2
50
40
13
41
44
24
12
3
1
45
49
14
15
22
11
28
17
12
45
39
23
20
42
35
26
11
19
21
33
6
47
24
16
37
41
36
1
32
9
17
22
31
10
49
43
4
40
8
44
46
13
29
14
50
7
34
15
2
28
48
18
25
27
30
38
5
3
17
46
48
35
15
33
3
22
39
47
25
16
30
42
49
9
10
5
37
36
45
40
32
2
21
41
38
7
8
14
20
18
19
12
24
4
27
11
13
31
28
23
26
1
29
43
44
6
34
50
41
25
31
33
44
50
32
14
22
11
40
12
18
13
2
37
4
16
10
38
36
8
1
42
9
26
34
5
6
29
19
23
43
7
15
46
17
28
27
30
48
49
21
39
3
24
35
20
45
47
24
6
49
19
45
27
33
2
20
34
41
38
10
23
36
11
48
28
31
22
44
30
42
39
1
35
43
12
46
15
40
4
18
47
21
17
9
25
7
32
8
16
29
5
50
3
26
13
14
37
30
24
3
45
32
48
17
28
8
50
16
19
13
37
41
34
2
10
15
9
7
47
12
38
26
29
27
1
43
39
36
11
4
33
42
21
14
18
35
23
40
31
20
22
49
6
46
25
44
5
21
9
38
48
33
25
6
37
29
3
43
7
15
22
12
5
27
17
40
46
10
23
41
30
16
44
36
13
28
2
24
20
1
8
11
26
35
14
50
42
49
34
31
32
19
4
45
18
47
39
9
38
26
36
14
1
28
3
45
40
4
50
24
32
34
13
41
27
21
33
25
10
23
18
49
15
39
16
19
12
17
29
7
44
35
2
47
37
6
20
42
30
11
31
22
5
8
46
48
43
20
44
17
29
34
2
31
10
9
8
26
49
35
11
6
30
5
37
47
28
33
14
13
48
43
32
7
24
21
27
4
42
45
23
12
18
46
15
22
50
19
36
16
3
40
25
41
39
1
38
18
13
9
1
11
49
42
5
37
14
7
17
46
27
45
41
50
35
29
44
19
28
8
12
10
21
33
26
34
30
48
3
16
39
32
31
22
4
38
6
25
20
24
36
47
40
2
23
43
15
8
27
22
18
6
5
34
11
42
4
15
10
28
9
21
1
25
23
12
49
37
13
24
45
14
7
2
48
39
20
16
46
36
19
3
38
31
50
30
41
47
32
17
44
35
29
43
33
26
40
34
4
5
42
43
29
25
19
15
37
50
31
38
3
44
39
47
48
32
7
22
12
16
13
46
9
24
27
1
21
28
35
30
41
17
36
8
45
49
11
20
18
10
6
23
2
33
26
40
14
48
12
1
13
40
4
45
16
44
15
28
36
19
17
20
33
14
30
24
21
43
49
46
29
22
2
3
9
10
47
6
31
42
11
25
8
7
34
37
27
18
26
23
35
5
41
38
50
39
32
3
8
40
7
26
30
5
42
49
28
22
48
37
35
16
2
19
39
38
10
20
15
25
11
34
31
1
44
47
46
32
36
41
21
9
24
23
43
12
45
4
27
33
29
13
14
6
17
50
18
10
41
8
20
28
36
27
6
18
49
9
34
39
15
37
22
31
33
16
19
3
44
50
7
24
43
47
23
25
26
2
32
38
35
30
48
42
40
45
21
5
46
1
4
11
12
14
29
17
13
6
1
42
31
5
13
16
18
3
32
37
11
33
28
19
48
12
47
26
2
46
22
14
43
4
27
8
36
38
34
45
40
21
20
49
35
25
39
10
29
17
44
7
50
24
30
23
41
15
9
7
50
44
4
47
9
30
45
31
17
10
41
11
38
3
35
49
24
6
43
29
39
26
14
33
18
40
15
20
19
13
2
48
22
5
16
28
27
21
1
32
12
46
23
8
36
34
42
37
25
43
47
15
5
7
11
49
31
12
22
34
25
8
24
1
46
35
40
23
50
28
26
38
17
3
37
21
29
36
13
18
45
9
32
14
20
48
16
44
2
27
41
39
42
30
10
19
4
6
33
14
11
19
41
3
10
36
38
16
9
12
20
5
4
8
45
13
21
48
37
23
2
35
32
39
22
18
40
49
43
7
30
25
15
50
6
24
29
26
17
34
47
42
27
28
46
1
31
33
44
11
42
47
38
17
37
26
36
4
45
49
29
9
16
31
25
40
12
2
3
14
21
6
50
30
1
13
35
23
41
43
7
24
48
22
34
32
5
39
8
46
15
28
20
44
33
18
27
10
19
19
10
18
11
42
31
37
48
24
41
3
27
1
29
28
43
30
4
50
14
16
17
20
34
32
49
26
39
5
8
12
13
22
36
6
44
38
35
15
33
23
21
47
40
2
9
25
45
46
7
27
49
37
39
13
32
40
17
30
42
46
43
34
7
48
50
16
14
20
6
35
18
4
28
45
36
23
21
26
3
33
41
29
1
44
9
12
24
25
5
38
19
2
8
10
47
31
15
11
22
16
28
21
2
25
22
50
47
14
43
36
46
45
33
38
6
39
29
41
40
30
3
34
27
5
13
9
42
17
31
1
15
8
18
48
32
20
23
11
35
24
4
19
12
7
37
10
44
49
26
13
16
50
12
29
8
44
35
41
27
14
15
23
49
17
21
46
45
33
32
5
42
18
6
36
34
25
30
24
1
26
47
39
43
31
22
3
2
4
48
10
38
9
28
37
19
20
40
7
11
4
18
36
37
9
38
43
23
13
25
8
21
42
39
47
29
44
7
5
34
26
19
49
31
48
14
20
11
45
35
50
24
6
2
27
33
30
46
28
40
1
17
3
41
12
16
15
32
22
10
45
40
30
46
12
43
39
13
23
26
1
35
22
41
29
19
33
18
27
24
31
32
28
15
50
4
11
20
3
44
9
6
10
49
16
37
21
47
36
14
7
2
25
17
48
34
42
5
38
8
38
31
25
28
8
16
15
1
32
44
6
4
49
20
26
42
21
19
3
5
47
46
45
35
37
33
29
2
48
7
14
43
23
27
10
50
34
17
40
22
41
24
13
9
18
39
11
12
36
30
15
20
35
40
22
19
1
24
50
12
23
30
32
31
14
10
18
3
11
26
2
16
36
9
8
39
45
28
29
17
46
34
44
37
38
7
33
13
5
25
21
6
41
43
42
49
48
47
4
27
35
15
34
8
38
14
47
49
5
10
32
18
26
2
11
20
6
31
43
48
21
45
40
37
29
17
12
33
13
50
30
22
27
4
19
3
1
41
42
28
9
25
44
46
39
23
16
7
24
36
28
2
45
17
49
7
24
12
27
35
39
47
4
8
9
18
20
50
1
42
34
41
11
40
38
30
22
46
44
48
25
19
3
29
33
15
5
31
23
43
6
10
36
14
21
26
13
37
32
16
50
7
16
14
27
47
11
20
19
24
48
37
31
40
35
32
38
22
44
29
13
4
2
23
12
25
30
41
33
6
15
1
5
17
26
28
45
42
46
9
36
8
49
21
43
18
39
10
3
34
22
3
29
47
23
21
8
41
6
18
30
24
14
1
13
38
43
36
46
31
17
50
7
44
25
40
32
10
37
4
11
33
35
45
28
5
2
12
48
26
39
42
15
19
27
20
9
34
16
49
46
34
12
26
35
23
38
21
33
48
20
8
16
43
18
31
7
42
9
17
4
27
44
3
2
5
19
49
11
36
22
25
28
6
1
10
40
32
29
39
15
37
14
13
45
50
47
30
41
24
25
21
28
9
30
40
41
50
1
16
44
2
20
36
22
23
17
13
42
45
11
38
15
4
18
8
6
37
7
33
49
5
26
46
43
39
10
3
47
19
35
29
34
24
32
31
12
14
27
48
37
39
10
21
2
26
29
4
43
20
45
3
41
6
40
7
1
15
18
8
48
35
19
25
42
24
44
50
9
22
5
28
13
38
23
27
16
49
14
34
11
33
30
47
46
32
17
36
12
31
31
26
20
3
24
6
19
7
40
29
27
5
21
46
32
47
11
34
22
41
1
33
30
10
17
42
28
8
50
25
37
49
12
14
39
23
44
9
18
16
43
45
4
48
15
38
36
2
13
35
