26
33
14
15
39
28
11
8
50
13
31
44
7
25
46
12
42
38
34
35
9
6
18
24
47
29
41
4
22
49
5
37
20
40
2
30
19
10
43
36
45
23
32
3
16
48
27
1
17
21
48
37
27
10
41
20
21
39
36
46
5
26
40
50
23
44
34
47
19
30
4
29
43
1
33
28
14
3
42
45
38
12
31
2
17
25
13
32
16
7
22
15
35
8
9
11
24
49
18
6
49
35
33
27
34
14
7
43
48
1
11
13
36
18
50
28
45
8
4
39
24
25
47
41
20
30
5
19
15
16
23
9
17
10
37
12
46
6
31
44
32
21
38
40
26
22
2
3
29
42
36
23
7
22
21
3
48
29
25
39
19
6
37
35
24
14
15
11
8
10
49
34
27
33
41
16
4
45
2
44
42
28
32
5
20
40
43
1
17
46
31
13
18
26
38
47
50
9
30
12
29
17
22
25
5
24
2
38
27
21
35
23
12
46
33
49
3
43
14
13
41
48
39
36
34
20
31
37
32
10
44
50
40
16
45
1
18
30
19
28
26
11
8
15
6
42
47
7
9
4
30
19
43
33
48
46
13
27
4
35
14
40
50
10
5
8
22
26
45
23
15
7
3
47
44
31
17
34
41
32
29
38
6
42
18
2
11
21
9
24
12
39
37
16
36
1
49
28
25
20
42
29
24
50
46
25
20
44
35
33
18
22
27
19
43
3
36
48
13
15
12
31
5
21
6
38
10
47
16
28
41
26
11
30
34
45
49
8
32
37
14
9
40
2
17
7
4
39
23
1
32
14
11
6
1
35
10
30
21
36
24
28
29
48
4
17
23
46
15
12
50
5
22
49
7
45
44
25
27
18
47
39
37
9
13
42
26
20
8
38
16
40
43
34
41
33
3
19
31
2
2
30
41
24
31
39
12
32
34
38
13
45
33
44
42
27
9
1
17
25
6
47
29
26
11
48
46
18
5
23
35
16
50
3
19
43
36
22
20
49
37
7
14
10
4
21
40
15
8
28
1
36
23
43
18
6
4
46
26
5
38
39
2
14
25
15
8
9
7
27
40
20
37
19
13
50
16
29
35
11
21
17
24
34
41
47
48
28
3
33
30
22
49
12
31
44
32
10
42
45
23
32
13
3
16
45
33
9
7
41
47
42
43
6
10
24
28
49
39
11
8
1
44
46
40
12
50
14
30
5
31
21
15
25
36
35
4
26
2
18
20
48
27
38
34
17
37
22
19
29
39
48
2
34
4
12
9
25
17
30
33
32
41
45
15
40
31
20
28
16
18
11
10
5
19
3
37
22
14
42
27
8
38
24
46
26
6
36
1
47
44
35
50
7
29
13
21
43
49
23
47
13
6
32
36
15
23
34
46
31
2
14
25
9
27
4
24
44
49
18
42
43
16
20
28
5
48
17
12
38
39
40
1
26
7
11
37
19
30
10
50
3
22
45
33
35
29
8
21
41
12
22
32
49
10
18
14
15
2
40
17
1
3
21
7
39
29
50
35
4
27
23
33
16
37
11
42
8
31
9
34
48
26
28
47
19
44
38
25
13
41
43
6
30
24
45
5
36
20
46
5
43
4
16
19
34
46
33
10
7
42
31
48
30
39
26
32
6
25
20
38
37
21
8
23
47
35
9
18
24
3
27
2
50
40
13
41
44
49
12
29
1
45
36
14
15
22
11
28
17
37
45
39
23
20
42
32
26
11
19
21
33
6
47
16
34
4
41
36
1
35
9
17
22
31
27
49
43
48
40
8
13
46
44
29
14
50
7
24
15
2
28
12
18
25
10
30
38
5
3
17
5
48
35
15
33
3
22
39
47
25
16
30
42
49
9
10
37
23
36
45
40
32
2
21
41
38
7
8
14
20
18
19
12
6
4
29
11
13
31
28
27
26
1
46
43
44
24
34
50
41
25
31
48
44
50
35
14
22
11
40
12
18
13
2
37
38
16
10
32
36
8
1
42
9
26
34
5
6
29
19
23
43
7
15
46
17
4
27
30
33
49
21
39
3
24
28
20
45
47
24
6
49
19
45
27
18
2
20
34
41
38
10
33
36
11
7
28
31
22
44
30
42
13
1
23
43
12
46
48
40
4
14
47
21
39
9
25
15
32
8
16
29
5
50
3
26
17
35
37
15
24
3
45
32
48
17
28
8
50
16
19
34
37
41
30
2
10
47
9
7
21
12
38
26
13
27
1
43
39
36
11
4
33
42
29
14
18
35
23
40
31
20
22
49
6
46
25
44
5
21
9
45
1
33
17
6
37
29
3
43
7
15
22
12
5
27
25
40
46
10
38
26
30
16
44
36
13
28
2
24
20
18
8
11
50
35
14
41
42
49
34
31
32
19
4
23
48
47
39
40
38
26
36
14
9
28
3
1
2
4
50
24
32
34
13
41
27
21
33
25
10
23
18
49
15
39
16
19
12
45
29
7
17
35
44
47
37
6
20
42
30
11
31
22
5
8
46
48
43
20
44
17
29
37
2
31
10
9
8
26
49
35
11
6
36
5
32
30
28
33
14
13
48
43
46
7
24
21
27
4
42
45
23
12
34
39
15
22
3
19
50
16
47
40
25
41
18
1
38
13
2
9
31
11
49
42
36
37
14
30
17
46
27
45
41
50
35
29
44
19
28
8
12
10
21
33
26
34
7
48
3
16
39
32
18
22
5
38
4
25
20
24
6
47
40
1
23
43
15
8
27
30
18
6
5
34
11
42
4
15
10
28
3
21
1
25
23
12
49
20
13
24
45
14
9
2
48
39
37
16
46
36
19
22
38
31
50
7
41
47
32
17
44
35
29
43
33
26
40
10
4
5
42
43
29
25
19
15
37
50
9
38
23
44
16
47
17
32
7
22
12
31
39
46
6
24
27
1
21
28
35
30
41
3
36
8
45
34
11
13
18
48
49
20
2
33
26
40
14
46
12
1
13
40
4
45
16
44
15
28
36
19
17
9
33
14
30
24
21
43
49
48
29
22
2
3
38
10
47
6
31
42
11
25
8
7
34
37
27
18
26
23
35
5
41
20
50
39
32
3
8
40
7
26
30
5
42
49
28
22
48
17
34
20
2
19
39
38
31
37
15
25
11
35
10
1
44
47
46
32
36
41
21
9
24
23
43
12
45
4
14
33
29
13
27
6
16
50
18
38
41
8
20
28
36
27
6
18
49
9
34
39
15
37
22
17
33
16
19
3
44
50
7
24
43
12
23
25
26
10
32
47
31
30
48
42
40
45
21
5
46
1
4
11
14
35
29
2
13
33
1
42
47
27
13
16
18
3
32
37
11
45
28
19
48
12
5
26
2
46
22
41
43
4
35
8
40
38
34
17
15
21
20
49
31
25
39
10
29
36
44
7
50
23
30
14
6
24
9
7
50
44
4
47
10
30
45
31
17
29
41
11
38
32
35
49
24
6
43
28
39
9
14
36
18
40
15
20
19
13
2
48
22
5
16
33
27
21
1
3
12
46
23
8
26
34
42
37
25
43
47
15
5
7
11
22
31
12
23
34
25
49
24
1
46
35
40
48
38
29
26
28
17
3
37
21
50
36
13
18
10
9
32
14
20
45
16
44
2
27
41
39
42
30
8
19
4
6
33
14
11
19
41
3
1
36
40
16
9
12
20
5
4
8
45
13
21
37
48
23
2
35
32
39
22
18
10
49
43
7
30
25
15
50
6
24
29
26
17
34
47
42
27
28
46
38
31
33
44
11
42
47
38
17
37
26
5
14
22
49
29
9
16
31
25
40
12
2
3
34
24
6
50
30
1
13
35
23
15
43
7
33
48
4
21
32
41
39
8
46
45
28
20
44
36
18
27
10
19
19
10
18
11
42
31
37
48
24
6
3
27
1
29
28
43
30
4
50
14
16
17
20
34
15
32
26
49
40
8
12
44
22
13
39
41
38
35
33
5
23
36
47
21
2
9
25
45
46
7
27
49
37
39
13
32
40
17
30
42
46
43
8
7
48
50
16
14
20
34
47
18
4
28
45
36
15
21
26
3
33
41
29
1
44
9
12
24
5
6
38
19
2
25
10
23
31
35
11
22
16
28
21
2
25
22
50
47
45
43
36
46
13
12
38
6
39
29
41
40
30
3
34
27
5
8
9
42
17
31
1
14
49
18
48
32
20
23
11
35
24
4
19
33
7
37
10
44
15
26
28
16
46
12
29
8
44
35
41
27
7
15
23
49
17
21
1
45
33
50
5
42
40
6
32
34
25
30
24
20
26
47
39
43
31
22
3
2
4
48
10
38
9
37
18
19
36
13
14
11
4
18
36
37
9
38
43
23
13
25
8
21
42
39
47
29
44
7
5
6
26
19
49
31
48
14
20
11
45
50
2
24
34
35
27
33
30
46
28
40
1
17
3
41
12
16
15
32
22
10
45
40
34
44
12
43
39
13
23
26
1
35
22
41
29
19
33
18
27
24
31
32
46
15
50
4
11
20
3
30
9
6
10
49
16
37
21
47
36
14
7
2
25
17
48
28
42
5
38
8
18
31
25
28
8
16
15
50
32
44
6
4
47
20
26
42
21
19
3
5
1
46
45
35
38
33
29
2
11
41
14
43
23
27
10
49
34
17
40
22
48
24
13
9
37
39
7
12
36
30
6
20
35
40
22
19
1
24
33
12
23
30
32
31
14
10
18
3
11
26
2
16
36
9
8
39
45
28
29
17
46
34
44
37
38
7
15
13
50
25
21
5
41
43
42
49
48
47
4
27
34
15
50
8
38
41
47
49
5
10
32
18
26
2
11
20
6
31
43
45
21
35
14
37
29
17
23
33
13
1
30
22
27
4
24
3
28
48
42
19
9
25
44
46
39
12
16
40
7
36
9
26
38
17
50
7
24
12
28
45
48
47
4
8
30
18
20
2
1
42
39
41
11
40
27
49
22
46
44
35
25
19
3
29
33
15
5
31
23
43
6
10
36
14
21
34
13
37
32
16
50
7
16
14
49
47
38
20
19
24
45
37
31
40
35
32
48
22
44
29
13
4
2
23
12
25
30
41
33
6
15
1
5
36
26
28
27
42
46
9
17
8
10
11
43
18
39
21
3
34
22
3
29
30
23
21
8
41
6
18
10
24
14
1
13
38
43
36
46
47
17
50
7
44
25
40
32
31
37
4
11
33
35
45
28
5
2
12
48
26
39
42
15
19
27
20
9
34
16
49
44
34
12
26
35
23
49
21
47
48
20
8
16
43
18
31
46
42
9
17
14
27
38
3
2
7
19
32
4
36
22
25
28
6
1
10
40
33
29
39
15
37
5
13
45
50
11
30
41
24
25
21
28
9
30
40
41
1
38
16
44
2
20
36
22
23
26
13
42
37
11
45
15
4
18
19
6
39
7
33
49
5
8
46
43
17
10
3
47
50
35
29
34
24
32
31
12
14
27
48
35
46
10
21
2
26
29
4
43
20
39
3
44
5
40
7
37
15
18
8
48
36
19
25
42
24
47
6
9
22
50
45
13
38
23
27
16
49
14
34
11
33
30
28
1
32
17
41
12
31
31
39
20
46
24
44
19
7
40
29
27
5
21
26
3
47
11
34
22
41
32
33
30
10
17
42
28
36
50
25
37
49
12
14
8
23
1
9
18
16
43
6
4
48
15
38
45
2
13
35
