26
39
14
15
50
28
11
8
18
13
31
44
7
25
46
12
42
1
34
35
9
6
38
24
47
23
41
4
22
49
5
37
20
40
2
30
19
10
43
36
45
3
32
33
16
48
27
17
29
21
40
37
27
10
41
20
21
15
36
46
5
26
8
50
23
44
34
48
19
30
39
29
43
1
32
28
14
3
42
45
38
12
47
31
17
25
13
33
16
4
22
7
35
2
9
11
24
49
18
6
49
35
33
27
34
18
7
30
48
1
11
13
36
43
50
28
45
8
4
39
24
25
47
41
20
46
5
29
23
16
32
9
17
10
37
12
15
6
31
44
19
40
38
21
26
22
14
3
2
42
36
23
7
22
21
3
48
29
25
35
19
6
37
18
30
14
15
11
8
47
49
34
27
33
41
16
4
45
2
20
42
44
32
5
39
40
43
1
17
46
31
13
28
26
38
10
50
9
24
12
29
17
34
25
5
24
2
9
47
22
35
23
12
46
33
49
3
43
14
13
41
48
39
36
28
20
31
37
32
10
44
50
40
16
45
1
18
30
19
38
26
11
8
15
6
42
7
21
27
4
33
19
43
30
48
46
13
27
4
6
14
40
50
10
5
8
7
26
45
23
15
35
18
47
44
31
17
34
41
32
3
38
37
42
22
49
11
21
9
24
12
39
29
16
36
1
2
28
25
20
42
29
24
50
46
41
20
44
38
33
18
22
27
19
39
3
36
35
13
15
12
31
5
21
6
9
10
47
16
28
2
26
11
30
34
45
49
8
32
37
14
48
40
25
17
7
4
43
23
1
32
14
11
6
1
35
10
40
21
36
24
28
29
48
4
17
23
46
37
12
50
5
22
49
38
45
44
25
27
18
47
39
31
9
13
42
26
20
8
7
16
15
43
34
41
33
3
19
30
2
2
30
41
24
31
39
12
32
34
38
13
45
33
44
42
19
9
47
17
25
6
7
29
26
11
48
46
50
5
23
35
16
18
3
1
43
36
22
20
49
37
27
14
10
4
21
40
15
8
28
1
22
23
43
18
49
4
46
26
5
38
39
2
14
25
15
8
9
7
27
40
20
37
19
13
50
16
36
35
11
21
17
10
34
41
47
29
48
3
33
30
6
12
28
31
44
32
24
42
45
23
32
13
44
16
45
33
43
7
2
47
42
3
9
10
24
28
49
39
11
8
1
34
46
40
12
50
14
30
5
31
21
15
25
36
35
4
26
41
18
48
22
27
38
20
17
37
6
19
29
43
31
38
34
4
12
9
25
17
30
33
32
40
45
15
39
48
20
28
16
18
11
10
5
19
3
37
22
14
42
27
8
1
24
46
26
6
36
2
47
44
35
50
7
29
13
21
41
49
23
47
2
6
32
39
15
23
5
46
31
10
14
25
3
27
4
24
44
49
18
42
43
16
20
37
8
48
17
12
38
36
40
34
26
7
11
1
19
30
28
50
9
22
45
33
35
29
13
21
41
30
40
32
49
10
25
14
39
2
21
17
1
44
12
7
36
29
50
35
4
27
23
33
16
15
11
42
8
31
9
34
48
26
28
47
19
41
38
18
3
13
43
6
37
24
45
5
22
20
46
5
43
4
16
19
34
46
33
10
7
42
31
48
30
24
26
32
6
25
20
38
21
3
8
23
47
35
9
18
37
41
27
2
50
40
13
39
44
49
12
29
1
45
36
14
15
22
11
28
17
48
45
39
23
20
42
32
26
11
19
21
33
6
47
16
35
46
41
36
1
14
9
17
22
31
27
49
43
4
40
8
10
24
13
29
44
50
7
34
15
2
28
37
18
25
12
30
38
5
3
17
24
48
35
15
33
3
22
39
47
25
16
30
42
49
27
10
32
46
31
45
40
9
2
21
41
38
7
8
14
20
18
19
36
12
4
37
11
13
6
28
29
26
1
23
43
44
5
34
50
41
25
31
33
44
50
38
14
22
11
40
12
18
13
2
37
4
16
10
48
36
8
1
42
9
26
34
5
6
29
19
23
43
7
15
46
17
28
27
30
32
49
21
39
3
24
35
20
45
47
24
6
49
48
45
27
18
2
20
34
41
38
10
23
36
11
17
28
31
22
44
30
42
39
1
19
43
12
46
15
40
4
35
47
21
29
9
25
33
32
8
16
13
5
50
3
26
7
14
37
12
36
3
45
32
48
17
28
8
50
16
19
47
37
41
30
2
10
15
9
7
24
21
38
26
13
27
1
43
39
29
11
4
33
42
34
14
18
35
23
40
31
20
22
49
6
46
25
44
5
21
9
45
1
33
17
6
37
29
3
43
7
15
22
12
5
27
25
40
46
10
38
26
30
16
44
36
13
28
2
24
20
48
8
11
41
35
14
50
42
49
34
31
32
19
4
23
18
47
39
9
38
26
36
14
44
28
3
1
40
4
50
45
32
34
13
41
27
21
33
25
10
23
18
49
15
39
16
19
24
17
29
7
12
35
2
47
37
6
20
42
30
11
31
22
5
8
46
48
43
20
44
17
29
36
2
31
10
9
8
26
49
35
11
6
34
5
37
30
28
33
47
13
48
43
32
7
24
21
27
4
42
45
23
18
50
46
15
22
19
3
14
16
12
40
25
41
39
1
38
35
13
9
19
11
5
42
36
37
14
7
17
46
27
45
41
50
2
29
44
1
28
8
12
10
21
33
26
34
6
48
3
16
39
32
18
22
4
38
31
25
20
24
30
47
40
49
23
43
15
8
27
22
18
37
9
34
11
42
4
15
10
28
21
20
1
25
23
12
49
19
13
24
45
14
5
2
48
39
30
16
46
36
6
3
38
31
50
7
41
47
32
17
44
35
29
43
33
26
40
39
4
5
42
43
29
25
19
15
37
50
9
38
6
44
16
47
17
32
7
22
12
31
13
46
49
23
27
1
21
28
35
30
41
20
36
8
45
24
11
10
18
48
3
34
2
33
26
40
14
15
12
1
13
40
4
45
16
44
48
28
36
19
17
9
33
14
30
24
21
43
49
46
29
22
2
3
38
10
47
6
31
42
11
25
8
7
34
37
27
18
26
23
35
5
41
20
50
39
32
3
8
40
7
26
30
5
42
49
28
22
48
17
35
43
2
19
39
38
14
20
15
25
11
34
10
1
44
47
46
37
36
41
21
9
24
23
32
12
45
4
50
33
29
13
27
6
16
31
18
18
41
8
20
28
36
27
6
35
49
2
34
39
15
37
22
31
33
16
19
3
44
50
7
24
43
12
23
25
26
10
14
38
17
30
48
42
40
45
21
5
46
1
4
11
32
47
29
9
13
13
1
42
47
27
14
16
18
3
32
37
11
24
28
19
48
12
5
26
2
46
22
41
43
4
6
8
31
38
34
23
15
21
20
49
17
25
39
10
29
33
44
7
50
45
30
36
40
35
9
7
33
44
4
47
10
30
45
31
17
29
41
11
38
3
9
49
24
6
43
28
39
32
14
35
18
40
15
20
19
13
2
50
22
5
16
48
27
21
1
36
12
46
23
8
26
34
42
37
25
38
47
15
5
7
11
22
31
12
10
34
25
43
24
1
46
35
40
23
50
29
26
48
17
3
37
21
49
36
13
18
28
9
32
14
20
45
16
44
2
27
41
39
42
30
8
19
4
6
33
14
11
19
41
3
13
36
38
16
9
12
20
5
4
8
45
40
21
48
37
23
2
35
32
39
22
18
10
49
43
7
30
25
15
50
6
24
29
26
17
34
47
42
27
28
46
1
31
33
44
11
42
47
38
17
37
26
34
28
15
49
29
9
16
31
25
22
12
2
3
4
45
6
50
30
1
13
35
40
41
43
7
33
48
24
21
32
5
39
8
46
23
36
20
44
14
18
27
10
19
19
10
18
11
42
31
37
48
24
41
3
27
1
29
28
43
30
4
50
36
16
17
20
34
33
40
26
39
15
8
12
32
22
44
6
14
38
35
5
13
23
21
47
49
2
9
25
45
46
7
27
49
37
39
13
32
40
17
30
42
46
43
34
7
48
50
16
14
20
6
35
18
4
28
45
36
15
21
26
3
33
41
29
1
44
9
12
24
25
5
38
19
2
47
10
23
31
8
11
22
16
28
21
2
25
22
50
47
33
43
36
46
49
34
38
6
39
29
41
40
30
3
12
27
5
7
9
42
17
31
45
13
14
18
48
32
20
23
11
35
24
4
19
8
1
37
10
44
15
26
10
16
46
12
29
8
44
35
41
27
9
15
23
49
17
21
13
45
33
32
5
42
14
6
36
34
25
30
24
7
26
47
39
43
31
22
3
2
4
48
20
38
18
40
37
19
28
1
50
11
4
18
36
37
9
38
43
23
13
25
8
21
42
39
47
29
44
7
5
34
26
19
49
31
48
14
20
11
45
35
50
24
6
2
27
33
30
46
28
40
1
17
3
41
12
16
15
32
22
10
45
5
30
46
12
43
39
13
23
26
1
35
22
41
29
40
33
18
27
24
31
32
28
15
50
4
11
20
3
44
9
6
49
19
16
37
21
47
36
14
7
2
25
17
48
34
42
10
38
8
37
48
25
28
8
16
15
50
32
44
6
4
13
20
26
42
21
19
3
5
47
46
45
35
7
33
29
2
11
1
14
43
23
27
10
31
34
17
40
22
41
24
49
9
18
39
38
12
36
30
6
20
35
40
22
19
1
24
50
12
23
30
32
31
14
10
18
3
11
26
2
16
36
9
8
39
45
28
29
17
46
34
44
37
38
7
33
13
15
25
21
5
41
43
42
49
48
47
4
27
34
15
50
8
38
1
35
49
5
23
32
18
26
2
11
20
6
31
43
45
21
14
40
37
29
17
24
33
13
12
30
22
27
4
19
3
28
41
42
10
9
25
44
46
39
47
16
48
7
36
28
26
2
17
49
7
24
12
45
39
48
47
4
8
35
18
20
38
1
42
34
41
11
40
27
30
22
46
44
50
25
19
3
29
33
15
5
31
23
43
6
10
9
14
21
36
13
37
32
16
50
7
16
14
6
47
49
20
19
24
45
37
31
40
21
32
38
22
44
29
13
4
2
23
12
25
30
41
33
48
15
1
5
35
26
28
27
42
46
9
17
8
10
11
43
18
39
36
3
34
22
3
29
31
23
21
8
41
6
18
30
24
14
1
13
38
43
36
47
10
17
50
7
44
25
35
32
40
37
4
11
33
46
45
28
5
2
12
48
26
39
42
15
19
27
20
9
34
16
49
46
34
12
26
35
23
47
21
14
45
20
8
16
33
18
31
1
42
9
17
32
27
44
3
2
38
19
6
48
36
22
25
28
49
4
10
40
43
29
39
15
37
5
13
7
50
11
30
41
24
25
21
28
9
30
40
41
1
27
16
44
2
20
36
22
23
26
13
42
38
11
37
15
4
18
29
6
19
7
33
49
5
8
46
43
39
10
3
47
50
35
45
34
24
32
31
12
14
17
48
44
50
10
21
2
26
29
4
43
20
39
3
41
5
40
7
37
15
18
8
48
36
19
25
42
24
47
32
9
22
1
45
13
38
23
27
16
49
14
34
11
33
30
6
46
28
17
35
12
31
31
46
20
3
24
6
19
7
40
29
27
5
21
26
32
47
11
34
22
41
37
33
30
10
17
42
28
18
50
25
39
49
12
14
8
23
44
9
1
16
43
36
4
48
15
38
45
2
13
35
