26
33
14
15
39
17
3
8
28
13
31
44
7
25
46
12
42
5
34
35
9
6
18
24
47
38
41
4
22
49
29
37
20
40
2
30
19
10
43
36
45
23
32
11
16
48
27
1
50
21
48
37
27
10
41
20
21
39
36
46
5
26
40
50
23
44
34
2
19
30
32
29
43
1
15
28
14
3
42
45
38
12
33
17
8
25
13
4
16
31
22
7
35
47
9
11
24
49
18
6
49
35
33
27
34
25
7
40
48
1
11
13
36
43
50
28
45
8
4
39
24
14
47
41
20
30
5
18
23
16
32
9
17
10
37
26
29
6
31
44
19
15
38
12
46
22
21
3
2
42
36
23
7
22
21
3
48
29
25
39
19
6
44
18
24
14
15
11
8
50
49
34
27
33
41
16
4
45
2
35
42
10
32
5
1
40
43
28
17
46
31
13
37
26
38
47
20
9
30
12
29
17
46
25
37
24
2
34
38
22
35
23
12
5
33
49
3
43
14
13
41
36
39
7
28
20
31
9
32
10
44
50
40
16
45
1
18
30
19
27
26
11
8
15
6
42
47
48
21
4
33
19
43
30
48
46
13
27
4
2
29
40
50
10
5
8
31
26
45
23
15
35
14
47
44
6
17
34
41
32
3
38
37
42
22
49
11
21
9
24
12
39
18
16
36
1
7
28
25
20
42
29
24
50
25
9
20
44
35
33
18
22
27
19
43
3
36
38
13
15
12
31
5
21
6
46
10
47
16
28
41
26
11
30
34
45
49
8
32
37
14
48
40
2
17
7
4
39
23
1
32
14
11
6
1
44
10
38
21
35
24
28
29
48
40
17
23
46
37
12
50
5
22
49
33
45
30
25
27
18
47
39
31
9
13
42
26
20
7
4
16
36
43
34
41
8
3
19
15
2
2
30
41
1
31
39
12
32
34
38
13
45
47
44
42
27
9
50
17
25
6
7
29
26
11
48
46
19
15
23
35
14
24
3
18
43
36
22
20
49
37
5
28
10
4
21
40
16
8
33
1
22
23
43
18
49
4
46
26
5
38
39
2
14
25
15
8
9
7
27
40
20
37
19
13
50
16
36
35
11
21
17
6
34
41
47
48
33
3
10
30
29
12
28
31
44
32
24
42
45
23
32
13
3
16
45
22
43
7
6
47
42
8
33
10
24
28
49
39
11
35
1
41
46
40
12
50
14
30
5
31
21
15
25
36
34
4
26
2
18
48
9
27
38
20
17
37
44
19
29
43
39
38
34
4
12
9
25
17
30
33
32
3
21
15
40
2
20
28
16
18
11
10
5
19
29
37
22
14
42
27
8
48
24
46
31
6
36
1
47
44
35
50
7
26
13
45
41
49
23
47
16
6
32
5
15
23
30
46
31
39
14
25
9
27
4
24
44
49
18
42
43
34
20
37
40
48
17
12
38
2
28
10
26
7
11
1
19
8
13
50
3
22
45
33
35
29
21
36
41
12
13
32
49
10
18
14
15
2
21
17
1
37
26
7
39
29
25
35
4
27
23
33
16
36
11
42
40
31
9
34
48
8
28
47
19
44
3
50
38
41
43
6
30
24
45
5
22
20
46
5
43
4
16
19
34
36
33
10
7
42
31
48
30
9
26
32
6
25
20
38
24
3
8
23
47
35
37
18
41
39
27
2
50
40
13
46
44
49
12
29
1
45
21
14
15
22
11
28
17
44
45
39
23
20
42
35
26
11
19
21
33
6
47
4
16
37
41
36
1
34
9
17
22
31
27
49
43
48
40
8
13
46
12
29
10
50
7
24
15
2
28
14
18
25
32
30
38
5
3
17
24
48
35
15
33
46
22
39
47
25
16
30
23
49
9
10
37
3
31
45
40
32
2
21
41
38
7
8
14
20
18
19
36
12
4
27
11
13
6
28
42
26
1
29
43
44
5
34
50
41
25
31
33
44
50
32
14
22
11
40
12
18
13
2
37
7
16
10
38
36
8
1
42
9
26
34
5
6
29
19
23
43
35
4
46
17
48
27
30
15
49
21
39
3
24
28
20
45
47
24
6
49
17
45
27
18
2
20
34
41
19
10
42
36
11
48
28
31
22
44
30
38
39
1
23
43
12
46
15
40
4
14
47
21
35
9
25
33
32
8
16
13
5
50
3
26
7
29
37
34
2
3
45
32
48
17
28
47
50
16
30
24
37
41
19
13
10
15
9
7
21
12
38
26
8
27
1
43
39
36
11
4
33
42
29
14
18
35
23
40
31
20
22
49
6
46
25
44
5
21
9
45
48
33
41
6
37
29
3
43
7
15
22
12
5
27
1
40
46
10
38
26
30
16
44
36
13
28
2
24
20
18
8
11
50
35
14
25
42
49
34
31
32
19
4
23
17
47
39
9
38
26
36
49
1
28
3
24
40
4
50
45
32
34
13
41
27
21
33
25
10
23
18
43
15
39
16
19
12
17
29
7
44
35
2
47
37
6
20
42
30
11
31
22
5
8
46
48
14
20
44
17
29
46
2
31
10
9
8
26
49
35
11
6
36
5
32
30
28
33
47
13
48
34
19
7
24
21
27
4
42
45
23
39
12
37
15
22
50
3
14
16
43
40
25
41
18
1
38
30
31
9
19
11
13
42
6
37
14
2
17
46
27
45
41
50
35
29
44
4
28
8
12
10
21
33
26
34
1
48
3
16
39
32
18
22
5
38
7
25
20
24
36
47
40
49
23
43
15
8
27
22
18
6
5
34
11
42
4
15
10
28
3
21
1
25
23
12
49
19
13
24
45
14
9
2
48
39
37
16
46
36
7
20
38
31
50
30
41
47
32
17
44
35
29
43
33
26
40
39
4
5
42
43
29
25
19
15
37
50
9
38
6
44
10
47
48
32
14
22
12
16
13
46
7
24
27
1
21
28
35
30
41
17
36
8
45
34
11
20
18
49
3
23
2
33
26
40
31
46
12
1
13
40
4
45
16
44
41
28
36
19
17
20
33
14
30
24
21
43
49
48
29
22
2
15
10
9
47
6
31
42
11
25
8
7
34
37
3
18
26
23
35
5
27
38
50
39
32
3
8
40
7
26
30
5
42
49
28
22
48
17
34
16
2
19
39
38
47
20
15
25
11
27
31
1
44
10
46
37
36
41
21
9
24
23
32
12
45
4
50
33
29
13
14
6
43
35
18
6
41
8
20
28
36
27
9
18
49
7
34
39
35
37
22
17
33
16
19
3
44
50
32
24
43
47
23
25
26
10
15
38
31
30
48
42
40
45
21
5
46
1
4
11
12
2
29
14
13
40
1
42
24
36
14
16
18
3
32
37
11
13
28
19
48
12
47
26
2
46
22
31
43
4
5
8
6
38
34
23
41
21
20
49
17
25
39
10
29
33
44
7
50
45
30
35
15
27
9
7
36
44
4
47
28
30
45
31
17
48
41
11
38
3
35
49
24
6
43
29
39
9
14
32
18
40
15
20
19
13
2
50
22
5
16
33
27
21
1
10
12
46
23
8
26
34
42
37
25
25
47
15
5
7
11
49
31
12
10
34
38
43
24
1
46
35
40
23
48
8
26
21
17
3
37
29
50
36
13
18
45
9
32
14
20
28
16
44
2
27
41
39
42
30
33
19
4
6
22
13
11
19
41
3
10
38
1
16
9
12
20
5
4
8
45
40
21
48
37
23
2
35
36
39
22
18
32
49
43
7
30
25
15
50
6
24
29
26
17
34
47
42
27
28
46
14
31
33
44
11
42
47
38
17
37
26
5
33
23
49
29
9
16
31
25
4
12
2
3
14
45
6
50
30
1
13
35
40
24
43
7
34
48
15
21
32
41
39
8
46
22
36
20
44
28
18
27
10
19
19
10
18
11
42
31
37
48
14
15
3
27
1
29
28
43
30
4
50
36
16
17
20
34
49
32
26
39
5
8
12
40
22
13
24
44
38
35
41
33
23
21
47
6
2
9
25
45
46
7
27
49
37
47
13
32
40
17
30
42
46
25
34
7
48
50
22
14
20
6
39
18
4
28
45
36
23
21
26
3
33
16
29
1
44
9
12
24
15
5
38
19
2
8
10
41
31
35
11
43
16
28
21
2
14
22
50
47
1
43
36
46
33
15
38
6
39
29
41
40
30
3
42
27
5
13
9
49
17
31
45
44
12
18
48
32
20
23
11
35
24
4
19
25
34
37
10
8
7
26
28
40
50
12
29
8
44
35
41
27
14
15
23
49
17
21
16
45
33
32
5
42
46
6
7
34
25
30
24
20
26
47
39
43
31
22
3
2
4
48
36
38
10
37
18
19
1
13
9
11
4
18
36
37
9
38
43
23
13
25
8
21
42
39
47
29
44
7
5
34
26
19
49
31
48
14
20
11
45
6
50
24
35
2
27
33
30
46
28
40
1
17
3
41
12
16
15
32
22
10
45
5
30
46
12
43
39
13
23
26
1
35
22
41
29
34
33
18
27
24
31
32
28
15
50
4
11
20
3
44
9
6
49
19
16
37
21
47
36
14
7
2
25
17
48
10
42
40
38
8
18
48
25
28
8
16
15
36
32
44
6
4
49
20
26
42
21
19
47
5
1
46
45
35
38
33
3
2
11
7
14
43
23
27
10
41
34
17
40
22
13
24
29
9
37
39
50
12
31
30
10
20
35
40
22
19
1
24
50
12
23
43
32
31
14
30
18
3
11
26
2
16
36
9
8
39
45
28
29
17
46
34
44
37
38
7
15
13
5
25
21
6
41
33
42
49
48
47
4
27
14
15
34
8
38
35
47
49
5
45
32
18
26
2
11
20
6
31
43
7
21
48
40
37
29
17
12
33
13
50
30
22
27
4
19
3
41
1
42
28
9
25
44
46
39
23
16
10
24
36
38
26
2
39
50
7
24
12
27
36
45
47
4
8
30
18
20
17
1
42
28
41
11
40
35
49
22
46
44
48
25
19
3
29
33
15
5
31
23
43
6
10
9
14
21
34
13
37
32
16
50
7
16
14
27
47
11
20
19
24
10
37
31
40
35
32
38
22
44
29
13
4
2
23
12
25
21
41
33
30
15
1
5
6
26
28
45
42
46
9
17
8
48
49
43
18
39
36
3
34
22
3
29
31
23
21
8
41
6
18
30
24
14
1
13
38
43
36
46
10
17
50
7
44
25
35
32
42
37
4
11
33
47
45
28
5
2
12
48
26
39
40
15
19
27
20
9
34
16
49
15
34
12
26
35
23
33
21
45
48
20
8
16
46
18
31
1
42
9
17
47
27
44
3
2
10
19
38
4
36
22
25
28
49
6
14
40
43
29
39
32
37
5
13
7
50
11
30
41
24
37
21
28
9
30
40
41
50
8
16
44
2
20
36
22
23
26
13
42
45
11
25
15
4
18
3
6
29
7
33
49
5
1
46
43
39
10
38
47
19
35
27
34
24
32
31
12
14
17
48
35
50
10
21
2
26
29
4
43
20
9
3
41
45
39
7
46
15
18
8
48
37
19
25
42
24
44
31
47
22
5
32
13
38
23
27
16
49
14
34
11
33
30
40
1
36
17
6
12
28
31
46
20
44
24
6
19
7
40
29
27
5
21
12
32
47
11
34
22
41
37
33
30
10
17
42
28
8
50
25
1
49
26
14
3
23
39
9
18
16
43
45
4
48
15
38
36
2
13
35
