26
33
14
15
5
17
18
8
28
13
31
44
7
25
46
12
42
1
34
35
9
6
3
24
47
38
41
4
22
49
50
37
20
40
2
30
19
10
43
36
45
23
32
11
16
48
27
39
29
21
39
37
27
10
41
20
21
40
36
46
5
26
17
50
23
44
34
32
19
30
47
29
43
1
7
28
14
3
42
45
38
12
8
31
4
25
13
48
16
33
22
15
35
2
9
11
24
49
18
6
49
35
33
27
34
14
7
43
48
1
11
13
36
12
50
28
45
8
4
39
24
25
47
41
20
32
5
18
40
16
29
9
17
10
37
26
15
6
31
44
19
21
38
30
46
22
23
3
2
42
36
23
7
22
21
3
48
29
25
39
19
6
44
18
35
14
15
11
8
10
49
34
27
33
41
16
4
45
2
24
42
28
32
5
20
40
43
1
17
46
31
13
37
26
38
47
50
9
30
12
29
17
46
25
27
24
2
5
47
48
35
23
12
34
33
49
3
43
14
13
41
38
39
36
28
9
31
37
32
10
44
50
40
16
45
1
18
30
19
7
26
11
8
15
6
42
20
22
21
4
33
19
43
31
48
46
13
27
35
2
29
40
50
10
5
8
4
26
45
23
15
14
16
47
44
30
17
34
41
32
37
38
6
42
22
49
11
21
9
24
12
39
18
3
36
1
7
28
25
20
42
29
24
50
39
35
20
44
38
33
18
22
27
19
43
3
36
2
13
15
12
31
5
21
6
46
10
47
16
28
41
26
11
30
34
45
49
8
32
37
14
9
40
25
17
7
4
48
23
1
32
14
11
6
1
44
10
15
21
35
24
28
29
48
40
17
23
46
37
12
50
5
22
49
38
45
30
25
27
18
47
39
31
9
13
42
26
20
8
4
16
7
43
34
41
33
3
19
36
2
2
30
41
24
31
39
12
32
34
38
13
45
33
44
42
27
9
47
17
25
6
7
29
26
11
48
46
19
15
23
35
16
50
3
18
43
36
22
20
49
37
5
14
10
4
21
40
1
8
28
1
22
23
43
18
49
4
46
26
5
38
39
2
14
25
15
8
9
7
27
40
20
37
19
13
50
16
29
35
11
21
17
24
34
41
47
28
33
3
10
30
48
36
12
31
44
32
6
42
45
23
32
13
3
16
45
35
9
7
6
47
42
43
33
10
24
28
49
39
34
11
1
44
46
40
12
50
14
30
5
31
21
15
25
36
41
4
26
2
18
48
22
27
38
20
17
37
8
19
29
45
48
2
34
4
12
9
25
17
30
33
32
3
26
15
40
1
20
28
16
18
11
10
5
19
31
37
22
14
42
27
8
38
24
46
39
6
36
41
47
44
35
50
7
29
13
21
43
49
23
47
16
6
32
36
15
23
30
46
31
2
14
25
5
27
4
24
44
49
18
42
43
40
20
34
8
48
17
12
38
10
13
37
26
7
11
39
19
1
28
50
3
22
45
33
35
29
21
9
41
18
24
32
49
10
25
14
39
2
22
17
1
8
21
7
36
29
50
35
4
27
23
33
16
15
11
42
40
31
9
34
48
12
28
47
19
44
38
30
3
41
43
6
37
26
45
5
13
20
46
5
43
4
16
19
34
46
33
10
7
42
9
48
30
3
26
32
6
25
20
38
21
31
8
23
47
35
49
18
37
39
27
2
50
40
13
41
44
24
12
29
1
45
36
14
15
22
11
28
17
34
45
39
23
20
42
32
26
11
19
21
33
6
47
24
16
48
41
36
1
37
9
17
22
31
35
49
43
4
40
8
44
14
13
29
10
50
7
46
15
2
28
12
18
25
27
30
38
5
3
17
46
48
35
15
33
36
22
39
47
25
16
30
23
49
9
10
5
3
32
45
40
42
2
21
41
38
7
8
14
20
18
19
12
6
4
29
11
13
31
28
27
26
1
37
43
44
24
34
50
41
25
31
48
44
50
33
14
22
11
40
12
18
13
4
37
2
16
10
38
36
35
1
42
9
26
34
5
6
29
19
23
43
7
8
46
17
32
27
30
15
49
21
39
3
24
28
20
45
47
24
6
49
19
45
27
3
2
20
34
41
38
10
42
36
11
17
28
31
22
44
30
18
39
1
23
43
12
46
15
40
4
48
47
21
29
9
25
33
32
8
16
13
5
50
14
26
7
35
37
12
2
3
45
32
48
17
28
24
50
16
19
47
37
41
30
13
10
15
9
7
8
21
38
26
29
27
1
43
39
36
11
4
33
42
34
14
18
35
23
40
31
20
22
49
6
46
25
44
5
21
9
38
1
33
41
6
37
29
3
43
7
15
22
12
5
27
25
23
46
10
48
26
30
16
44
36
13
28
2
24
20
18
8
11
17
35
14
50
42
49
34
31
32
19
4
45
40
47
39
44
38
26
36
14
9
28
3
1
21
4
50
24
32
34
13
41
27
40
33
25
10
23
18
49
15
39
16
19
12
45
29
7
17
35
2
47
37
6
20
42
30
11
31
22
5
8
46
48
43
20
44
17
29
50
2
31
10
9
8
26
49
35
11
6
34
5
37
30
28
33
36
13
48
43
3
7
24
21
27
4
42
45
23
39
12
46
15
22
19
32
14
16
47
40
25
41
18
1
38
13
5
9
30
11
18
42
36
37
14
7
17
46
27
45
41
50
35
29
44
19
28
8
12
10
21
33
26
34
1
48
3
16
39
32
31
22
4
38
6
25
20
24
49
47
40
2
23
43
15
8
27
22
18
37
6
34
11
42
4
15
10
28
9
21
1
25
23
12
49
20
13
24
45
14
5
2
48
39
30
16
46
36
19
3
38
31
50
7
41
47
32
17
44
35
29
43
33
26
40
6
4
5
42
43
29
25
19
15
37
50
31
38
3
44
39
47
48
32
7
22
12
9
13
46
10
24
27
1
21
28
35
30
41
17
36
8
45
34
11
20
18
49
16
23
2
33
26
40
14
46
12
1
13
40
4
45
16
44
10
28
36
19
17
20
33
14
30
24
21
43
49
41
29
22
2
15
9
48
47
6
31
42
11
25
8
7
34
37
27
18
26
23
35
5
3
38
50
39
32
3
8
40
7
26
30
5
42
49
28
22
48
37
35
16
2
19
39
38
47
14
15
25
11
27
20
1
44
10
46
32
36
41
21
9
24
23
43
12
45
4
50
33
29
13
34
6
17
31
18
38
41
8
20
28
36
27
6
18
49
9
34
39
15
37
22
31
33
16
19
3
44
50
7
24
43
12
23
25
26
17
32
47
2
30
48
42
40
45
21
5
46
1
4
11
10
35
29
14
13
40
1
42
33
6
5
16
18
3
32
37
11
45
28
19
48
12
17
26
2
46
22
14
43
4
13
8
31
38
34
23
15
21
20
49
35
25
39
10
29
36
44
7
50
24
30
47
41
27
9
7
36
44
4
47
28
30
50
31
17
10
41
11
38
9
35
49
24
6
43
29
39
48
14
33
18
40
15
20
19
13
2
26
22
5
16
45
27
21
1
3
12
46
23
8
32
34
42
37
25
43
47
15
5
7
11
22
31
12
23
34
25
49
24
1
46
35
40
21
45
28
26
38
17
3
37
29
50
36
13
18
10
9
32
14
20
48
16
44
2
27
41
39
42
30
8
19
4
6
33
10
11
19
41
3
13
38
1
16
9
12
20
5
4
8
45
40
21
48
37
23
2
35
32
39
22
18
36
49
43
7
30
25
15
50
6
24
29
26
17
34
47
42
27
28
46
14
31
33
44
11
42
47
38
17
37
26
34
14
45
49
29
9
16
31
25
22
12
2
3
4
24
6
50
30
1
13
35
23
41
43
7
33
48
15
21
32
28
39
8
46
40
5
20
44
36
18
27
10
19
19
10
18
11
42
31
37
48
33
41
3
27
1
29
28
43
30
4
50
14
16
17
20
34
32
49
26
39
5
8
12
40
22
6
24
44
38
35
15
13
23
36
47
21
2
9
25
45
46
7
27
49
37
39
13
32
40
17
30
42
46
43
34
7
48
50
16
14
20
6
35
18
4
28
45
36
47
21
26
3
33
41
29
1
44
9
12
24
25
5
38
19
2
8
10
23
31
15
11
22
16
28
21
2
25
22
50
47
8
43
36
46
13
45
38
6
39
29
41
40
30
3
12
27
5
7
9
42
17
31
1
14
49
18
48
32
20
23
11
35
24
4
19
33
34
37
10
44
15
26
28
13
50
12
29
8
44
35
41
27
14
15
23
49
17
21
46
45
33
36
5
42
32
6
37
34
25
30
24
20
26
47
39
43
31
22
3
2
4
48
10
38
9
40
18
19
1
16
7
11
4
18
36
37
9
38
43
23
13
25
8
21
42
39
47
29
44
7
5
50
26
19
49
31
48
14
20
11
45
6
2
24
34
35
27
33
30
46
28
40
1
17
3
41
12
16
15
32
22
10
30
40
45
46
12
43
39
13
23
26
1
35
22
41
29
19
33
18
27
24
31
32
34
15
50
4
11
20
3
44
9
6
10
49
16
37
21
47
36
14
7
2
25
17
48
28
42
5
38
8
37
31
25
28
8
16
15
38
32
44
6
4
41
20
26
42
21
19
47
5
1
46
45
35
36
33
3
2
11
48
14
43
23
27
10
18
34
17
40
22
13
24
29
9
7
39
49
12
50
30
15
20
35
40
22
19
1
24
50
12
23
30
32
31
14
10
18
3
11
26
2
16
36
9
8
39
45
28
29
17
46
34
44
37
38
7
33
13
5
25
21
6
41
43
42
49
48
47
4
27
14
15
34
8
38
10
47
49
5
40
32
18
26
2
11
20
6
31
43
48
21
45
28
37
29
17
23
33
13
7
30
22
27
4
19
3
1
41
42
50
9
25
44
46
39
12
16
35
24
36
9
39
30
17
49
7
24
12
45
36
48
47
4
8
2
18
20
38
1
42
34
41
11
40
35
27
22
46
44
50
25
19
3
29
33
15
5
31
23
43
6
10
28
14
21
26
13
37
32
16
50
7
16
14
46
47
11
20
19
24
45
37
31
40
30
32
38
22
44
29
13
4
2
23
12
25
21
41
33
35
15
1
5
36
26
28
27
42
49
9
17
8
48
6
43
18
39
10
3
34
22
3
29
47
23
21
8
41
6
18
30
24
14
1
13
38
43
36
46
31
17
50
7
44
25
40
32
10
37
4
11
33
35
45
28
5
2
12
48
26
39
42
15
19
27
20
9
34
16
49
48
34
12
26
35
23
49
21
4
15
20
8
16
43
18
31
7
42
9
17
32
27
46
3
2
6
19
38
47
36
22
25
28
44
1
14
40
5
29
39
33
37
10
13
45
50
11
30
41
24
25
21
28
9
30
40
41
45
27
16
44
2
20
36
22
23
26
13
42
11
39
37
15
4
18
19
6
8
7
33
49
5
1
46
43
50
10
3
47
38
35
29
34
24
32
31
12
14
17
48
35
50
10
21
2
26
29
4
43
20
39
3
40
46
32
7
37
15
18
8
48
47
19
25
42
24
44
6
9
22
5
45
13
38
23
27
16
49
14
34
11
33
30
28
1
41
17
36
12
31
31
26
20
44
24
1
19
7
40
29
27
5
21
6
39
47
11
34
22
41
8
33
30
10
17
42
28
32
50
25
3
49
46
14
12
23
37
9
18
16
43
45
4
48
15
38
36
2
13
35
