26
33
14
15
39
5
11
8
18
13
31
44
7
25
46
12
42
1
34
35
9
6
38
24
47
23
41
4
22
49
50
37
20
40
2
30
19
10
43
36
45
3
32
28
16
48
27
17
29
21
33
37
27
10
41
20
21
7
36
46
5
26
40
50
23
44
34
47
19
30
39
29
43
1
32
28
14
3
42
45
38
12
31
2
17
25
13
48
16
4
22
15
35
8
9
11
24
49
18
6
49
35
33
27
34
25
7
30
48
1
11
13
36
12
50
28
45
8
4
39
24
14
47
41
20
46
5
29
23
16
32
9
17
10
37
26
15
6
31
44
19
40
38
43
18
22
21
3
2
42
36
23
7
22
21
3
48
29
25
35
19
6
44
18
30
14
15
11
8
10
49
34
27
33
41
16
4
45
2
50
42
28
32
5
39
40
43
1
17
46
31
13
37
26
38
47
20
9
24
12
29
17
46
25
27
24
2
9
28
21
35
23
12
34
33
49
3
43
14
13
41
38
39
22
37
20
31
36
32
10
44
50
40
16
45
1
18
30
19
5
26
11
8
15
6
42
47
48
7
4
30
19
43
31
48
46
13
27
33
22
2
40
50
10
5
8
16
26
45
23
15
35
18
47
44
7
17
34
41
32
3
38
6
42
4
14
11
21
9
24
12
39
29
37
36
1
49
28
25
20
42
29
24
50
25
17
20
44
38
33
18
22
27
19
43
3
36
35
13
15
12
31
5
21
6
9
10
47
16
28
41
26
11
30
34
45
49
8
32
37
14
48
40
2
46
7
4
39
23
1
32
14
11
6
1
35
10
40
21
36
24
28
29
48
4
17
23
46
30
12
50
5
22
49
33
45
44
25
27
18
47
39
37
9
13
42
26
20
15
38
16
7
43
34
41
8
3
19
31
2
2
30
41
24
31
39
12
32
34
38
13
45
47
44
42
16
9
50
17
25
6
7
29
26
11
48
46
19
5
23
35
14
18
3
15
43
36
22
20
49
37
27
28
10
4
21
40
1
8
33
1
48
23
43
18
6
4
46
24
5
38
39
2
14
25
15
8
9
7
27
40
20
37
19
13
50
16
49
35
11
21
17
26
34
41
47
29
28
3
10
30
36
12
33
31
44
32
22
42
45
23
32
13
3
16
45
33
43
7
6
47
42
8
9
10
24
28
49
39
48
11
1
44
46
40
12
50
14
30
5
31
21
15
25
36
35
4
26
2
18
20
22
27
38
34
17
37
41
19
29
43
31
2
34
4
12
9
25
17
30
33
32
3
45
15
39
48
20
28
16
18
11
10
5
19
38
37
22
14
42
27
8
49
24
46
29
6
36
41
47
44
35
50
7
26
13
1
40
21
23
47
2
6
32
37
15
23
39
46
31
9
14
25
5
27
4
24
44
49
18
42
43
16
20
34
13
48
17
12
38
36
40
8
26
7
11
28
19
1
3
50
21
22
45
33
35
29
10
30
41
12
22
32
49
10
18
14
15
2
41
17
1
37
26
7
40
29
25
35
4
27
8
33
16
38
11
42
39
31
9
34
48
24
28
47
19
44
3
50
13
36
43
6
30
23
45
5
21
20
46
5
43
4
16
19
34
36
33
10
7
42
31
48
30
39
26
32
6
25
20
38
21
3
8
23
47
35
9
18
24
37
27
2
50
40
13
41
44
46
12
29
1
45
49
14
15
22
11
28
17
48
45
39
23
20
42
22
26
11
19
21
33
6
47
24
35
37
41
36
1
4
9
17
32
31
27
49
43
10
40
8
16
46
12
29
44
50
7
34
15
2
28
13
18
25
14
30
38
5
3
17
5
48
35
15
33
3
22
39
47
25
16
30
42
49
27
10
32
37
31
45
40
9
2
21
41
38
7
8
14
20
18
19
36
12
4
46
11
13
6
28
23
26
1
29
43
44
24
34
50
41
25
31
33
44
50
35
14
22
11
40
12
18
13
2
37
4
16
10
38
36
48
1
42
9
26
34
5
6
29
19
23
43
7
8
46
17
32
27
30
15
49
21
39
3
24
28
20
45
47
24
6
38
19
45
27
18
2
20
34
41
49
10
3
36
11
17
28
31
22
44
30
42
13
1
29
43
12
46
15
40
4
14
47
21
39
9
25
33
32
8
16
48
5
50
23
26
7
35
37
34
24
3
45
32
48
17
28
8
50
16
30
13
37
41
36
2
10
15
9
7
47
21
38
26
19
27
1
43
39
29
11
4
33
42
12
14
18
35
23
40
31
20
22
49
6
46
25
44
5
21
9
50
48
33
41
6
37
29
3
43
7
15
22
12
5
27
17
40
46
1
45
26
30
16
44
36
13
28
2
24
20
38
8
11
10
35
14
25
42
49
34
31
32
19
4
23
18
47
39
9
38
26
36
49
44
28
3
1
40
4
50
24
32
34
13
41
27
21
33
25
10
23
18
43
15
39
16
19
12
45
29
7
17
35
2
47
37
6
20
42
30
11
31
22
5
8
46
48
14
20
44
17
29
46
2
31
10
9
8
26
19
35
11
6
30
5
37
47
28
33
36
13
48
49
32
7
24
21
27
4
42
45
23
18
34
39
15
22
50
3
14
16
12
40
25
41
43
1
38
35
13
9
1
11
49
42
5
37
14
30
17
46
27
45
41
50
2
29
44
19
28
8
12
10
21
33
26
34
6
48
3
16
39
32
18
22
4
38
31
25
20
24
36
47
40
7
23
43
15
8
27
22
18
5
9
34
11
42
4
15
10
28
21
3
1
25
23
12
49
37
13
24
45
14
30
2
48
39
20
16
46
36
19
6
38
31
50
7
41
47
32
17
44
35
29
43
33
26
40
6
4
5
42
43
29
25
19
15
37
50
9
38
23
44
34
47
48
32
7
22
12
14
39
46
10
3
27
1
21
28
35
30
41
20
36
8
45
24
11
13
18
49
16
17
2
33
26
40
31
46
12
1
13
40
4
45
16
44
10
28
36
19
17
20
33
14
30
24
21
43
49
41
29
22
2
15
38
48
47
6
31
42
11
25
8
7
34
37
27
18
9
23
3
5
26
35
50
39
32
3
8
40
7
26
30
5
42
49
28
22
48
17
35
32
2
19
39
38
37
20
15
25
11
27
31
1
44
47
46
10
36
41
21
9
24
23
43
12
45
4
50
33
29
13
34
6
16
14
18
18
41
8
20
28
36
27
6
35
49
14
34
39
15
37
22
38
33
16
19
3
44
50
7
24
43
12
23
25
26
17
32
47
31
30
48
42
40
45
21
5
46
1
4
11
10
2
29
9
13
40
1
42
47
36
13
16
18
3
32
37
11
33
28
19
48
12
5
26
2
46
22
31
43
4
35
8
6
38
34
23
45
21
20
49
17
25
39
10
29
41
44
7
50
24
30
14
15
27
9
7
26
44
4
47
28
30
50
31
17
29
41
11
38
35
9
49
24
6
43
10
39
32
14
36
18
40
15
20
19
13
2
48
22
5
16
45
27
21
1
33
12
46
23
8
3
34
42
37
25
25
47
15
5
7
11
49
31
12
45
34
38
43
24
1
46
35
40
23
50
29
26
28
17
3
37
21
8
36
13
18
10
9
32
14
20
48
16
44
2
27
41
39
42
30
33
19
4
6
22
37
11
19
41
3
10
32
1
16
9
12
20
5
4
8
45
13
21
48
14
23
2
35
36
39
22
18
40
49
43
7
30
25
15
50
6
24
29
26
17
34
47
42
27
28
46
38
31
33
44
11
42
47
38
17
37
26
34
4
23
49
29
9
16
31
25
40
12
2
3
28
24
6
50
30
1
13
35
15
41
43
7
33
48
22
21
32
5
39
8
46
45
14
20
44
36
18
27
10
19
19
10
49
11
42
31
37
48
14
39
3
27
1
29
28
43
30
4
50
36
16
17
20
34
15
5
26
32
40
8
12
44
22
13
24
41
38
35
18
33
23
6
47
21
2
9
25
45
46
7
27
49
37
39
13
32
40
17
30
42
46
25
34
7
48
50
22
14
20
6
35
18
4
28
45
36
23
21
26
3
33
15
29
1
44
9
12
24
5
16
38
19
2
47
10
41
31
8
11
43
16
28
21
2
14
22
50
47
45
43
36
46
49
33
38
6
39
29
41
40
30
3
12
27
5
8
9
42
17
31
1
13
34
18
48
32
20
23
11
35
24
4
19
25
7
37
10
44
15
26
14
16
18
12
29
8
44
35
41
27
7
15
23
49
17
21
1
45
33
32
5
42
46
6
28
34
25
30
24
37
26
47
39
43
31
22
3
2
4
48
10
38
9
40
20
19
50
13
36
11
4
18
36
37
9
38
43
23
13
25
8
21
42
39
47
29
44
7
5
34
26
19
49
31
48
14
20
11
45
35
2
24
50
6
27
33
30
46
28
40
1
17
3
41
12
16
15
32
22
10
45
40
30
46
12
43
39
13
23
26
1
35
22
41
29
19
33
18
27
24
31
32
34
15
50
4
11
20
3
44
9
6
10
49
16
37
21
47
36
14
7
2
25
17
48
28
42
5
38
8
13
50
25
28
8
16
15
38
32
44
6
4
41
20
26
42
21
19
3
5
47
46
45
35
7
33
29
2
11
1
14
43
23
27
10
31
34
17
40
22
48
24
18
9
37
39
36
12
49
30
15
20
35
40
22
19
1
24
50
12
23
43
32
31
14
10
18
3
11
26
2
16
36
9
8
39
45
28
29
17
46
34
44
37
38
7
33
13
30
25
21
5
41
6
42
49
48
47
4
27
10
15
34
8
38
14
47
49
5
48
32
18
26
2
11
20
6
31
43
45
21
23
40
37
29
17
24
33
13
7
30
22
27
4
19
3
1
41
42
28
9
25
44
46
39
12
16
35
50
36
28
39
45
17
50
7
24
12
26
2
48
47
4
8
9
18
20
38
1
42
34
41
11
40
35
49
22
46
44
30
25
19
3
29
33
15
5
31
23
43
6
10
36
14
21
27
13
37
32
16
50
7
16
14
6
47
38
20
19
24
45
37
31
40
21
32
46
22
44
29
13
4
2
23
12
25
30
41
33
48
15
1
5
35
26
28
27
42
49
9
17
8
10
11
43
18
39
36
3
34
22
3
29
30
23
21
8
41
6
18
10
24
14
1
13
38
43
36
46
47
17
50
7
44
25
40
32
31
37
4
11
33
35
45
28
5
2
12
48
26
39
42
15
19
27
20
9
34
16
49
38
34
12
26
35
23
46
21
47
15
20
8
16
43
18
31
7
42
9
17
14
27
48
3
2
6
19
10
4
36
22
25
28
44
1
49
40
33
29
39
32
37
5
13
45
50
11
30
41
24
39
21
28
9
30
40
41
45
27
16
44
2
20
36
22
23
26
13
42
11
8
25
15
4
18
3
6
37
7
33
49
5
1
46
43
50
10
38
47
19
35
29
34
24
32
31
12
14
17
48
44
36
10
21
2
26
29
4
43
20
39
3
45
46
40
7
31
15
18
8
48
37
19
25
42
24
47
50
9
22
5
41
13
38
23
27
16
49
14
34
11
33
30
35
1
32
17
6
12
28
31
46
20
44
24
1
19
36
40
29
27
5
21
6
16
47
11
34
22
41
32
33
30
10
17
42
28
18
50
25
39
49
12
14
3
23
37
9
8
7
43
26
4
48
15
38
45
2
13
35
