26
50
14
15
39
28
33
8
38
13
31
44
7
25
46
12
42
17
34
35
9
6
18
24
47
3
41
4
22
49
23
37
20
40
2
30
19
10
43
36
45
5
32
11
16
48
27
1
29
21
15
37
27
10
41
20
21
40
36
46
5
26
17
50
23
44
34
32
19
30
39
29
43
1
7
28
47
3
42
45
38
12
48
31
8
25
13
4
16
33
22
14
35
2
9
11
24
49
18
6
49
35
33
27
34
25
7
43
48
1
11
13
36
12
50
28
45
8
4
39
24
14
47
41
20
19
5
18
40
16
32
9
17
10
37
29
46
6
31
44
15
23
38
21
26
22
2
3
30
42
36
23
7
22
21
3
48
29
25
39
19
6
44
18
30
14
15
11
8
50
49
34
27
33
41
16
4
45
2
1
42
10
32
5
20
40
43
28
17
46
31
13
37
26
38
47
35
9
24
12
29
17
46
25
5
24
2
7
27
48
35
23
12
3
33
49
37
43
14
13
41
38
39
22
34
20
31
36
32
10
44
50
40
16
45
1
18
30
19
28
26
11
8
15
6
42
47
21
9
4
37
19
43
30
48
46
13
27
33
22
29
40
50
10
5
8
7
26
45
23
15
35
31
47
44
6
17
34
41
32
3
38
14
42
4
2
11
21
9
24
12
39
18
16
36
1
49
28
25
20
42
29
24
50
46
41
20
44
35
33
18
22
27
19
43
3
36
2
13
15
12
31
5
21
6
38
10
47
16
28
39
26
11
30
34
45
49
8
32
37
14
9
40
25
17
7
4
48
23
1
32
14
11
6
1
44
10
15
21
35
24
28
29
48
4
17
23
46
37
12
50
5
22
49
38
45
30
25
27
18
47
39
31
9
13
42
26
20
33
7
16
40
43
34
41
8
3
19
36
2
2
30
41
1
31
39
12
32
34
38
13
45
47
44
42
27
9
5
17
25
6
7
29
26
11
48
46
19
15
23
35
14
18
3
24
43
36
22
20
49
37
50
28
10
4
21
40
16
8
33
1
36
23
43
18
49
4
46
26
5
38
39
2
14
25
15
8
9
7
27
40
20
37
19
13
50
16
29
35
11
21
17
24
34
41
47
33
48
3
10
30
22
12
28
31
44
32
6
42
45
23
32
13
3
16
45
22
9
7
2
47
42
41
43
10
24
28
49
39
6
11
1
34
46
40
12
50
14
30
5
31
21
15
25
36
35
4
26
8
18
33
48
27
38
20
17
37
44
19
29
48
31
2
34
4
12
9
25
17
30
33
32
3
45
15
39
26
20
28
16
18
11
10
5
19
40
37
22
14
42
27
8
38
24
46
41
6
36
1
47
44
35
50
7
29
13
21
43
49
23
47
39
6
32
37
15
23
34
46
31
30
14
25
9
27
4
24
44
49
18
42
43
16
20
28
8
48
17
12
38
5
40
10
26
7
11
1
19
2
13
50
3
22
45
33
35
29
36
21
41
44
22
32
49
10
18
14
30
2
21
17
1
37
26
7
40
29
25
35
4
27
23
33
16
15
11
42
39
31
9
34
48
12
28
47
19
41
3
50
38
36
43
6
8
24
45
5
13
20
46
5
43
4
16
19
34
36
33
10
7
42
31
48
30
21
26
32
6
25
20
38
24
46
8
23
47
35
9
18
37
41
27
2
50
40
13
39
44
49
12
29
1
45
3
14
15
22
11
28
17
12
45
39
23
20
42
46
26
11
19
21
33
6
47
24
35
22
41
36
1
4
9
17
32
31
10
49
43
48
40
8
16
37
13
29
44
50
7
34
15
2
28
14
18
25
27
30
38
5
3
17
5
48
35
15
33
3
22
39
47
25
16
30
23
49
9
10
37
42
36
45
40
32
2
21
41
38
7
8
14
20
18
19
12
6
4
27
11
13
31
28
29
26
1
46
43
44
24
34
50
41
25
31
33
44
50
35
14
22
11
40
12
18
13
2
37
4
16
10
38
36
8
1
42
9
26
34
5
6
29
19
23
43
7
15
46
17
32
27
30
48
49
21
39
3
24
28
20
45
47
24
6
38
19
45
27
18
2
20
34
41
49
10
33
36
11
3
28
31
22
44
30
42
13
1
29
43
12
46
15
40
4
35
47
21
14
9
25
7
32
8
16
48
5
50
23
26
39
17
37
34
24
3
45
32
48
17
28
8
50
16
19
13
37
41
36
2
10
15
9
7
47
12
38
26
30
27
1
43
39
29
11
4
33
42
21
14
18
35
23
40
31
20
22
49
6
46
25
44
5
21
9
50
48
33
17
6
37
29
3
43
7
15
22
12
5
27
1
40
46
10
45
38
30
16
44
36
13
28
2
24
20
26
8
11
18
35
14
25
42
49
34
31
32
19
4
23
41
47
39
9
38
26
36
49
1
28
3
47
40
4
50
24
32
34
13
41
27
21
33
25
10
23
18
43
15
39
16
19
12
45
29
7
2
35
17
44
37
6
20
42
30
11
31
22
5
8
46
48
14
20
44
17
29
14
2
31
10
9
8
26
30
35
11
6
34
5
50
46
28
33
37
13
48
49
32
7
24
21
27
4
42
45
23
39
12
47
15
22
3
19
36
16
43
40
25
41
18
1
38
18
2
9
31
11
13
42
1
37
14
7
17
46
27
45
41
50
35
29
44
19
28
8
12
10
21
33
26
34
6
48
3
16
39
32
49
22
5
38
4
25
20
24
30
47
40
36
23
43
15
8
27
22
18
6
5
34
11
42
4
15
10
28
21
20
1
25
23
12
49
37
13
24
45
14
9
2
48
39
7
16
46
36
19
3
38
31
50
30
41
47
32
17
44
35
29
43
33
26
40
13
4
5
42
43
29
25
19
15
37
50
9
38
6
44
16
47
48
32
7
22
12
3
39
46
23
14
27
1
21
28
35
30
41
17
36
8
45
24
11
20
18
10
49
34
2
33
26
40
31
46
12
1
13
40
4
45
16
44
41
28
36
19
17
9
33
14
30
24
21
43
49
48
29
22
2
15
38
10
47
6
31
42
11
25
8
7
34
37
27
18
26
23
35
5
3
20
50
39
32
3
8
40
7
26
30
5
50
49
28
22
48
34
42
16
2
19
39
38
10
20
15
25
11
32
31
1
44
47
46
37
36
41
21
9
24
23
43
12
45
4
27
33
29
13
14
6
17
35
18
14
41
8
20
28
36
27
6
18
49
9
34
39
35
37
22
31
33
16
19
3
44
50
7
24
43
12
23
25
26
10
15
47
17
30
48
42
40
45
21
5
46
1
4
11
32
38
29
2
13
33
1
42
24
36
35
16
18
3
32
37
11
40
28
19
48
12
47
26
2
46
22
41
43
4
5
8
6
38
34
17
45
21
20
49
31
25
39
10
29
13
44
7
50
23
30
14
15
27
9
7
33
44
4
47
9
30
45
31
17
48
41
11
38
32
10
49
24
6
43
28
39
26
14
35
18
40
15
20
19
13
2
50
22
5
16
29
27
21
1
3
12
46
23
8
36
34
42
37
25
25
47
15
5
7
11
49
31
12
10
34
38
43
24
1
46
35
40
23
48
8
26
21
17
3
37
29
50
36
13
18
28
9
32
14
20
45
16
44
2
27
41
39
42
30
33
19
4
6
22
40
11
19
41
3
14
32
38
16
9
12
20
5
4
8
45
13
21
48
37
23
2
35
36
39
22
18
10
49
43
7
30
25
15
50
6
24
29
26
17
34
47
42
27
28
46
1
31
33
44
11
42
47
38
17
37
26
5
4
45
49
29
9
16
31
25
40
12
2
3
14
21
6
50
30
1
13
35
23
24
43
7
33
48
22
34
32
41
39
8
46
15
36
20
44
28
18
27
10
19
19
10
49
11
42
31
37
48
24
15
3
27
1
29
28
43
30
4
50
14
16
17
20
34
33
13
26
32
5
8
12
44
22
36
18
39
38
35
41
6
23
21
47
40
2
9
25
45
46
7
27
49
37
39
13
32
40
17
30
42
46
25
8
7
48
50
16
14
20
47
35
18
4
28
45
36
23
21
26
3
33
41
29
1
44
9
12
24
15
5
38
19
2
6
10
34
31
22
11
43
16
28
21
2
25
22
50
47
14
43
36
46
33
34
38
6
39
29
41
40
30
3
44
27
5
7
9
42
17
31
1
13
49
18
48
32
20
23
11
35
24
4
19
12
45
37
10
8
15
26
28
16
18
12
29
8
44
35
41
27
14
15
23
49
17
21
46
45
33
32
5
42
9
6
36
34
25
30
24
20
26
47
39
43
31
22
3
2
4
48
10
38
13
37
1
19
50
40
7
11
4
18
36
37
9
38
43
23
13
25
8
21
42
39
47
29
44
7
5
34
26
19
49
31
48
14
20
11
45
50
2
24
6
35
27
33
30
46
28
40
1
17
3
41
12
16
15
32
22
10
30
40
45
46
12
43
39
13
23
26
1
35
22
41
29
19
33
18
27
24
31
32
28
15
50
4
11
20
3
44
9
6
34
49
16
37
21
47
36
14
7
2
25
17
48
10
42
5
38
8
38
13
25
28
8
16
15
36
32
44
6
4
49
20
26
42
21
19
47
5
1
46
45
35
37
33
3
2
11
48
14
43
23
27
10
50
34
17
40
22
41
24
29
9
18
39
7
12
31
30
10
20
35
40
22
19
1
24
50
12
23
43
32
31
14
30
18
3
11
26
2
16
36
9
8
39
45
28
29
17
46
34
44
37
38
7
15
13
5
25
21
6
41
33
42
49
48
47
4
27
35
15
34
8
38
10
47
49
5
23
32
18
26
2
11
20
6
31
43
45
21
48
40
37
29
17
24
33
13
41
30
22
27
4
19
3
28
1
42
50
9
25
44
46
39
12
16
7
14
36
45
48
30
17
50
7
24
12
28
36
2
47
4
8
39
18
20
38
1
42
34
41
11
40
27
49
22
46
44
35
25
19
3
29
33
15
5
31
23
43
6
10
9
14
21
26
13
37
32
16
50
7
16
14
27
47
11
20
19
24
45
37
31
40
35
32
38
22
44
29
13
4
2
23
12
25
21
41
33
30
15
1
5
6
26
28
48
42
46
9
17
8
49
36
43
18
39
10
3
34
22
3
29
47
23
21
8
41
6
18
10
24
14
1
13
38
43
36
30
31
17
50
7
44
25
35
32
40
37
4
11
33
46
45
28
5
2
12
48
26
39
42
15
19
27
20
9
34
16
49
43
34
12
26
35
23
38
21
45
6
20
8
16
15
18
31
48
42
9
17
47
27
14
3
2
46
19
49
4
36
22
25
28
44
1
10
40
33
29
39
32
37
5
13
7
50
11
30
41
24
39
21
28
9
30
40
41
42
1
16
44
2
20
36
22
23
17
13
3
11
29
25
15
4
18
27
6
37
7
33
49
5
8
46
43
26
10
38
47
19
35
45
34
24
32
31
12
14
50
48
6
46
10
21
2
26
29
4
43
20
39
3
45
5
40
7
1
15
18
8
48
36
19
25
42
24
44
31
9
22
50
32
13
38
23
27
16
49
14
34
11
33
30
47
37
41
17
35
12
28
31
26
20
44
24
6
19
39
40
29
27
5
21
46
3
47
11
34
22
41
32
33
30
10
17
42
28
8
50
25
36
49
1
14
12
23
37
9
18
16
43
7
4
48
15
38
45
2
13
35
