26
33
14
15
37
17
18
8
50
13
31
44
7
25
46
12
42
1
34
35
9
6
3
24
47
38
41
4
22
49
5
28
20
40
2
30
19
10
43
36
45
23
32
11
16
48
27
39
29
21
14
37
27
10
41
20
21
7
36
46
5
26
17
50
23
44
34
2
19
30
39
29
43
1
33
28
15
3
42
45
38
12
47
31
8
25
13
32
16
4
22
48
35
40
9
11
24
49
18
6
49
35
33
27
46
25
7
43
48
1
11
13
36
18
50
28
45
8
4
39
24
14
47
41
20
32
5
29
40
16
23
9
17
10
37
2
15
6
31
44
19
26
38
12
34
22
21
3
30
42
36
23
7
22
21
3
48
29
25
39
19
6
24
35
30
14
15
11
8
10
49
34
27
33
41
16
4
45
2
44
42
37
32
5
20
40
43
1
17
46
31
13
18
26
38
28
47
9
50
12
29
17
22
25
34
24
2
5
47
48
35
23
12
46
33
49
37
43
14
13
41
38
39
36
28
7
31
9
32
10
44
50
40
16
45
1
18
30
19
3
26
11
8
15
6
42
20
21
27
4
33
19
43
30
48
46
13
27
4
22
2
40
50
10
5
8
31
26
45
23
15
7
16
47
44
3
17
34
41
32
29
38
6
42
18
14
11
21
9
24
12
39
49
37
36
1
35
28
25
20
42
29
24
50
39
35
20
44
38
33
18
22
27
19
43
3
36
25
13
15
12
31
5
21
6
46
10
47
16
28
41
26
11
30
34
45
49
8
32
37
14
9
40
2
17
7
4
48
23
1
32
14
11
6
1
44
10
40
21
35
24
28
29
48
4
17
23
46
30
12
50
5
22
49
37
45
36
25
27
18
47
39
38
9
13
42
26
20
8
31
16
7
43
34
41
33
3
19
15
2
2
30
41
24
31
39
12
32
34
38
13
45
33
44
42
16
9
50
17
25
6
47
29
26
11
48
46
19
15
23
35
14
18
3
1
43
36
22
20
49
37
27
5
10
4
21
40
7
8
28
1
24
23
43
18
49
4
46
26
5
38
39
2
14
25
15
8
9
7
27
40
20
37
19
13
50
16
36
35
11
21
17
10
34
41
47
48
28
3
33
30
29
12
6
31
44
32
22
42
45
23
32
13
3
16
45
35
9
7
6
47
42
34
33
10
24
28
49
39
11
8
1
44
46
40
12
50
14
30
5
31
21
15
25
36
41
4
26
2
18
48
22
27
38
20
17
37
43
19
29
48
26
2
34
4
12
9
25
17
30
33
32
43
45
15
40
3
20
28
16
18
11
10
5
19
31
37
22
14
42
27
8
49
24
46
39
6
36
1
47
44
35
50
7
29
13
38
41
21
23
47
40
6
32
5
15
23
39
46
31
10
14
25
9
27
4
24
44
49
18
42
43
21
20
34
8
48
17
12
38
3
13
37
26
7
11
1
19
30
28
50
36
22
45
33
35
29
16
2
41
25
22
32
49
10
13
14
30
2
23
17
1
40
12
7
36
29
37
35
4
27
21
33
16
15
11
42
18
31
9
34
48
24
28
47
19
39
41
50
38
3
43
6
8
26
45
5
44
20
46
5
43
4
16
19
34
49
33
10
7
42
9
48
30
21
26
32
6
25
20
38
36
46
8
23
47
35
31
18
41
39
27
2
50
40
13
37
44
24
12
29
1
45
3
14
15
22
11
28
17
37
45
39
23
20
42
46
26
11
19
21
33
6
47
24
27
4
41
36
1
32
9
17
22
31
35
49
43
48
40
8
16
14
13
29
44
50
7
34
15
2
28
10
18
25
12
30
38
5
3
17
46
48
35
15
33
32
22
39
47
25
16
30
23
49
9
10
5
42
36
45
40
31
2
21
41
38
7
8
14
20
18
19
12
3
4
29
11
13
27
28
6
26
1
37
43
44
24
34
50
41
25
31
48
44
50
33
14
22
11
40
12
18
13
2
37
7
16
10
32
36
8
1
42
9
26
34
5
6
29
19
23
43
35
4
46
17
38
27
30
15
49
21
39
3
24
28
20
45
47
24
6
18
19
45
27
3
2
20
34
41
38
10
15
36
11
17
28
31
22
44
30
42
39
1
23
43
12
46
7
40
4
48
47
21
35
9
25
33
32
8
16
29
5
50
14
26
13
49
37
34
13
3
45
32
48
17
28
8
50
16
19
47
37
41
30
2
10
15
9
7
24
12
38
26
29
27
1
43
39
36
11
4
33
42
21
14
18
35
23
40
31
20
22
49
6
46
25
44
5
21
9
38
1
33
41
6
37
29
3
43
7
15
22
12
5
27
17
40
46
10
48
18
30
16
44
23
13
28
2
24
20
50
8
11
26
35
14
25
42
49
34
31
32
19
4
45
36
47
39
12
38
26
36
14
9
28
3
1
40
4
50
45
32
34
13
41
27
21
33
25
10
23
18
49
15
39
16
19
24
2
29
7
44
35
17
47
37
6
20
42
30
11
31
22
5
8
46
48
43
20
44
17
29
50
2
31
10
9
8
26
49
35
11
6
34
5
32
3
28
33
37
13
48
43
30
7
24
21
27
4
42
45
23
39
12
46
15
22
19
36
14
16
47
40
25
41
18
1
38
13
2
9
31
11
18
42
6
37
14
7
17
46
27
45
41
50
35
29
44
19
28
8
12
10
21
33
26
34
1
48
3
16
39
32
49
22
4
38
5
25
20
24
30
47
40
36
23
43
15
8
27
30
18
6
5
34
11
42
4
15
10
28
21
3
1
25
23
12
49
20
13
24
45
14
9
2
48
39
37
16
46
36
19
22
38
31
50
7
41
47
32
17
44
35
29
43
33
26
40
10
4
5
42
43
29
25
19
15
37
50
31
38
3
44
39
47
48
32
7
22
12
34
13
46
6
24
27
1
21
28
35
30
41
17
36
8
45
49
11
20
18
9
16
23
2
33
26
40
14
46
12
1
13
40
4
45
16
44
41
28
36
19
17
20
33
14
30
24
21
43
49
26
29
22
2
3
38
9
47
6
31
42
11
25
8
7
34
37
10
18
15
23
35
5
27
48
50
39
32
3
8
40
7
26
30
5
34
49
28
22
48
37
42
16
2
19
39
38
47
14
15
25
11
27
20
1
44
10
46
17
36
41
21
9
24
23
43
12
45
4
50
33
29
13
32
6
35
31
18
38
41
8
20
28
36
27
15
35
49
14
34
39
6
37
22
18
33
16
19
3
44
50
7
24
43
12
23
25
26
10
32
31
17
30
48
42
40
45
21
5
46
1
4
11
47
2
29
9
13
15
1
42
33
36
14
16
18
3
32
37
11
13
28
19
48
12
47
26
2
46
22
41
43
4
27
8
6
38
34
45
40
21
20
49
31
25
39
10
29
17
44
7
50
24
30
23
5
35
9
7
48
44
4
47
10
30
50
31
17
29
41
11
38
32
35
49
24
6
43
28
39
9
14
36
18
40
15
20
19
13
2
26
22
5
16
45
27
21
1
33
12
46
23
8
3
34
42
37
25
43
47
15
5
7
11
22
31
12
45
34
25
49
24
1
46
35
40
23
48
29
26
38
17
3
37
21
50
36
13
18
10
9
32
14
20
28
16
44
2
27
41
39
42
30
8
19
4
6
33
40
11
19
41
3
1
36
38
16
9
12
20
5
4
8
45
13
21
48
37
23
2
35
32
39
22
18
10
49
43
7
30
25
15
50
6
24
29
26
17
34
47
42
27
28
46
14
31
33
44
11
42
47
38
17
37
26
36
14
21
49
29
9
16
31
25
22
12
2
3
4
45
6
50
30
1
13
35
23
15
43
7
33
48
24
34
32
5
39
8
46
40
28
20
44
41
18
27
10
19
19
10
49
11
42
31
37
48
24
36
3
27
1
29
28
43
30
4
50
14
16
17
20
34
32
40
26
39
5
8
12
44
22
6
15
18
38
35
41
13
23
21
47
33
2
9
25
45
46
7
27
49
37
39
13
32
40
17
30
42
46
43
8
7
48
50
16
14
20
34
35
18
4
28
45
36
47
21
26
3
33
41
29
1
44
9
12
24
5
6
38
19
2
25
10
23
31
15
11
22
16
28
21
2
25
22
50
47
33
43
36
46
44
34
38
6
39
29
41
40
30
3
14
27
5
13
9
42
17
31
1
15
12
18
48
32
20
23
11
35
24
4
19
49
45
37
10
8
7
26
28
16
46
12
29
8
44
35
41
27
9
15
23
49
17
21
40
45
33
50
5
42
32
6
7
34
25
30
24
20
26
47
39
43
31
22
3
2
4
48
13
38
37
36
18
19
1
10
14
11
4
18
36
37
9
38
43
23
13
25
8
21
42
39
47
29
44
7
5
6
26
19
49
31
48
14
20
11
45
35
50
24
34
2
27
33
30
46
28
40
1
17
3
41
12
16
15
32
22
10
45
5
34
44
12
43
39
13
23
26
1
35
22
41
29
19
33
18
27
24
31
32
28
15
50
4
11
20
3
30
9
6
46
49
16
37
21
47
36
14
7
2
25
17
48
10
42
40
38
8
18
31
25
28
8
16
15
1
32
44
6
4
3
20
26
42
21
19
47
5
37
46
45
35
38
33
29
2
11
48
14
43
23
27
10
50
34
17
40
22
41
24
13
9
7
39
49
12
36
30
6
20
35
40
22
19
1
24
18
12
23
30
32
31
14
10
48
3
11
26
2
16
36
9
8
39
45
28
29
17
46
34
44
37
38
7
33
13
15
25
21
5
41
43
42
49
50
47
4
27
35
15
50
8
38
28
47
49
5
10
32
18
26
2
11
20
6
31
43
45
21
23
40
37
29
17
14
33
13
12
30
22
27
4
19
3
41
48
42
7
9
25
44
46
39
34
16
1
24
36
30
39
45
17
27
7
24
12
28
2
48
47
4
8
9
18
20
38
1
42
34
41
11
40
35
49
22
46
44
50
25
19
3
29
33
15
5
31
23
43
6
10
36
14
21
26
13
37
32
16
50
7
16
14
49
47
11
20
19
24
45
37
31
40
35
32
38
22
44
29
13
4
2
23
12
25
30
41
33
6
15
1
5
36
26
28
27
42
46
9
10
8
48
21
43
18
39
17
3
34
22
3
29
47
23
21
8
41
6
18
30
24
14
1
13
38
43
36
46
31
17
50
7
44
25
10
32
40
37
4
11
33
35
45
28
5
2
12
48
26
39
42
15
19
27
20
9
34
16
49
44
34
12
26
35
23
38
21
45
15
20
8
16
43
18
31
46
42
9
17
47
27
48
3
2
5
19
49
4
36
22
25
28
7
6
10
40
33
29
39
32
37
14
13
1
50
11
30
41
24
39
21
28
9
30
40
41
42
27
16
44
2
20
36
22
23
26
13
37
38
11
25
15
4
18
19
6
8
7
33
49
5
1
46
43
29
10
3
47
50
35
45
34
24
32
31
12
14
17
48
9
50
10
21
2
26
29
4
43
20
39
3
41
5
40
7
1
15
18
8
48
35
19
25
42
24
44
37
47
22
32
45
13
38
23
27
16
49
14
34
11
33
30
28
46
36
17
6
12
31
31
36
20
46
24
6
19
45
40
29
27
5
21
26
39
47
11
34
22
41
1
33
30
10
17
42
28
32
50
25
37
49
8
14
12
23
44
9
18
16
43
3
4
48
15
38
7
2
13
35
