26
33
14
15
39
5
11
8
50
13
31
44
7
25
46
12
42
1
34
35
9
6
18
24
47
38
41
4
22
49
23
28
20
40
2
30
19
10
43
36
45
3
32
37
16
48
27
17
29
21
33
37
27
10
41
20
21
39
36
46
5
26
8
50
23
44
34
2
19
30
32
29
43
1
15
28
14
3
42
45
38
12
47
31
17
25
13
48
16
4
22
7
35
40
9
11
24
49
18
6
49
35
33
27
34
18
7
40
48
1
11
13
36
43
50
28
45
8
4
39
24
14
47
41
20
30
5
29
23
16
32
9
17
10
37
12
15
6
31
44
19
26
38
25
46
22
21
3
2
42
36
23
7
22
21
3
48
29
25
35
19
6
37
18
30
14
15
11
8
50
49
34
27
33
41
16
4
45
2
20
42
44
32
5
39
40
43
1
17
46
31
13
28
26
38
10
47
9
24
12
29
17
46
25
5
24
2
9
47
21
35
23
12
34
33
49
3
43
14
13
41
37
39
22
27
20
31
38
32
10
44
50
40
16
45
1
18
30
19
28
26
11
8
15
6
42
36
48
7
4
30
19
43
31
48
46
13
27
4
2
14
40
50
10
5
8
22
26
45
23
15
7
16
47
44
3
17
34
41
32
29
38
6
42
18
49
11
21
9
24
12
39
37
33
36
1
35
28
25
20
42
29
24
50
46
25
20
44
38
33
18
22
27
19
43
3
36
48
13
15
12
31
5
21
6
35
10
47
16
28
41
26
11
30
34
45
49
8
32
37
14
9
40
2
17
7
4
39
23
1
32
14
11
6
1
35
10
38
21
15
24
28
29
48
4
17
23
46
30
12
50
5
22
49
7
45
44
25
27
18
47
39
37
9
13
42
26
20
33
31
16
40
43
34
41
8
3
19
36
2
2
30
41
47
31
39
12
32
34
38
13
45
33
44
42
27
9
50
17
25
6
24
29
26
11
48
46
19
5
23
35
16
14
3
1
43
36
22
20
49
37
15
18
10
4
21
40
7
8
28
1
24
23
43
18
10
4
46
26
5
38
39
2
14
25
15
8
9
7
27
40
20
37
19
13
50
16
6
35
11
21
17
12
34
41
47
29
28
3
33
30
48
36
49
31
44
32
22
42
45
23
32
13
33
16
45
3
43
7
6
47
42
44
9
10
24
28
49
39
48
11
1
34
46
40
12
50
14
30
5
31
21
15
25
36
2
4
26
8
18
41
22
27
38
20
17
37
35
19
29
39
48
2
34
4
12
9
25
17
30
33
32
3
45
15
40
31
20
28
16
18
11
10
5
19
29
37
22
14
42
27
8
38
24
46
41
6
36
1
47
44
35
50
7
26
13
49
43
21
23
47
39
6
32
36
15
23
5
46
31
10
14
25
3
27
4
24
44
49
18
42
43
9
20
34
40
48
17
12
38
37
13
8
26
7
11
28
19
2
16
50
21
22
45
33
35
29
1
30
41
15
22
32
49
10
41
14
30
2
23
17
1
40
26
7
39
29
37
35
4
27
38
33
16
36
11
42
8
31
9
34
48
18
28
47
19
44
3
25
50
13
43
6
12
24
45
5
21
20
46
5
43
4
16
19
34
46
33
10
7
42
9
48
30
24
26
32
6
25
20
38
21
31
8
23
47
35
36
18
37
39
27
2
50
40
13
41
44
49
12
29
1
45
3
14
15
22
11
28
17
14
45
39
23
20
42
22
26
11
19
21
33
6
47
16
35
4
41
36
1
34
9
17
32
31
13
49
43
48
40
8
37
46
44
29
10
50
7
24
15
2
28
12
18
25
27
30
38
5
3
17
31
48
35
15
33
36
22
39
47
25
16
30
42
49
9
10
5
46
32
45
40
3
2
21
41
38
7
8
14
20
18
19
12
6
4
37
11
13
27
28
23
26
1
29
43
44
24
34
50
41
25
31
48
44
50
33
14
22
11
40
12
18
13
2
37
7
16
10
38
36
8
1
42
9
26
34
5
6
29
19
23
43
35
4
46
17
32
27
30
15
49
21
39
3
24
28
20
45
47
24
6
38
3
45
27
18
2
20
34
41
19
10
33
36
11
17
28
31
22
44
30
42
13
1
23
43
12
46
48
40
4
49
47
21
39
9
25
7
32
8
16
29
5
50
14
26
15
35
37
12
13
3
45
32
48
17
28
8
50
16
30
24
37
41
34
2
10
15
9
7
47
21
38
26
19
27
1
43
39
36
11
4
33
42
29
14
18
35
23
40
31
20
22
49
6
46
25
44
5
21
9
18
1
33
17
6
37
29
3
43
7
15
22
12
5
27
25
40
46
10
45
38
30
16
44
36
13
28
2
24
20
48
8
11
26
35
14
50
42
49
34
31
32
19
4
23
41
47
39
9
38
26
36
14
44
28
3
24
40
4
50
45
32
34
13
41
27
21
33
25
10
23
18
49
15
39
16
19
12
1
29
7
2
35
17
47
37
6
20
42
30
11
31
22
5
8
46
48
43
20
44
17
29
50
2
31
10
9
8
26
49
35
11
6
30
5
32
37
28
33
36
13
48
43
46
7
24
21
27
4
42
45
23
12
34
39
15
22
19
3
14
16
47
40
25
41
18
1
38
18
5
9
19
11
49
42
6
37
14
2
17
46
27
45
41
50
35
29
44
1
28
8
12
10
21
33
26
34
30
48
3
16
39
32
31
22
4
38
13
25
20
24
36
47
40
7
23
43
15
8
27
22
18
37
6
34
11
42
4
15
10
28
21
9
1
25
23
12
49
29
13
24
45
14
5
2
48
39
7
16
46
36
19
20
38
31
50
30
41
47
32
17
44
35
3
43
33
26
40
13
4
5
42
43
29
25
19
15
37
50
31
38
23
44
16
47
17
32
10
22
12
48
39
46
49
24
27
1
21
28
35
30
41
3
36
8
45
34
11
20
18
9
6
7
2
33
26
40
14
46
12
1
13
40
4
45
16
44
10
28
36
19
17
20
33
14
30
24
21
43
49
26
29
22
2
3
9
15
47
6
31
42
11
25
8
7
34
37
38
18
27
23
35
5
41
48
50
39
32
3
8
40
7
26
30
5
42
49
28
22
48
47
35
32
2
19
39
38
14
20
15
25
11
37
31
1
44
10
46
17
36
41
21
9
24
23
43
12
45
4
50
33
29
13
34
6
16
27
18
38
41
8
20
28
36
27
15
35
49
9
34
39
6
37
22
18
33
16
19
3
44
50
7
24
43
12
23
25
26
10
32
31
17
30
48
42
40
45
21
5
46
1
4
11
47
2
29
14
13
45
1
42
24
6
13
16
18
3
32
37
11
17
28
19
48
12
47
26
2
46
22
41
43
4
27
8
31
38
34
5
40
21
20
49
35
25
39
10
29
33
44
7
50
23
30
14
36
15
9
7
26
44
4
47
9
30
50
31
17
29
41
11
38
3
36
49
24
6
43
28
39
32
14
35
18
40
15
20
19
13
2
10
22
5
16
45
27
21
1
48
12
46
23
8
33
34
42
37
25
25
47
15
5
7
11
49
31
12
22
34
38
43
24
1
46
35
40
23
45
8
26
28
17
3
37
21
50
36
13
18
10
9
32
14
20
48
16
44
2
27
41
39
42
30
29
19
4
6
33
40
11
19
41
3
14
32
1
16
9
12
20
5
4
8
45
13
21
48
37
23
2
35
36
39
22
18
10
49
43
7
30
25
15
50
6
24
29
26
17
34
47
42
27
28
46
38
31
33
44
11
42
47
38
17
37
26
34
28
41
49
29
9
16
31
25
40
12
2
3
14
23
6
50
30
1
13
35
4
15
43
7
24
48
22
21
32
33
39
8
46
45
5
20
44
36
18
27
10
19
19
10
49
11
42
31
37
48
14
39
3
27
1
29
28
43
30
4
50
6
16
17
20
34
33
32
26
18
40
8
12
15
22
13
24
44
38
35
41
5
23
36
47
21
2
9
25
45
46
7
27
49
37
39
13
32
40
17
30
42
46
25
34
7
48
50
16
14
20
47
35
18
4
28
45
36
15
21
26
3
33
41
29
1
44
9
12
24
5
6
38
19
2
43
10
23
31
8
11
22
16
28
21
2
25
22
50
47
1
43
36
46
13
15
38
6
39
29
41
40
30
3
12
27
5
7
9
42
17
31
45
14
33
18
48
32
20
23
11
35
24
4
19
8
34
37
10
44
49
26
28
40
50
12
29
8
44
35
41
27
7
15
23
49
17
21
37
45
33
36
5
42
46
6
32
34
25
30
24
1
26
47
39
43
31
22
3
2
4
48
10
38
14
16
18
19
20
13
9
11
4
18
36
37
9
38
43
23
13
25
8
21
42
39
47
29
44
7
5
34
26
19
49
31
48
14
20
11
45
35
2
24
50
6
27
33
30
46
28
40
1
17
3
41
12
16
15
32
22
10
10
46
45
30
12
43
39
13
23
26
1
35
22
41
29
19
33
18
27
24
31
32
40
15
50
4
11
20
3
44
9
6
34
49
16
37
21
47
36
14
7
2
25
17
48
28
42
5
38
8
48
50
25
28
8
16
15
7
32
44
6
4
49
20
26
42
21
19
3
5
47
46
45
35
38
33
29
2
11
41
14
43
23
27
10
18
34
17
40
22
36
24
13
9
37
39
1
12
31
30
6
20
35
40
22
19
1
24
18
12
23
43
32
31
14
10
48
3
11
26
2
16
36
9
8
39
45
28
29
17
46
34
44
37
38
7
33
13
15
25
21
5
41
30
42
49
50
47
4
27
35
15
34
8
38
28
47
49
5
45
32
18
26
2
11
20
6
31
43
7
21
48
14
37
29
17
23
33
13
24
30
22
27
4
19
3
1
41
42
10
9
25
44
46
39
12
16
40
50
36
34
2
30
17
27
7
24
12
45
36
48
47
4
8
35
18
20
38
1
42
39
41
11
40
28
9
22
46
44
50
25
19
3
29
33
15
5
31
23
43
6
10
49
14
21
26
13
37
32
16
50
7
16
14
49
47
35
20
19
24
45
37
31
40
21
32
38
22
44
29
13
4
2
23
12
25
30
41
33
6
15
1
5
36
26
28
27
42
46
9
17
8
48
11
43
18
39
10
3
34
22
3
29
46
23
21
8
41
6
18
30
24
14
1
13
38
43
36
47
31
17
50
7
44
25
10
32
40
37
4
11
33
35
45
28
5
2
12
48
26
39
42
15
19
27
20
9
34
16
49
43
34
12
26
35
23
38
21
33
48
20
8
16
46
18
31
1
42
9
17
4
27
44
3
2
6
19
49
47
36
22
25
28
7
15
14
40
5
29
39
32
37
10
13
45
50
11
30
41
24
37
21
28
9
30
40
41
45
27
16
44
2
20
36
22
23
26
13
42
11
19
25
15
4
18
8
6
39
7
33
49
5
1
46
43
50
10
38
47
3
35
29
34
24
32
31
12
14
17
48
44
36
10
21
2
26
29
4
43
20
39
3
41
5
40
7
46
15
18
8
48
35
19
25
42
24
47
37
9
22
50
45
13
38
23
27
16
49
14
34
11
33
30
28
1
32
17
6
12
31
31
16
20
44
24
1
19
36
40
29
27
5
21
12
39
47
11
34
22
41
37
33
30
10
17
42
28
32
50
25
3
49
26
14
8
23
46
9
18
7
43
6
4
48
15
38
45
2
13
35
