26
39
14
15
50
5
11
8
38
13
31
44
7
25
46
12
42
37
34
35
9
6
18
24
47
3
41
4
22
49
17
28
20
40
2
30
19
10
43
36
45
23
32
33
16
48
27
1
29
21
39
37
27
10
41
20
21
15
36
46
5
26
40
50
23
44
34
47
19
30
4
29
43
1
32
28
14
3
42
45
38
12
48
2
17
25
13
33
16
31
22
7
35
8
9
11
24
49
18
6
49
35
33
27
34
18
7
30
48
1
11
13
36
43
50
28
45
8
4
39
24
25
47
41
20
46
5
19
40
16
23
9
17
10
37
12
15
6
31
44
32
26
38
2
29
22
14
3
21
42
36
23
7
22
21
3
48
29
25
35
19
6
44
18
30
14
15
11
8
47
49
34
27
33
41
16
4
45
2
24
42
37
32
5
39
40
43
1
17
46
31
13
28
26
38
10
20
9
50
12
29
17
22
25
5
24
2
9
47
48
35
23
12
46
33
49
7
43
14
13
41
38
39
36
34
20
31
37
32
10
44
50
40
16
45
1
18
30
19
3
26
11
8
15
6
42
28
21
27
4
2
19
43
33
48
46
13
27
4
6
22
40
50
10
5
8
3
26
45
23
15
7
16
47
44
31
17
34
41
32
29
38
14
42
18
35
11
21
9
24
12
39
37
30
36
1
49
28
25
20
42
29
24
50
46
41
20
44
35
33
18
22
27
19
2
3
36
38
13
15
12
31
5
21
6
9
10
47
16
28
39
26
11
30
34
45
49
8
32
37
14
48
40
25
17
7
4
43
23
1
32
14
11
6
1
35
10
7
21
36
24
28
29
48
4
17
23
46
30
12
50
5
22
49
15
45
44
25
27
18
47
39
37
9
13
42
26
20
33
38
16
40
43
34
41
8
3
19
31
2
14
30
41
19
31
39
12
32
34
38
13
45
33
44
42
27
9
2
17
25
6
24
29
26
11
48
46
50
15
23
35
16
47
3
1
43
36
22
20
49
37
5
18
10
4
21
40
7
8
28
1
36
23
43
18
49
4
46
26
5
38
39
2
14
25
15
8
9
7
27
40
20
37
19
13
50
16
10
35
11
21
17
24
34
41
47
28
48
3
33
30
29
12
6
31
44
32
22
42
45
23
32
13
44
16
45
35
43
7
2
47
42
3
6
10
24
28
49
39
48
11
1
9
46
40
12
50
14
30
5
31
21
15
25
36
34
4
26
8
18
33
22
27
38
20
17
37
41
19
29
43
48
45
34
4
12
9
25
17
30
33
32
41
3
15
39
31
20
28
16
18
11
10
5
19
38
37
22
14
42
27
8
49
24
46
29
6
36
1
47
44
35
50
7
26
13
21
40
2
23
47
13
6
32
39
15
23
1
46
31
9
14
25
34
27
4
24
44
49
18
42
43
21
20
28
10
48
17
12
38
3
40
8
26
7
11
37
19
2
16
50
36
22
45
33
35
29
5
30
41
12
22
32
49
10
44
14
39
2
23
17
1
37
26
7
40
29
25
35
4
27
8
33
16
38
11
42
18
31
9
34
48
50
28
47
19
41
3
30
13
36
43
6
21
24
45
5
15
20
46
5
43
4
16
19
34
49
33
10
7
42
9
48
30
24
26
32
6
25
20
38
21
3
8
23
47
35
31
18
37
41
27
2
50
40
13
39
44
46
12
29
1
45
36
14
15
22
11
28
17
37
45
39
23
20
42
32
26
11
19
21
33
6
47
16
35
46
41
36
1
34
9
17
22
31
13
49
43
4
40
8
14
12
44
29
10
50
7
24
15
2
28
48
18
25
27
30
38
5
3
17
31
48
35
15
33
3
22
39
47
25
16
30
23
49
36
10
5
42
37
45
40
32
2
21
41
38
7
8
14
20
18
19
12
6
4
29
11
13
27
28
9
26
1
46
43
44
24
34
50
41
25
31
48
44
50
33
14
22
11
40
12
18
13
32
37
4
16
10
38
36
35
1
42
9
26
34
5
6
29
19
23
43
7
8
46
17
28
27
30
15
49
21
39
3
24
2
20
45
47
24
6
49
3
45
27
18
2
20
34
41
38
10
33
36
11
19
28
31
22
44
30
42
13
1
23
43
12
46
48
40
4
35
47
21
17
9
25
15
32
8
16
29
5
50
14
26
39
7
37
34
24
3
45
32
48
17
28
8
50
16
19
13
37
41
30
2
10
15
9
7
47
12
38
26
29
27
1
43
39
36
11
4
33
42
21
14
18
35
23
40
31
20
22
49
6
46
25
44
5
21
9
38
1
33
25
6
37
29
3
43
7
15
22
12
5
27
48
40
46
10
23
41
30
16
44
36
13
28
2
24
20
18
8
11
26
35
14
50
42
49
34
31
32
19
4
45
17
47
39
44
38
26
36
14
9
28
3
1
40
4
50
24
32
34
13
41
27
21
33
25
10
23
18
49
15
39
16
19
12
45
29
7
17
35
2
47
37
6
20
42
30
11
31
22
5
8
46
48
43
20
44
17
29
36
2
31
10
9
8
26
49
35
11
6
34
5
32
47
28
33
14
13
48
43
30
7
24
21
27
4
42
45
23
12
39
46
15
22
50
19
3
16
37
40
25
41
18
1
38
30
2
9
31
11
13
42
36
37
14
7
17
46
27
45
41
50
1
29
44
19
28
8
12
10
21
33
26
34
6
48
3
16
39
32
18
22
5
38
4
25
20
24
49
47
40
35
23
43
15
8
27
30
18
37
6
34
11
42
4
15
10
28
21
9
1
25
23
12
49
29
13
24
45
14
5
2
48
39
20
16
46
36
19
22
38
31
50
7
41
47
32
17
44
35
3
43
33
26
40
10
4
5
42
43
29
25
19
15
37
50
31
38
9
44
16
47
17
32
7
22
12
48
39
46
6
24
27
1
21
28
35
30
41
20
36
8
45
34
11
13
18
49
3
23
2
33
26
40
14
15
12
1
13
40
4
45
16
44
41
28
36
19
17
20
33
14
30
24
21
43
49
46
29
22
2
3
9
48
47
6
31
42
11
25
8
7
34
37
10
18
27
23
35
5
26
38
50
39
32
3
8
40
7
26
30
5
34
49
28
14
48
17
42
43
2
22
39
38
31
20
15
25
11
27
19
1
44
10
46
37
36
41
21
9
24
23
32
12
45
4
50
33
29
13
47
6
16
35
18
9
41
8
20
28
36
27
6
18
49
2
34
39
35
37
22
17
33
16
19
3
44
50
7
24
43
12
23
25
26
10
15
38
31
30
48
42
40
45
21
5
46
1
4
11
32
47
29
14
13
33
1
42
24
27
17
16
18
3
32
37
11
47
28
19
48
12
35
26
2
46
22
31
43
4
40
8
36
38
34
5
13
21
20
49
14
25
39
10
29
41
44
7
50
45
30
23
6
15
9
7
33
44
4
47
28
30
50
31
17
29
41
11
38
3
9
49
24
6
43
32
39
26
14
35
18
40
15
20
19
13
2
10
22
5
16
45
27
21
1
48
12
46
23
8
36
34
42
37
25
28
47
15
5
7
11
22
31
12
45
34
25
43
24
1
46
35
40
23
50
8
26
38
17
3
37
21
49
36
13
18
10
9
32
14
20
48
16
44
2
27
41
39
42
30
29
19
4
6
33
13
11
19
41
3
10
36
40
16
9
12
20
5
4
8
45
37
21
48
14
23
2
35
32
39
22
18
38
49
43
7
30
25
15
50
6
24
29
26
17
34
47
42
27
28
46
1
31
33
44
11
42
47
38
17
37
26
5
28
22
49
29
9
16
31
25
40
12
2
3
14
45
6
50
30
1
13
35
23
15
43
7
34
48
24
41
32
4
39
8
46
21
36
20
44
33
18
27
10
19
19
10
18
11
42
31
37
48
24
21
3
27
1
29
28
43
30
4
50
36
16
17
20
34
33
32
26
39
5
8
12
44
22
13
15
49
38
35
41
6
23
14
47
40
2
9
25
45
46
7
27
49
37
39
13
32
40
17
30
42
46
43
34
7
48
50
16
14
20
6
35
18
4
28
45
36
15
21
26
3
33
41
29
1
44
9
12
24
25
5
38
19
2
47
10
23
31
8
11
22
16
28
21
2
25
22
50
47
14
43
36
46
8
15
38
6
39
29
41
40
30
3
44
27
5
7
9
42
17
31
1
45
33
18
48
32
20
23
11
35
24
4
19
12
34
37
10
13
49
26
18
40
46
12
29
8
44
35
41
27
10
15
23
49
17
21
13
45
33
32
5
42
28
6
37
34
25
30
24
1
26
47
39
43
31
22
3
2
4
48
20
38
14
16
7
19
50
36
9
11
4
18
36
37
9
38
43
23
13
25
8
21
42
39
47
29
44
7
5
34
26
19
49
31
48
14
20
11
45
50
2
24
6
35
27
33
30
46
28
40
1
17
3
41
12
16
15
32
22
10
45
5
34
30
12
43
39
13
23
26
1
35
22
41
29
19
33
18
27
24
31
32
40
15
50
4
11
20
3
44
9
6
46
49
16
37
21
47
36
14
7
2
25
17
48
28
42
10
38
8
48
50
25
28
8
16
15
38
32
44
6
4
49
20
26
42
21
19
37
5
1
46
45
35
7
33
29
2
47
41
14
43
23
27
10
31
34
17
40
22
3
24
13
9
18
39
11
12
36
30
6
20
35
40
22
19
1
24
50
12
23
30
32
31
14
10
18
3
11
26
2
16
36
9
8
39
45
28
29
17
46
34
44
37
38
7
33
13
5
25
21
15
41
43
42
49
48
47
4
27
40
15
50
8
38
14
47
49
5
10
32
18
26
2
11
20
6
31
43
45
21
48
34
37
29
17
23
33
13
7
30
22
27
4
19
3
1
41
42
28
9
25
44
46
39
12
16
35
24
36
38
26
2
17
49
7
24
12
45
39
48
47
4
8
35
18
20
50
1
42
28
41
11
40
36
27
22
46
44
30
25
19
3
29
33
15
5
31
23
43
6
10
9
14
21
34
13
37
32
16
50
7
16
14
6
47
46
20
19
24
45
37
31
40
21
32
38
22
44
29
13
4
2
23
12
25
30
41
33
35
15
1
5
36
26
28
27
42
49
9
17
8
10
11
43
18
39
48
3
34
22
3
29
47
23
21
8
41
6
18
30
24
14
1
13
38
43
36
46
10
17
50
7
44
25
35
32
40
37
4
11
33
31
45
28
5
2
12
48
26
39
42
15
19
27
20
9
34
16
49
46
34
12
26
35
23
38
21
33
15
20
8
16
45
18
31
48
42
9
17
47
27
14
3
2
49
19
32
11
36
22
25
28
6
4
44
40
43
29
39
10
37
5
13
1
50
7
30
41
24
25
21
28
9
30
40
41
42
27
16
44
2
20
36
22
23
26
13
3
11
39
37
15
4
18
8
6
29
7
33
49
5
1
46
43
50
10
38
47
19
35
45
34
24
32
31
12
14
17
48
35
46
10
21
2
26
29
4
43
20
39
3
45
5
40
7
1
15
18
8
48
36
19
25
42
24
47
6
9
22
50
32
13
38
23
27
16
49
14
34
11
33
30
28
37
41
17
44
12
31
31
16
20
46
24
1
19
45
40
29
27
5
21
12
39
47
11
34
22
41
37
33
30
10
17
42
28
8
50
25
32
49
26
14
3
23
44
9
18
7
43
6
4
48
15
38
36
2
13
35
