26
39
14
15
50
28
18
8
33
13
31
44
7
25
46
12
42
1
34
35
9
6
38
24
47
23
41
4
22
49
5
37
20
40
2
30
19
10
43
36
45
3
32
11
16
48
27
17
29
21
48
37
27
10
39
20
21
40
36
46
5
26
8
50
23
44
34
32
19
30
4
29
43
1
15
28
14
3
42
45
38
12
47
31
17
25
13
41
16
33
22
7
35
2
9
11
24
49
18
6
49
35
33
27
25
14
7
43
48
1
11
13
36
12
50
28
45
8
4
39
24
23
47
41
20
29
5
18
15
16
32
9
17
10
37
2
46
6
31
44
19
26
38
40
34
22
21
3
30
42
36
23
7
22
21
3
48
29
25
10
19
6
44
18
30
14
15
11
8
50
49
34
27
33
41
16
4
45
2
20
42
28
32
5
39
40
43
1
17
46
31
13
37
26
38
47
35
9
24
12
29
17
46
25
36
24
2
5
28
21
35
23
12
9
33
49
37
43
14
13
41
48
39
22
34
20
31
38
32
10
44
50
40
16
45
1
18
30
19
3
26
11
8
15
6
42
47
7
27
4
33
19
43
3
48
46
13
27
4
35
30
40
50
10
5
8
7
26
45
23
15
14
16
47
44
31
17
34
41
32
2
38
37
42
22
29
11
21
9
24
12
39
18
6
36
1
49
28
25
20
42
29
24
50
41
25
20
44
35
33
18
22
27
19
2
3
36
38
13
15
12
31
5
21
6
46
10
47
16
28
39
26
11
30
34
45
49
8
32
37
14
9
40
43
17
7
4
48
23
1
32
14
11
6
1
17
10
15
21
36
24
28
29
48
4
35
23
46
37
12
50
5
22
49
38
45
44
25
27
18
47
39
33
9
13
42
26
20
30
31
16
40
43
34
41
8
3
19
7
2
28
30
41
24
31
39
12
32
34
38
13
45
47
44
42
27
9
2
17
25
6
7
29
26
11
48
46
19
5
23
35
16
50
3
1
43
36
22
20
49
37
15
14
10
4
21
40
18
8
33
1
24
23
43
18
49
4
46
26
5
38
39
2
14
25
15
8
9
7
27
40
20
37
19
13
50
16
10
35
11
21
17
6
34
41
47
48
33
3
28
30
29
12
36
31
44
32
22
42
45
23
32
13
33
16
45
35
9
7
6
47
42
41
43
10
24
28
49
39
48
11
1
44
46
40
12
50
14
30
5
31
21
15
25
36
34
4
26
2
18
3
22
27
38
20
17
37
8
19
29
2
48
38
34
4
12
9
25
17
30
33
32
49
45
15
39
3
20
28
16
18
11
10
5
19
40
37
22
14
42
27
8
31
24
46
26
6
36
41
47
44
35
50
7
29
13
1
43
21
23
47
2
6
32
5
15
23
30
46
31
8
14
25
3
27
4
24
44
49
18
42
43
9
20
37
13
48
17
12
38
10
40
34
26
7
11
28
19
1
16
50
21
22
45
33
35
29
39
36
41
30
22
32
49
10
13
14
39
2
15
17
1
24
23
7
40
29
37
35
4
27
25
33
16
36
11
42
8
31
9
34
48
38
28
47
19
44
3
18
50
41
43
6
12
26
45
5
21
20
46
5
43
4
16
19
34
46
33
10
7
42
31
48
30
9
26
32
6
25
20
38
24
21
8
23
47
35
39
18
37
36
27
2
50
40
13
41
44
49
12
29
1
45
3
14
15
22
11
28
17
37
45
39
23
20
42
22
26
11
19
21
33
6
47
24
16
13
41
36
1
14
9
17
4
31
27
49
43
48
40
8
32
46
44
29
35
50
7
34
15
2
28
10
18
25
12
30
38
5
3
17
31
48
35
15
33
36
22
39
47
25
16
30
6
49
9
10
5
42
37
45
40
32
2
21
41
38
7
8
14
20
18
19
12
3
4
29
11
13
27
28
23
26
1
46
43
44
24
34
50
41
25
31
48
44
50
33
14
22
11
40
12
18
13
32
37
4
16
10
38
36
35
1
42
9
26
34
5
6
29
19
23
43
2
8
46
17
28
27
30
15
49
21
39
3
24
7
20
45
47
24
6
18
19
45
27
3
2
20
34
41
38
10
15
36
11
17
28
31
22
44
30
42
13
1
7
43
12
46
48
40
4
49
47
21
39
9
25
33
32
8
16
29
5
50
23
26
35
14
37
12
36
3
45
32
48
17
28
24
50
16
19
13
37
41
30
2
10
15
9
7
47
34
38
26
8
27
1
43
39
29
11
4
33
42
21
14
18
35
23
40
31
20
22
49
6
46
25
44
5
21
9
45
1
33
41
6
37
29
3
43
7
15
22
12
5
27
25
48
46
10
38
18
30
16
44
36
13
28
2
24
20
26
8
11
17
35
14
50
42
49
34
31
32
19
4
23
40
47
39
9
38
26
36
14
44
28
3
1
2
4
50
40
32
34
13
41
27
21
33
25
10
23
18
49
15
39
16
19
24
45
29
7
17
35
12
47
37
6
20
42
30
11
31
22
5
8
46
48
43
20
44
17
29
46
2
31
10
9
8
26
49
35
11
6
34
5
50
30
28
33
37
13
48
43
3
7
24
21
27
4
42
45
23
12
18
39
15
22
19
32
14
16
47
40
25
41
36
1
38
6
5
9
31
11
18
42
36
37
14
7
17
46
27
45
41
50
35
29
44
19
28
8
12
10
21
33
26
34
1
48
3
16
39
32
49
22
4
38
13
25
20
24
30
47
40
2
23
43
15
8
27
22
18
37
5
34
11
42
4
15
10
28
21
20
1
25
23
12
49
29
13
24
45
14
9
2
48
39
30
16
46
36
19
6
38
31
50
7
41
47
32
17
44
35
3
43
33
26
40
39
4
5
42
43
29
25
19
15
37
50
9
38
34
44
17
47
48
32
6
22
12
31
7
46
10
3
27
1
21
28
35
30
41
20
36
8
45
24
11
13
18
49
16
23
2
33
26
40
14
46
12
1
13
40
4
45
16
44
41
28
36
19
17
3
33
14
30
24
21
43
49
26
29
22
2
15
9
10
47
6
31
42
11
25
8
7
34
37
38
18
48
23
35
5
27
20
50
39
32
3
8
40
7
26
30
5
34
49
28
22
48
17
42
43
2
19
39
38
10
20
15
25
11
27
35
1
44
47
46
37
36
41
21
9
24
23
32
12
45
4
50
33
29
13
14
6
16
31
18
15
41
8
20
28
36
27
7
47
49
9
34
39
35
37
22
31
33
16
19
3
44
50
32
24
43
12
23
25
26
17
14
18
6
30
48
42
40
45
21
5
46
1
4
11
10
38
29
2
13
40
1
42
17
27
6
16
18
3
32
37
11
33
28
19
48
12
47
26
2
46
22
41
43
4
5
8
31
38
34
23
13
21
20
49
14
25
39
10
29
36
44
7
50
24
30
45
15
35
9
7
33
44
4
47
9
30
50
31
17
29
41
11
38
35
36
49
24
6
43
32
39
3
14
28
18
40
15
20
19
13
2
48
22
5
16
45
27
21
1
10
12
46
23
8
26
34
42
37
25
38
47
15
5
7
11
49
31
12
22
34
25
43
24
1
46
35
40
23
45
8
26
48
17
3
37
21
50
36
13
18
10
9
32
14
20
33
16
44
2
27
41
39
42
30
29
19
4
6
28
13
11
19
41
3
10
38
1
16
9
12
20
5
4
8
45
48
21
40
32
23
2
35
36
39
22
18
37
49
43
7
30
25
15
50
6
24
29
26
17
34
47
42
27
28
46
14
31
33
44
11
42
47
38
17
37
26
45
14
40
49
29
9
16
31
25
22
12
2
3
34
21
6
50
30
1
13
35
23
15
43
7
24
48
4
41
32
5
39
8
46
36
28
20
44
33
18
27
10
19
19
10
49
11
42
31
37
48
18
39
3
27
1
29
28
43
30
4
50
14
16
17
20
34
33
32
26
36
40
8
12
41
22
13
24
44
38
35
15
6
23
5
47
21
2
9
25
45
46
7
27
49
37
39
13
32
40
17
30
42
46
43
34
7
48
50
16
14
20
47
35
18
4
28
45
36
23
21
26
3
33
15
29
1
44
9
12
24
25
5
38
19
2
8
10
41
31
6
11
22
16
28
21
2
34
22
50
47
8
43
36
46
45
33
38
6
39
29
41
40
30
3
12
27
5
49
9
42
17
31
1
44
14
18
48
32
20
23
11
35
24
4
19
25
7
37
10
13
15
26
10
16
50
12
29
8
44
35
41
27
14
15
23
49
17
21
40
45
33
36
5
42
46
6
32
34
25
30
24
7
26
47
39
43
31
22
3
2
4
48
20
38
13
37
18
19
28
1
9
11
4
18
36
37
9
38
43
23
13
25
2
21
42
39
47
29
44
7
5
34
26
19
49
31
48
14
20
11
45
6
50
24
8
35
27
33
30
46
28
40
1
17
3
41
12
16
15
32
22
10
45
40
30
46
12
43
39
13
23
26
1
35
22
41
29
19
33
18
27
24
31
32
28
15
50
4
11
20
3
44
9
6
10
49
16
37
21
47
36
14
7
2
25
17
48
34
42
5
38
8
18
13
25
28
8
16
15
38
32
44
6
4
3
20
26
42
21
19
47
5
1
46
45
35
7
33
29
2
11
41
14
43
23
27
10
31
34
17
40
22
48
24
36
9
37
39
50
12
49
30
43
20
35
40
22
19
1
24
50
12
23
30
32
31
14
10
18
3
11
26
2
16
36
9
8
39
45
28
29
17
46
34
44
37
38
7
15
13
5
25
21
6
41
33
42
49
48
47
4
27
14
15
34
8
38
35
47
49
5
23
32
18
26
2
11
20
6
31
43
7
21
45
40
37
29
17
24
33
13
12
30
22
27
4
19
3
1
48
42
10
9
25
44
46
39
28
16
41
50
36
34
26
2
30
49
7
24
12
27
45
48
47
4
8
39
18
20
17
1
42
28
41
11
40
35
38
22
46
44
50
25
19
3
29
33
15
5
31
23
43
6
10
9
14
21
36
13
37
32
16
50
7
16
14
6
47
11
20
19
24
45
37
31
40
21
32
38
22
44
29
13
4
2
23
12
25
30
41
33
35
15
1
5
36
26
28
27
42
46
9
17
8
48
49
43
18
39
10
3
34
22
3
29
47
23
21
8
41
6
18
10
24
14
1
13
38
43
36
46
31
17
50
7
44
25
30
32
40
37
4
11
33
35
45
28
5
2
12
48
26
39
42
15
19
27
20
9
34
16
49
44
34
12
26
35
23
32
21
38
48
20
8
16
46
18
31
1
42
9
17
47
27
14
3
2
6
19
49
4
36
22
25
28
7
15
10
40
43
29
39
33
37
5
13
45
50
11
30
41
24
25
21
28
9
30
40
41
42
45
16
44
2
20
36
22
23
26
13
3
11
37
8
15
39
18
19
6
29
7
33
49
5
1
46
43
50
10
38
47
4
35
27
34
24
32
31
12
14
17
48
35
50
10
21
2
26
29
4
43
20
39
3
37
5
40
7
46
15
18
8
48
36
19
25
42
24
47
6
9
22
41
45
13
38
23
27
16
49
14
34
11
33
30
28
1
32
17
44
12
31
31
46
20
44
24
1
19
6
40
29
27
5
21
26
16
47
11
34
22
41
39
33
30
10
17
42
28
32
50
25
3
49
12
14
18
23
37
9
8
7
43
45
4
48
15
38
36
2
13
35
