26
33
14
15
50
28
11
8
1
13
31
44
7
25
46
12
42
5
34
35
9
6
18
24
47
38
41
4
22
49
39
37
20
40
2
30
19
10
43
36
45
23
32
3
16
48
27
17
29
21
15
37
27
10
39
20
21
40
36
46
5
26
8
50
23
44
34
47
19
30
4
29
43
1
32
28
14
3
42
45
38
12
48
31
17
25
13
41
16
33
22
7
35
2
9
11
24
49
18
6
49
35
33
27
34
25
7
43
48
1
11
13
36
26
50
28
45
8
4
39
24
23
47
41
20
46
5
19
40
16
29
9
17
10
37
12
15
6
31
44
32
14
38
30
18
22
21
3
2
42
36
23
7
22
21
3
48
29
25
10
19
6
44
18
24
14
15
11
8
50
49
34
27
33
41
16
4
45
2
20
42
28
32
5
39
40
43
1
17
46
31
13
37
26
38
47
35
9
30
12
29
17
46
25
37
24
2
34
28
36
35
23
12
3
33
49
38
43
14
13
41
48
39
22
27
20
31
9
32
10
44
50
40
16
45
1
18
30
19
5
26
11
8
15
6
42
47
21
7
4
35
19
43
33
48
46
13
27
4
22
30
40
50
10
5
8
2
26
45
23
15
7
31
47
44
6
17
34
41
32
3
38
37
42
18
49
11
21
9
24
12
39
29
16
36
1
14
28
25
20
42
29
24
50
41
17
20
44
35
33
18
22
27
19
43
3
36
38
13
15
12
31
5
21
6
9
10
47
16
28
2
26
11
30
34
45
49
8
32
37
14
48
40
25
46
7
4
39
23
1
32
14
11
6
1
44
10
15
21
35
24
28
29
48
40
17
23
46
37
12
50
5
22
49
7
45
30
25
27
18
47
39
38
9
13
42
26
20
33
4
16
36
43
34
41
8
3
19
31
2
28
30
41
24
31
39
12
32
34
38
13
45
47
44
42
19
9
2
17
25
6
14
29
26
11
48
46
18
15
23
35
16
50
3
1
43
36
22
20
49
37
27
5
10
4
21
40
7
8
33
1
24
23
43
18
49
4
46
26
5
38
39
2
14
25
15
8
9
7
27
40
20
37
19
13
50
16
36
35
11
21
17
6
34
41
47
48
28
3
10
30
29
12
33
31
44
32
22
42
45
23
32
13
44
16
45
33
6
7
2
47
42
3
9
10
24
28
49
39
48
11
1
41
46
40
12
50
14
30
5
31
21
15
25
36
35
4
26
8
18
20
22
27
38
34
17
37
43
19
29
43
48
2
34
4
12
9
25
17
30
33
32
40
45
15
39
26
20
28
16
18
11
10
5
19
3
37
22
14
42
27
8
49
24
46
31
6
36
1
47
44
35
50
7
29
13
38
41
21
23
47
39
6
32
5
15
23
30
46
31
8
14
25
34
27
4
24
44
49
18
42
43
3
20
36
40
48
17
12
38
10
13
1
26
7
11
37
19
2
28
50
21
22
45
33
35
29
16
9
41
30
22
32
49
10
18
14
39
2
23
17
1
37
21
7
36
29
25
35
4
27
24
33
16
15
11
42
8
31
9
34
48
12
28
47
19
41
3
50
38
13
43
6
40
26
45
5
44
20
46
5
43
4
16
19
34
36
33
10
7
42
31
48
30
3
26
32
6
25
20
38
21
9
8
23
47
35
49
18
24
41
27
2
50
40
13
39
44
46
12
29
1
45
37
14
15
22
11
28
17
10
45
39
23
20
42
22
26
11
19
21
33
6
47
16
35
46
41
36
1
37
9
17
32
31
27
49
43
4
40
8
44
14
13
29
34
50
7
24
15
2
28
48
18
25
12
30
38
5
3
17
5
48
35
15
33
3
22
39
47
25
16
30
42
49
27
10
37
46
36
45
40
32
2
21
41
38
7
8
14
20
18
19
12
6
4
29
11
13
31
28
9
26
1
23
43
44
24
34
50
41
25
31
48
44
50
35
14
22
11
40
12
18
13
4
37
7
16
10
38
36
8
1
42
9
26
34
5
6
29
19
23
43
2
15
46
17
32
27
30
33
49
21
39
3
24
28
20
45
47
24
6
38
3
45
27
18
2
20
34
41
49
10
33
36
11
19
28
31
22
44
30
42
39
1
23
43
12
46
48
40
4
35
47
21
29
9
25
7
32
8
16
13
5
50
14
26
15
17
37
12
2
3
45
32
48
17
28
8
50
16
19
24
37
41
30
13
10
15
9
7
47
34
38
26
29
27
1
43
39
36
11
4
33
42
21
14
18
35
23
40
31
20
22
49
6
46
25
44
5
21
9
45
17
33
41
6
37
29
3
43
7
15
22
12
5
27
50
40
46
10
38
48
30
16
44
36
13
28
2
24
20
18
8
11
26
35
14
25
42
49
34
31
32
19
4
23
1
47
39
9
38
26
36
49
1
28
3
24
40
4
50
45
32
34
13
41
27
21
33
25
10
23
18
43
15
39
16
19
12
17
29
7
44
35
2
47
37
6
20
42
30
11
31
22
5
8
46
48
14
20
44
17
29
14
2
31
10
9
8
26
43
35
11
6
34
5
32
47
28
33
37
13
48
49
30
7
24
21
27
4
42
45
23
12
39
46
15
22
50
19
3
16
36
40
25
41
18
1
38
2
13
9
31
11
35
42
5
37
14
7
17
46
27
45
41
50
1
29
44
19
28
8
12
10
21
33
26
34
30
48
3
16
39
32
18
22
4
38
6
25
20
24
49
47
40
36
23
43
15
8
27
22
18
6
9
34
11
42
4
15
10
28
5
21
1
25
23
12
49
20
13
24
45
14
7
2
48
39
37
16
46
36
19
3
38
31
50
30
41
47
32
17
44
35
29
43
33
26
40
39
4
5
42
43
29
25
19
15
37
50
9
38
23
44
16
47
48
32
7
22
12
14
13
46
10
24
27
1
21
28
35
30
41
20
36
8
45
34
11
3
18
49
6
17
2
33
26
40
31
48
12
1
13
40
4
45
16
44
41
28
36
19
17
9
33
14
30
24
21
43
49
46
29
22
2
3
38
10
47
6
31
42
11
25
8
7
34
37
27
18
15
23
35
5
26
20
50
39
32
3
8
40
7
26
30
5
42
49
28
22
48
17
35
20
2
16
39
38
31
14
15
25
11
34
19
1
44
47
46
37
36
41
21
9
24
23
43
12
45
4
50
33
29
13
32
6
10
27
18
18
41
8
20
28
36
27
9
38
49
14
34
39
6
37
22
31
33
16
19
3
44
50
7
24
43
12
23
25
26
32
15
47
17
30
48
42
40
45
21
5
46
1
4
11
10
2
29
35
13
33
1
42
47
27
5
16
18
3
32
37
11
13
28
19
48
12
35
26
2
46
22
40
43
4
31
8
6
38
34
23
14
21
20
49
41
25
39
10
29
17
44
7
50
24
30
45
36
15
9
7
36
44
4
47
10
30
50
31
17
29
41
11
38
32
9
49
24
6
43
35
39
26
14
28
18
40
15
20
19
13
2
33
22
5
16
45
27
21
1
48
12
46
23
8
3
34
42
37
25
25
47
15
5
7
11
49
31
12
48
34
38
43
24
1
46
35
40
23
45
8
26
21
17
3
37
29
50
36
13
18
10
9
32
14
20
28
16
44
2
27
41
39
42
30
33
19
4
6
22
14
11
19
41
3
13
32
38
16
9
12
20
5
4
8
45
40
21
48
37
23
2
35
36
39
22
18
10
49
43
7
30
25
15
50
6
24
29
26
17
34
47
42
27
28
46
1
31
33
44
11
42
47
38
17
37
26
45
33
21
49
29
9
16
31
25
4
12
2
3
34
36
6
50
30
1
13
35
23
15
43
7
24
48
22
14
32
5
39
8
46
40
28
20
44
41
18
27
10
19
19
10
49
11
42
31
37
48
18
15
3
27
1
29
28
43
30
4
50
14
16
17
20
34
33
32
26
39
5
8
12
40
22
36
24
44
38
35
41
13
23
6
47
21
2
9
25
45
46
7
27
49
37
39
13
32
40
17
30
42
46
25
34
7
48
50
22
14
20
6
47
18
4
28
45
36
15
21
26
3
33
41
29
1
44
9
12
24
5
16
38
19
2
8
10
23
31
35
11
43
16
28
21
2
25
22
50
47
14
43
36
46
33
15
38
6
39
29
41
40
30
3
44
27
5
13
9
42
17
31
1
45
34
18
48
32
20
23
11
35
24
4
19
12
7
37
10
8
49
26
46
40
18
12
29
8
44
35
41
27
9
15
23
49
17
21
1
45
33
32
5
42
16
6
37
34
25
30
24
7
26
47
39
43
31
22
3
2
4
48
36
38
10
28
20
19
50
13
14
11
4
18
36
37
9
38
43
23
13
25
2
21
42
39
47
29
44
7
5
34
26
19
49
31
48
14
20
11
45
35
50
24
8
6
27
33
30
46
28
40
1
17
3
41
12
16
15
32
22
10
45
46
30
19
12
43
39
13
23
26
1
35
22
41
29
40
33
18
27
24
31
32
28
15
50
4
11
20
3
44
9
6
10
49
16
37
21
47
36
14
7
2
25
17
48
34
42
5
38
8
13
31
25
28
8
16
15
7
32
44
6
4
49
20
26
42
21
19
3
5
29
46
45
35
38
33
47
2
48
1
14
43
23
27
10
50
34
17
40
22
41
24
18
9
37
39
11
12
36
30
6
20
35
40
22
19
1
24
50
12
23
30
32
31
14
10
18
3
11
26
2
16
36
9
8
39
45
28
29
17
46
34
44
37
38
7
33
13
15
25
21
5
41
43
42
49
48
47
4
27
34
15
50
8
38
14
47
49
5
45
32
18
26
2
11
20
6
31
43
10
21
35
12
37
29
17
23
33
13
41
30
22
27
4
19
3
1
48
42
7
9
25
44
46
39
28
16
40
24
36
38
26
34
30
36
7
24
12
45
39
48
47
4
8
2
18
20
17
1
42
28
41
11
40
35
49
22
46
44
50
25
19
3
29
33
15
5
31
23
43
6
10
9
14
21
27
13
37
32
16
50
7
16
14
46
47
38
20
19
24
45
37
31
40
30
32
17
22
44
29
13
4
2
23
12
25
21
41
33
6
15
1
5
35
26
28
27
42
49
9
10
8
36
11
43
18
39
48
3
34
22
3
29
46
23
21
8
41
6
18
10
24
14
1
13
38
43
36
30
47
17
50
7
44
25
35
32
40
37
4
11
33
31
45
28
5
2
12
48
26
39
42
15
19
27
20
9
34
16
49
44
34
12
26
35
23
46
21
47
6
20
8
16
43
18
31
48
42
9
17
1
27
38
3
2
5
19
32
11
36
22
25
28
7
4
10
40
33
29
39
15
37
14
13
45
50
49
30
41
24
37
21
28
9
30
40
41
1
27
16
44
2
20
36
22
23
3
13
42
11
39
25
15
4
18
8
6
29
7
33
49
5
26
46
43
17
10
38
47
19
35
45
34
24
32
31
12
14
50
48
40
50
10
21
2
26
29
4
43
20
39
3
41
46
35
7
37
15
18
8
48
45
19
25
42
24
44
31
9
22
5
32
13
38
23
27
16
49
14
34
11
33
30
47
1
36
17
6
12
28
31
16
20
1
24
6
19
36
40
29
27
5
21
12
39
47
11
34
22
41
32
33
30
10
17
42
28
37
50
25
45
49
46
14
8
23
44
9
18
3
43
26
4
48
15
38
7
2
13
35
