26
33
14
15
50
5
11
8
18
13
31
44
7
25
46
12
42
1
34
35
9
6
38
24
47
3
41
4
22
49
17
37
20
40
2
30
19
10
43
36
45
23
32
28
16
48
27
39
29
21
2
37
27
10
41
20
21
39
36
46
5
26
40
50
23
44
34
32
19
30
14
29
43
1
33
28
15
3
42
45
38
12
47
31
17
25
13
4
16
7
22
48
35
8
9
11
24
49
18
6
49
35
33
27
46
18
7
43
48
1
11
13
36
26
50
28
45
8
4
39
24
14
47
41
20
30
5
32
40
16
23
9
17
10
37
12
29
6
31
44
19
15
38
25
34
22
21
3
2
42
36
23
7
22
21
3
48
29
25
39
19
6
44
35
30
14
15
11
8
37
49
34
27
33
41
16
4
45
2
50
42
10
32
5
20
40
43
1
17
46
31
13
18
26
38
28
47
9
24
12
29
17
22
25
5
24
2
34
47
48
35
23
12
9
33
49
46
43
14
13
41
38
39
36
27
20
31
37
32
10
44
50
40
16
45
1
18
30
19
3
26
11
8
15
6
42
28
21
7
4
35
19
43
31
48
46
13
27
4
6
14
40
50
10
5
8
22
26
45
23
15
37
16
47
44
7
17
34
41
32
3
38
33
42
18
49
11
21
9
24
12
39
29
30
36
1
2
28
25
20
42
29
24
50
39
35
20
44
38
33
18
22
27
19
43
3
36
25
13
15
12
31
5
21
6
46
10
47
16
28
41
26
11
30
34
45
49
8
32
37
14
9
40
2
17
7
4
48
23
1
32
14
11
6
1
17
10
30
21
36
24
28
29
48
40
35
23
46
15
12
50
5
22
49
38
45
44
25
27
18
47
39
37
9
13
42
26
20
33
4
16
7
43
34
41
8
3
19
31
2
28
30
41
1
31
39
12
32
34
38
13
45
47
44
42
19
9
2
17
25
6
7
29
26
11
48
46
50
5
23
35
16
18
3
24
43
36
22
20
49
37
27
14
10
4
21
40
15
8
33
1
24
23
43
18
28
4
46
26
5
38
39
2
14
25
15
8
9
7
27
40
20
37
19
13
50
16
29
35
11
21
17
10
34
41
47
48
33
3
6
30
36
12
49
31
44
32
22
42
45
23
32
13
44
16
45
3
9
7
2
47
42
43
34
10
24
28
49
39
48
11
1
41
46
40
12
50
14
30
5
31
21
15
25
36
35
4
26
8
18
33
22
27
38
20
17
37
6
19
29
40
48
2
34
4
12
9
25
17
30
33
32
45
43
15
39
3
20
28
16
18
11
10
5
19
38
37
22
14
42
27
8
31
24
46
26
6
36
1
47
44
35
50
7
29
13
49
41
21
23
47
39
6
32
34
15
23
40
46
31
9
14
25
5
27
4
24
44
49
18
42
43
3
20
36
10
48
17
12
38
37
13
8
26
7
11
1
19
2
28
50
21
22
45
33
35
29
16
30
41
30
22
32
49
10
44
14
36
2
21
17
1
37
23
7
40
29
50
35
4
27
8
33
16
15
11
42
39
31
9
34
48
24
28
47
19
41
3
25
38
13
43
6
12
26
45
5
18
20
46
5
43
4
16
19
34
49
33
10
7
42
31
48
30
39
26
32
6
25
20
38
24
21
8
23
47
35
9
18
37
36
27
2
50
40
13
46
44
41
12
29
1
45
3
14
15
22
11
28
17
44
45
39
23
20
42
46
26
11
19
21
33
6
47
24
16
37
41
36
1
32
9
17
22
31
27
49
43
4
40
8
14
48
35
29
10
50
7
34
15
2
28
13
18
25
12
30
38
5
3
17
46
48
35
15
33
36
22
39
47
25
16
30
3
49
27
10
5
42
32
45
40
9
2
21
41
38
7
8
14
20
18
19
12
6
4
37
11
13
31
28
29
26
1
23
43
44
24
34
50
41
25
31
33
44
50
32
14
22
11
40
12
18
13
4
37
7
16
10
38
36
48
1
42
9
26
34
5
6
29
19
23
43
2
8
46
17
28
27
30
15
49
21
39
3
24
35
20
45
47
24
6
38
3
45
27
18
2
20
34
41
19
10
33
36
11
17
28
31
22
44
30
42
39
1
49
43
12
46
15
40
4
35
47
21
29
9
25
7
32
8
16
48
5
50
23
26
13
14
37
15
13
3
45
32
48
17
28
8
50
16
30
24
37
41
36
2
10
47
9
7
21
12
38
26
19
27
1
43
39
29
11
4
33
42
34
14
18
35
23
40
31
20
22
49
6
46
25
44
5
21
9
18
48
33
25
6
37
29
3
43
7
15
22
12
5
27
17
40
46
10
23
26
30
16
44
36
13
28
2
24
20
38
8
11
41
35
14
50
42
49
34
31
32
19
4
45
1
47
39
9
38
26
36
49
1
28
3
24
40
4
50
17
32
34
13
41
27
21
33
25
10
23
18
43
15
39
16
19
12
45
29
7
44
35
2
47
37
6
20
42
30
11
31
22
5
8
46
48
14
20
44
17
29
14
2
31
10
9
8
26
49
35
11
6
30
5
37
46
28
33
47
13
48
34
32
7
24
21
27
4
42
45
23
12
18
39
15
22
19
3
50
16
43
40
25
41
36
1
38
18
2
9
19
11
49
42
6
37
14
30
17
46
27
45
41
50
35
29
44
4
28
8
12
10
21
33
26
34
7
48
3
16
39
32
31
22
5
38
13
25
20
24
36
47
40
1
23
43
15
8
27
30
18
37
9
34
11
42
4
15
10
28
21
20
1
25
23
12
49
19
13
24
45
14
29
2
48
39
6
16
46
36
7
22
38
31
50
5
41
47
32
17
44
35
3
43
33
26
40
39
4
5
42
43
29
25
19
15
37
50
9
38
6
44
17
47
48
32
7
22
12
34
13
46
23
14
27
1
21
28
35
30
41
3
36
8
45
49
11
20
18
10
16
24
2
33
26
40
31
38
12
1
13
40
4
45
16
44
15
28
36
19
17
9
33
14
30
24
21
43
49
46
29
22
2
3
10
48
47
6
31
42
11
25
8
7
34
37
27
18
26
23
35
5
41
20
50
39
32
3
8
40
7
26
30
5
50
49
28
22
48
34
42
16
2
19
39
38
47
20
15
25
11
37
31
1
44
10
46
32
36
41
21
9
24
23
43
12
45
4
14
33
29
13
27
6
17
35
18
14
41
8
20
28
36
27
15
35
49
2
34
39
18
37
22
31
33
16
19
3
44
50
7
24
43
12
23
25
26
10
32
6
17
30
48
42
40
45
21
5
46
1
4
11
47
38
29
9
13
33
1
42
24
36
14
16
18
3
32
37
11
13
28
19
48
12
47
26
2
46
22
31
43
4
40
8
6
38
34
5
15
21
20
49
17
25
39
10
29
41
44
7
50
45
30
23
35
27
9
7
50
44
4
47
10
30
45
31
17
29
41
11
38
3
9
49
24
6
43
28
39
32
14
35
18
40
15
20
19
13
2
26
22
5
16
33
27
21
1
48
12
46
23
8
36
34
42
37
25
25
47
15
5
7
11
22
31
12
10
34
38
33
24
1
46
35
40
23
50
8
26
48
17
3
37
21
49
36
13
18
28
9
32
14
20
45
16
44
2
27
41
39
42
30
29
19
4
6
43
10
11
19
41
3
13
38
1
16
9
12
20
5
4
8
45
40
21
37
14
23
2
35
32
39
22
18
36
49
43
7
30
25
15
50
6
24
29
26
17
34
47
42
27
28
46
48
31
33
44
11
42
47
38
17
37
26
5
28
22
49
29
9
16
31
25
4
12
2
3
34
45
6
50
30
1
13
35
23
24
43
7
14
48
15
21
32
41
39
8
46
40
36
20
44
33
18
27
10
19
19
10
49
11
42
31
37
48
14
41
3
27
1
29
28
43
30
4
50
36
16
17
20
34
32
5
26
18
15
8
12
40
22
13
39
44
38
35
24
33
23
6
47
21
2
9
25
45
46
7
27
49
37
39
13
32
40
17
30
42
46
25
8
7
48
50
16
14
20
6
35
18
4
28
45
36
23
21
26
3
33
41
29
1
44
9
12
24
15
5
38
19
2
47
10
34
31
43
11
22
16
28
21
2
25
22
50
47
45
43
36
46
49
12
38
6
39
29
41
40
30
3
14
27
5
13
9
42
17
31
1
44
34
18
48
32
20
23
11
35
24
4
19
33
7
37
10
8
15
26
46
16
50
12
29
8
44
35
41
27
7
15
23
49
17
21
13
45
33
10
5
42
18
6
28
34
25
30
24
20
26
47
39
43
31
22
3
2
4
48
32
38
9
37
1
19
14
40
36
11
4
18
36
37
9
38
43
23
13
25
8
21
42
39
47
29
44
7
5
34
26
19
49
31
48
14
20
11
45
35
2
24
50
6
27
33
30
46
28
40
1
17
3
41
12
16
15
32
22
10
45
40
46
30
12
43
39
13
23
26
1
35
22
41
29
34
33
18
27
24
31
32
28
15
50
4
11
20
3
44
9
6
49
19
16
37
21
47
36
14
7
2
25
17
48
10
42
5
38
8
13
31
25
28
8
16
15
38
32
44
6
4
3
20
26
42
21
19
48
5
1
46
45
35
7
33
29
2
47
41
14
43
23
27
10
50
34
17
40
22
36
24
37
9
18
39
11
12
49
30
48
20
35
40
22
19
1
24
33
12
23
43
32
31
14
10
18
3
11
26
2
16
36
9
8
39
45
28
29
17
46
34
44
37
38
7
15
13
30
25
21
5
41
6
42
49
50
47
4
27
12
15
34
8
38
41
47
49
5
23
32
18
26
2
11
20
6
31
43
45
21
35
40
37
29
17
24
33
13
1
30
22
27
4
19
3
28
48
42
10
9
25
44
46
39
14
16
7
50
36
34
36
45
17
27
7
24
12
50
35
48
47
4
8
2
18
20
38
1
42
39
41
11
40
49
9
22
46
44
30
25
19
3
29
33
15
5
31
23
43
6
10
28
14
21
26
13
37
32
16
50
7
16
14
6
47
35
20
19
24
45
37
31
40
21
32
38
22
44
29
13
4
2
23
12
25
30
41
33
48
15
1
5
36
26
28
27
42
46
9
17
8
49
11
43
18
39
10
3
34
22
3
29
47
23
21
8
41
6
18
10
24
14
1
13
38
43
36
30
31
17
50
7
44
25
35
32
40
37
4
11
33
46
45
28
5
2
12
48
26
39
42
15
19
27
20
9
34
16
49
43
34
12
26
35
23
33
21
1
45
20
8
16
15
18
31
48
42
9
17
47
27
44
3
2
6
19
38
11
36
22
25
28
49
4
14
40
32
29
39
10
37
5
13
46
50
7
30
41
24
37
21
28
9
30
40
41
42
27
16
44
2
20
36
22
23
26
13
3
11
29
25
15
4
18
8
6
19
7
33
49
5
1
46
43
39
10
38
47
50
35
45
34
24
32
31
12
14
17
48
6
5
10
21
2
26
29
4
43
20
39
3
41
46
35
7
1
15
18
8
48
36
19
25
42
24
47
31
9
22
50
45
13
38
23
27
16
49
14
34
11
33
30
40
37
32
17
44
12
28
31
26
20
46
24
6
19
7
40
29
27
5
21
45
32
47
11
34
22
41
37
33
30
10
17
42
28
8
50
25
39
49
12
14
1
23
44
9
18
16
43
3
4
48
15
38
36
2
13
35
