26
39
14
15
50
28
11
8
33
13
31
44
7
25
46
12
42
1
34
35
9
6
18
24
47
38
41
4
22
49
23
37
20
40
2
30
19
10
43
36
45
5
32
3
16
48
27
17
29
21
33
37
27
10
41
20
21
39
36
46
5
26
40
50
23
44
34
32
19
30
14
29
43
1
15
28
47
3
42
45
38
12
48
2
17
25
13
4
16
31
22
7
35
8
9
11
24
49
18
6
49
35
33
27
46
25
7
34
48
1
11
13
36
26
50
28
45
8
4
39
24
14
47
41
20
40
5
18
15
16
32
9
17
10
37
12
29
6
31
44
19
21
38
43
23
22
2
3
30
42
36
23
7
22
21
3
48
29
25
39
19
6
44
18
30
14
15
11
8
37
49
34
27
33
41
16
4
45
2
20
42
10
32
5
24
40
43
1
17
46
31
13
28
26
38
47
35
9
50
12
29
17
46
25
5
24
2
7
38
22
35
23
12
34
33
49
3
43
14
13
41
47
39
36
27
20
31
37
32
10
44
50
40
16
45
1
18
30
19
28
26
11
8
15
6
42
21
48
9
4
6
19
43
33
48
46
13
27
4
2
29
40
50
10
5
8
16
26
45
23
15
35
31
47
44
7
17
34
41
32
3
38
18
42
22
14
11
21
9
24
12
39
37
30
36
1
49
28
25
20
42
29
24
50
25
9
20
44
35
33
18
22
27
19
43
3
36
38
13
15
12
31
5
21
6
46
10
47
16
28
41
26
11
30
34
45
49
8
32
37
14
48
40
2
17
7
4
39
23
1
32
14
11
6
1
17
10
30
21
36
24
28
29
48
4
35
23
46
37
12
50
5
22
49
38
45
44
25
27
18
47
39
31
9
13
42
26
20
15
33
16
40
43
34
41
8
3
19
7
2
2
30
41
24
31
39
12
32
34
38
13
45
47
44
42
16
9
50
17
25
6
7
29
26
11
48
46
19
5
23
35
28
14
3
15
43
36
22
20
49
37
27
18
10
4
21
40
1
8
33
1
26
23
43
18
49
4
46
28
5
38
39
2
14
25
15
8
9
7
27
40
20
37
19
13
50
16
6
35
11
21
17
24
34
41
47
33
48
3
10
30
29
12
36
31
44
32
22
42
45
23
32
13
44
16
45
22
6
7
35
47
42
33
43
10
24
28
49
39
48
11
1
9
46
40
12
50
14
30
5
31
21
15
25
36
34
4
26
2
18
41
3
27
38
20
17
37
8
19
29
38
48
2
34
4
12
9
25
17
30
33
32
43
3
15
40
31
20
28
16
18
11
10
5
19
29
37
22
14
42
27
8
49
24
46
39
6
36
1
47
44
35
50
7
26
13
45
41
21
23
47
16
6
32
39
15
23
1
46
31
8
14
25
5
27
4
24
44
49
18
42
43
21
20
28
3
48
17
12
38
10
40
34
26
7
11
37
19
30
13
50
9
22
45
33
35
29
36
2
41
12
22
32
49
10
18
14
15
2
23
17
1
13
21
7
30
29
25
35
4
27
8
33
16
37
11
42
39
31
9
34
48
26
28
47
19
41
3
50
38
36
43
6
40
24
45
5
44
20
46
5
43
4
16
19
34
46
33
10
7
42
31
48
30
3
26
32
6
25
20
38
21
41
8
23
47
35
9
18
24
36
27
2
50
40
13
39
44
49
12
29
1
45
37
14
15
22
11
28
17
35
45
39
23
20
42
32
26
11
19
21
33
6
47
24
27
48
41
36
1
37
9
17
22
31
10
49
43
4
40
8
16
46
12
29
44
50
7
34
15
2
28
13
18
25
14
30
38
5
3
17
36
48
35
15
33
3
22
39
47
25
16
30
46
49
9
10
37
42
6
45
40
32
2
21
41
38
7
8
14
20
18
19
31
12
4
27
11
13
5
28
23
26
1
29
43
44
24
34
50
41
25
31
48
44
50
35
14
22
11
40
12
18
13
2
37
4
16
10
32
36
38
1
42
9
26
34
5
6
29
19
23
43
7
8
46
17
33
27
30
15
49
21
39
3
24
28
20
45
47
24
6
49
19
45
27
18
2
20
34
41
38
10
15
36
11
13
28
31
22
44
30
42
39
1
23
43
12
46
48
40
4
35
47
21
17
9
25
33
32
8
16
29
5
50
3
26
7
14
37
30
24
3
45
32
48
17
28
47
50
16
19
8
37
41
34
2
10
15
9
7
36
12
38
26
13
27
1
43
39
29
11
4
33
42
21
14
18
35
23
40
31
20
22
49
6
46
25
44
5
21
9
45
1
33
41
6
37
29
3
43
7
15
22
12
5
27
17
40
46
10
48
16
30
36
44
23
13
28
2
24
20
38
8
11
26
35
14
25
42
49
34
31
32
19
4
50
18
47
39
9
38
26
36
49
44
28
3
1
40
4
50
24
32
34
13
41
27
21
33
25
10
23
18
43
15
39
16
19
12
45
29
7
17
35
2
47
37
6
20
42
30
11
31
22
5
8
46
48
14
20
44
17
29
14
2
31
10
9
8
26
49
35
11
6
39
5
47
30
28
33
37
13
48
34
19
7
24
21
27
4
42
45
23
18
50
46
15
22
3
32
36
16
12
40
25
41
43
1
38
18
13
9
31
11
6
42
36
37
14
30
17
46
27
45
41
50
2
29
44
19
28
8
12
10
21
33
26
34
1
48
3
16
39
32
35
22
5
38
4
25
20
24
49
47
40
7
23
43
15
8
27
22
18
37
5
34
11
42
4
15
10
28
6
21
1
25
23
12
49
20
13
24
45
14
9
2
48
39
30
16
46
36
19
3
38
31
50
7
41
47
32
17
44
35
29
43
33
26
40
39
4
5
42
43
29
25
19
15
37
50
9
38
23
44
17
47
48
32
7
22
12
3
13
46
6
14
27
1
21
28
35
30
41
20
36
8
45
24
11
10
18
49
16
34
2
33
26
40
31
46
12
1
13
40
4
45
16
44
41
28
36
19
17
9
33
14
30
24
21
43
49
26
29
22
2
3
38
48
47
6
31
42
11
25
8
7
34
37
27
18
15
23
35
5
10
20
50
39
32
3
8
40
7
26
30
5
43
49
28
22
48
17
42
20
2
19
39
38
14
47
15
25
11
16
31
1
44
10
46
37
36
41
21
9
24
23
32
12
45
4
50
33
29
13
34
6
35
27
18
10
41
8
20
28
36
27
38
18
49
14
34
39
9
37
22
17
33
16
19
3
44
50
7
24
43
12
23
25
26
2
15
6
35
30
48
42
40
45
21
5
46
1
4
11
32
47
29
31
13
40
1
42
47
6
35
16
18
3
32
37
11
41
28
19
48
12
5
26
2
46
22
14
43
4
27
8
36
38
34
17
13
21
20
49
31
25
39
10
29
33
44
7
50
45
30
23
15
24
9
7
33
44
4
47
10
30
9
31
17
45
41
11
38
32
36
49
24
6
43
29
39
48
14
35
18
40
15
20
19
13
2
50
22
5
16
28
27
21
1
3
12
46
23
8
26
34
42
37
25
25
47
15
5
7
11
38
31
12
10
34
43
49
24
1
46
35
40
23
50
8
26
28
17
3
37
21
29
36
13
18
45
9
32
14
20
48
16
44
2
27
41
39
42
30
33
19
4
6
22
14
11
19
41
3
13
36
40
16
9
12
20
5
4
8
45
37
21
48
38
23
2
35
32
39
22
18
10
49
43
7
30
25
15
50
6
24
29
26
17
34
47
42
27
28
46
1
31
33
44
11
42
47
38
17
37
26
5
45
21
49
29
9
16
31
25
40
12
2
3
34
24
6
50
30
1
13
35
23
15
43
7
33
48
4
41
32
28
39
8
46
22
14
20
44
36
18
27
10
19
19
10
18
11
42
31
37
48
24
15
3
27
1
29
28
43
30
4
50
36
16
17
20
34
33
5
26
32
40
8
12
44
22
13
39
49
38
35
41
6
23
14
47
21
2
9
25
45
46
7
27
49
37
39
13
32
40
17
30
42
46
25
34
7
48
50
22
14
20
47
35
18
4
28
45
36
15
21
26
3
33
41
29
1
44
9
12
24
8
16
38
19
2
6
10
23
31
5
11
43
16
28
21
2
34
22
50
47
8
43
36
46
45
33
38
6
39
29
41
40
30
3
44
27
5
49
9
42
17
31
1
14
12
18
48
32
20
23
11
35
24
4
19
25
7
37
10
13
15
26
13
40
50
12
29
8
44
35
41
27
7
15
23
49
17
21
1
45
33
10
5
42
46
6
32
34
25
30
24
37
26
47
39
43
31
22
3
2
4
48
20
38
9
28
18
19
14
16
36
11
4
18
36
37
9
38
43
23
13
25
2
21
42
39
47
29
44
7
5
34
26
19
49
31
48
14
20
11
45
35
50
24
8
6
27
33
30
46
28
40
1
17
3
41
12
16
15
32
22
10
45
5
30
46
12
43
39
13
23
26
1
35
22
41
29
19
33
18
27
24
31
32
34
15
50
4
11
20
3
44
9
6
10
49
16
37
21
47
36
14
7
2
25
17
48
28
42
40
38
8
48
31
25
28
8
16
15
50
32
44
6
4
3
20
26
42
21
19
47
5
1
46
45
35
7
33
29
2
11
41
14
43
23
27
10
18
34
17
40
22
13
24
36
9
37
39
38
12
49
30
43
20
35
40
22
19
1
24
50
12
23
30
32
31
14
10
18
3
11
26
2
16
36
9
8
39
45
28
29
17
46
34
44
37
38
7
15
13
5
25
21
6
41
33
42
49
48
47
4
27
28
15
34
8
38
14
47
49
5
48
32
18
26
2
11
20
6
31
43
45
21
23
40
37
29
17
24
33
13
7
30
22
27
4
19
3
1
41
42
50
9
25
44
46
39
12
16
10
35
36
34
2
38
17
36
7
24
12
26
45
9
47
4
8
39
18
20
35
1
42
28
41
11
40
49
30
22
46
44
50
25
19
3
29
33
15
5
31
23
43
6
10
48
14
21
27
13
37
32
16
50
7
16
14
27
47
49
20
19
24
48
37
31
40
35
32
38
22
44
29
13
4
2
23
12
25
30
41
33
6
15
1
5
36
26
28
45
42
46
9
17
8
10
11
43
18
39
21
3
34
22
3
29
30
23
21
8
41
6
18
10
24
14
1
13
38
43
36
46
31
17
50
7
44
25
35
32
40
37
4
11
33
47
45
28
5
2
12
48
26
39
42
15
19
27
20
9
34
16
49
15
34
12
26
35
23
33
21
14
6
20
8
16
45
18
31
7
42
9
17
4
27
38
3
2
32
19
49
47
36
22
25
28
44
1
10
40
43
29
39
48
37
5
13
46
50
11
30
41
24
37
21
28
9
30
40
41
42
27
16
44
2
20
36
22
23
26
13
3
11
39
25
15
4
18
8
6
50
7
33
49
5
1
46
43
29
10
38
47
19
35
45
34
24
32
31
12
14
17
48
44
50
10
21
2
26
29
4
43
20
39
3
37
35
40
7
46
15
18
8
48
45
19
25
42
24
36
31
9
22
5
32
13
38
23
27
16
49
14
34
11
33
30
47
1
41
17
6
12
28
31
46
20
3
24
1
19
45
40
29
27
5
21
12
16
47
11
34
22
41
32
33
30
10
17
42
28
8
50
25
39
49
37
14
6
23
44
9
18
7
43
26
4
48
15
38
36
2
13
35
