26
33
14
15
39
5
18
8
28
13
31
44
7
25
46
12
42
38
34
35
9
6
3
24
47
29
41
4
22
49
17
37
20
40
2
30
19
10
43
36
45
23
32
11
16
48
27
1
50
21
2
37
27
10
41
20
21
15
36
46
5
26
40
50
23
44
34
47
19
30
39
29
43
1
32
28
14
3
42
45
38
12
33
31
17
25
13
48
16
4
22
7
35
8
9
11
24
49
18
6
49
35
33
27
34
14
7
43
48
1
11
13
36
26
50
28
45
8
4
39
24
23
47
41
20
30
5
18
40
16
32
9
17
10
37
12
15
6
31
44
19
21
38
25
46
22
2
3
29
42
36
23
7
22
21
3
48
29
25
39
19
6
44
35
30
14
15
11
8
10
49
34
27
33
41
16
4
45
2
20
42
28
32
5
18
40
43
1
17
46
31
13
37
26
38
47
50
9
24
12
29
17
46
25
5
24
2
34
27
48
35
23
12
9
33
49
3
43
14
13
41
37
39
36
7
20
31
38
32
10
44
50
40
16
45
1
18
30
19
28
26
11
8
15
6
42
47
22
21
4
37
19
43
30
48
46
13
27
18
6
22
40
50
10
5
8
2
26
45
23
15
7
16
47
44
31
17
34
41
32
3
38
14
42
4
35
11
21
9
24
12
39
29
33
36
1
49
28
25
20
42
29
24
50
46
25
20
44
35
33
18
22
27
19
43
3
36
48
13
15
12
31
5
21
6
38
10
47
16
28
41
26
11
30
34
45
49
8
32
37
14
9
40
2
17
7
4
39
23
1
32
14
11
6
1
35
10
30
21
36
24
28
29
48
4
17
23
46
37
12
50
5
22
49
38
45
44
25
27
18
47
39
31
9
13
42
26
20
15
33
16
40
43
34
41
8
3
19
7
2
18
30
41
24
31
39
12
32
34
38
13
45
47
44
42
27
9
2
17
25
6
14
29
26
11
48
46
19
15
23
35
16
50
3
1
43
36
22
20
49
37
5
28
10
4
21
40
7
8
33
1
24
23
43
18
28
4
46
26
5
38
39
2
14
25
15
8
9
7
27
40
20
37
19
13
50
16
29
35
11
21
17
6
34
41
47
48
33
3
10
30
22
12
49
31
44
32
36
42
45
23
32
13
48
16
45
22
9
7
35
47
42
43
34
10
24
28
49
39
11
8
1
44
46
40
12
50
14
30
5
31
21
15
25
36
2
4
26
41
18
33
3
27
38
20
17
37
6
19
29
43
39
2
34
4
12
9
25
17
30
33
32
49
45
15
40
48
20
28
16
18
11
10
5
19
3
37
22
14
42
27
8
38
24
46
26
6
36
1
47
44
35
50
7
29
13
21
41
31
23
47
13
6
32
37
15
23
1
46
31
10
14
25
3
27
4
24
44
49
18
42
43
21
20
28
9
48
17
12
38
5
40
34
26
7
11
39
19
2
16
50
36
22
45
33
35
29
8
30
41
40
22
32
49
10
18
14
39
2
23
17
1
24
12
7
30
29
50
35
4
27
8
33
16
15
11
42
36
31
9
34
48
37
28
47
19
44
41
25
38
13
43
6
3
26
45
5
21
20
46
5
43
4
16
19
34
3
33
10
7
42
31
48
30
21
26
32
6
25
20
38
36
9
8
23
47
35
49
18
41
39
27
2
50
40
13
46
44
24
12
29
1
45
37
14
15
22
11
28
17
12
45
39
23
20
42
35
26
11
19
21
33
6
47
24
16
37
41
36
1
32
9
17
22
31
13
49
43
4
40
8
14
46
44
29
10
50
7
34
15
2
28
48
18
25
27
30
38
5
3
17
36
48
35
15
33
46
22
39
47
25
16
30
5
49
9
10
37
3
32
45
40
42
2
21
41
38
7
8
14
20
18
19
12
6
4
29
11
13
31
28
27
26
1
23
43
44
24
34
50
41
25
31
33
44
50
32
14
22
11
40
12
18
13
2
37
4
16
10
7
36
48
1
42
9
26
34
5
6
29
19
23
43
35
8
46
17
38
27
30
15
49
21
39
3
24
28
20
45
47
24
6
49
3
45
27
33
2
20
34
41
19
10
42
36
11
17
28
31
22
44
30
38
39
1
23
43
12
46
35
40
4
48
47
21
29
9
25
7
32
8
16
18
5
50
14
26
13
15
37
34
2
3
45
32
48
17
28
47
50
16
30
13
37
41
36
19
10
15
9
7
24
12
38
26
8
27
1
43
39
29
11
4
33
42
21
14
18
35
23
40
31
20
22
49
6
46
25
44
5
21
9
45
1
33
41
6
37
29
3
43
7
15
22
12
5
27
25
40
46
10
38
26
30
16
44
36
13
28
2
24
20
18
8
11
17
35
14
50
42
49
34
31
32
19
4
23
48
47
39
9
38
26
36
14
17
28
3
24
40
4
50
45
32
34
13
41
27
21
33
25
10
23
18
43
15
39
16
19
12
1
29
7
2
35
49
47
37
6
20
42
30
11
31
22
5
8
46
48
44
20
44
17
29
36
2
31
10
9
8
26
49
35
11
6
19
5
32
30
28
33
47
13
48
34
46
7
24
21
27
4
42
45
23
12
39
37
15
22
50
3
14
16
43
40
25
41
18
1
38
30
31
9
19
11
49
42
36
37
14
2
17
46
27
45
41
50
1
29
44
4
28
8
12
10
21
33
26
34
7
48
3
16
39
32
18
22
5
38
13
25
20
24
6
47
40
35
23
43
15
8
27
22
18
6
9
34
11
42
4
15
10
28
21
3
1
25
23
12
49
19
13
24
45
14
5
2
48
39
37
16
46
36
7
20
38
31
50
30
41
47
32
17
44
35
29
43
33
26
40
6
4
5
42
43
29
25
19
15
37
50
9
38
23
44
39
47
17
32
48
22
12
34
13
46
10
24
27
1
21
28
35
30
41
3
36
8
45
49
11
20
18
14
16
7
2
33
26
40
31
46
12
1
13
40
4
45
16
44
15
28
36
19
17
20
33
14
30
24
21
43
49
41
29
22
2
3
9
10
47
6
31
42
11
25
8
7
34
37
27
18
48
23
35
5
26
38
50
39
32
3
8
40
7
26
30
5
42
49
28
14
48
17
43
16
2
22
39
38
31
20
15
25
11
35
19
1
44
47
46
37
36
41
21
9
24
23
32
12
45
4
50
33
29
13
34
6
10
27
18
35
41
8
20
28
36
27
6
38
49
9
34
39
18
37
22
31
33
16
19
3
44
50
7
24
43
12
23
25
26
10
15
47
17
30
48
42
40
45
21
5
46
1
4
11
32
14
29
2
13
33
1
42
47
27
13
16
18
3
32
37
11
41
28
19
48
12
5
26
2
46
22
31
43
4
40
8
6
38
34
23
45
21
20
49
14
25
39
10
29
17
44
7
50
24
30
36
15
35
9
7
48
44
4
47
10
30
50
31
17
29
41
11
38
9
35
49
24
6
43
28
39
32
14
33
18
40
15
20
19
13
2
26
22
5
16
45
27
21
1
36
12
46
23
8
3
34
42
37
25
25
47
15
5
7
11
49
31
12
22
34
38
8
24
1
46
35
40
23
45
29
26
48
17
3
37
21
50
36
13
18
10
9
32
14
20
28
16
44
2
27
41
39
42
30
33
19
4
6
43
38
11
19
41
3
44
36
40
16
9
12
20
5
4
8
45
13
21
48
37
23
2
35
32
39
22
18
10
49
43
7
30
25
15
50
6
24
29
26
17
34
47
42
27
28
46
1
31
33
14
11
42
47
38
17
37
26
5
33
41
49
29
9
16
31
25
40
12
2
3
14
21
6
50
30
1
13
35
23
15
43
7
24
48
22
34
32
4
39
8
46
45
36
20
44
28
18
27
10
19
19
10
18
11
42
31
37
48
14
21
3
27
1
29
28
43
30
4
50
36
16
17
20
34
49
32
26
39
5
8
12
44
22
13
24
41
38
35
33
6
23
15
47
40
2
9
25
45
46
7
27
49
37
39
13
32
40
17
30
42
46
25
34
7
48
50
16
14
20
6
35
18
4
28
45
36
15
21
26
3
33
41
29
1
44
9
12
24
8
5
38
19
2
47
10
23
31
43
11
22
16
28
21
2
25
22
50
47
8
43
36
46
33
15
38
6
39
29
41
40
30
3
14
27
5
7
9
42
17
31
45
13
1
18
48
32
20
23
11
35
24
4
19
12
34
37
10
44
49
26
10
40
50
12
29
8
44
35
41
27
7
15
23
49
17
21
46
45
33
14
5
42
18
6
36
34
25
30
24
1
26
47
39
43
31
22
3
2
4
48
32
38
13
28
37
19
20
16
9
11
4
18
36
37
9
38
43
23
13
25
8
21
42
39
47
29
44
7
5
34
26
19
49
31
48
14
20
11
45
50
2
24
35
6
27
33
30
46
28
40
1
17
3
41
12
16
15
32
22
10
45
5
30
46
12
43
39
13
23
26
1
35
22
41
29
34
33
18
27
24
31
32
28
15
50
4
11
20
3
44
9
6
49
19
16
37
21
47
36
14
7
2
25
17
48
10
42
40
38
8
13
50
25
28
8
16
15
38
32
44
6
4
3
20
26
42
21
19
47
5
1
46
45
35
37
33
29
2
11
48
14
43
23
27
10
31
34
17
40
22
41
24
49
9
18
39
7
12
36
30
15
20
35
40
22
19
1
24
50
12
23
43
32
31
14
10
18
3
11
26
2
16
36
9
8
39
45
28
29
17
46
34
44
37
38
7
33
13
5
25
21
6
41
30
42
49
48
47
4
27
48
15
34
8
38
1
47
49
5
10
32
18
26
2
11
20
6
31
43
50
21
45
40
37
29
17
23
33
13
24
30
22
27
4
19
3
41
28
42
7
9
25
44
46
39
12
16
35
14
36
28
26
38
17
50
7
24
12
45
2
48
47
4
8
39
18
20
35
1
42
34
41
11
40
27
49
22
46
44
30
25
19
3
29
33
15
5
31
23
43
6
10
9
14
21
36
13
37
32
16
50
7
16
14
49
47
11
20
19
24
45
37
31
40
35
32
38
22
44
29
13
4
2
23
12
25
30
41
33
6
15
1
5
36
26
28
27
42
46
9
48
8
10
21
43
18
39
17
3
34
22
3
29
31
23
21
8
41
6
18
30
24
14
1
13
38
43
36
46
47
17
50
7
44
25
35
32
40
37
4
11
33
10
45
28
5
2
12
48
26
39
42
15
19
27
20
9
34
16
49
14
34
12
26
35
23
38
21
4
45
20
8
16
33
18
31
7
42
9
17
47
27
46
3
2
6
19
32
48
36
22
25
28
49
15
44
40
43
29
39
10
37
5
13
1
50
11
30
41
24
39
21
28
9
30
40
41
45
1
16
44
2
20
36
22
23
26
13
42
38
11
25
15
4
18
27
6
37
7
33
49
5
8
46
43
50
10
3
47
19
35
29
34
24
32
31
12
14
17
48
44
46
10
21
2
26
29
4
43
20
39
3
37
6
40
7
1
15
18
8
48
35
19
25
42
24
47
31
9
22
50
32
13
38
23
27
16
49
14
34
11
33
30
36
45
41
17
5
12
28
31
16
20
44
24
6
19
7
40
29
27
5
21
46
32
47
11
34
22
41
37
33
30
10
17
42
28
8
50
25
36
49
12
14
39
23
1
9
18
3
43
26
4
48
15
38
45
2
13
35
