26
33
14
15
39
1
38
8
18
13
31
44
7
25
46
12
42
5
34
35
9
6
28
24
47
3
41
4
22
49
23
37
20
40
2
30
19
10
43
36
45
29
32
11
16
48
27
17
50
21
39
37
27
10
41
20
21
7
36
46
5
26
17
50
23
44
34
2
19
30
47
29
43
1
15
28
14
3
42
45
38
12
33
31
8
25
13
32
16
4
22
48
35
40
9
11
24
49
18
6
49
35
33
27
46
25
7
43
48
1
11
13
36
34
50
28
45
8
4
39
24
14
47
41
20
29
5
18
40
16
32
9
17
10
37
2
15
6
31
44
19
23
38
12
26
22
21
3
30
42
36
23
7
22
21
3
48
29
25
10
19
6
37
18
39
14
15
11
8
50
49
34
27
33
41
16
4
45
2
30
42
44
32
5
20
40
43
1
17
46
31
13
28
26
38
47
35
9
24
12
29
17
46
25
5
24
2
34
38
48
35
23
12
21
33
49
3
43
14
13
41
7
39
36
37
20
31
9
32
10
44
50
40
16
45
1
18
30
19
28
26
11
8
15
6
42
47
22
27
4
18
19
43
31
48
46
13
30
27
2
29
40
50
10
5
8
22
26
45
23
15
35
16
47
44
6
17
34
41
32
3
38
14
42
4
49
11
21
9
24
12
39
37
33
36
1
7
28
25
20
42
29
24
50
25
41
20
44
35
33
18
22
27
19
43
3
36
38
13
15
12
31
5
21
6
46
10
47
16
28
39
26
11
30
34
45
49
8
32
37
14
9
40
2
17
7
4
48
23
1
32
14
11
6
1
44
10
40
21
36
24
28
29
48
4
17
23
46
37
12
50
5
22
49
35
45
30
25
27
18
47
39
31
9
13
42
26
20
8
38
16
7
43
34
41
33
3
19
15
2
2
30
41
24
31
39
12
32
34
38
13
45
33
44
42
16
9
1
17
25
6
47
29
26
11
48
46
19
15
23
35
14
50
3
18
43
36
22
20
49
37
27
5
10
4
21
40
7
8
28
1
22
23
43
18
10
4
46
33
5
38
39
2
14
25
15
8
9
7
27
40
20
37
19
13
50
16
36
35
11
21
17
49
34
41
47
29
48
3
6
30
26
12
28
31
44
32
24
42
45
23
32
13
3
16
45
33
9
7
6
47
42
8
43
10
24
28
49
39
48
11
1
34
46
40
12
50
14
30
5
31
21
15
25
36
35
4
26
2
18
41
22
27
38
20
17
37
44
19
29
48
39
2
34
4
12
9
25
17
30
33
32
3
45
15
40
26
20
28
16
18
11
10
5
19
31
37
22
14
42
27
8
38
24
46
29
6
36
41
47
44
35
50
7
1
13
49
43
21
23
47
5
6
32
36
15
23
39
46
31
30
14
25
3
27
4
24
44
49
18
42
43
9
20
34
13
48
17
12
38
10
40
37
26
7
11
28
19
1
16
50
21
22
45
33
35
29
8
2
41
44
24
32
49
10
18
14
15
2
22
17
1
40
26
7
30
29
25
35
4
27
38
33
16
36
11
42
37
31
9
34
48
12
28
47
19
39
41
50
13
3
43
6
8
23
45
5
21
20
46
5
43
4
16
19
34
46
33
10
7
42
9
48
30
24
26
32
6
25
20
38
21
31
8
23
47
35
39
18
37
36
27
2
50
40
13
41
44
49
12
29
1
45
3
14
15
22
11
28
17
13
45
39
23
20
42
32
26
11
19
21
33
6
47
35
27
48
41
36
1
37
9
17
22
31
10
49
43
4
40
8
16
46
44
29
12
50
7
24
15
2
28
14
18
25
34
30
38
5
3
17
31
48
35
15
33
3
22
39
47
25
16
30
42
49
9
10
37
23
36
45
40
32
2
21
41
38
7
8
14
20
18
19
12
24
4
46
11
13
27
28
5
26
1
29
43
44
6
34
50
41
25
31
33
44
50
35
14
22
11
40
12
18
13
32
37
2
16
10
38
36
8
1
42
9
26
34
5
6
29
19
23
43
7
15
46
17
4
27
30
48
49
21
39
3
24
28
20
45
47
24
6
49
48
45
27
18
2
20
34
41
38
10
15
36
11
19
28
31
22
44
30
42
39
1
23
43
12
46
7
40
4
35
47
21
17
9
25
33
32
8
16
29
5
50
3
26
13
14
37
12
2
3
45
32
48
17
28
8
50
16
30
47
37
41
36
13
10
15
9
7
24
21
38
26
19
27
1
43
39
29
11
4
33
42
34
14
18
35
23
40
31
20
22
49
6
46
25
44
5
21
9
38
1
33
17
6
37
29
3
43
7
15
22
12
5
27
50
40
46
10
23
18
30
16
44
36
13
28
2
24
20
48
8
11
26
35
14
25
42
49
34
31
32
19
4
45
41
47
39
40
38
26
36
14
9
28
3
1
45
4
50
24
32
34
13
41
27
47
33
25
10
23
18
49
15
39
16
19
12
2
29
7
17
35
21
44
37
6
20
42
30
11
31
22
5
8
46
48
43
20
44
17
29
50
2
31
10
9
8
26
19
35
11
6
34
5
32
46
28
33
37
13
48
43
30
7
24
21
27
4
42
45
23
12
39
47
15
22
3
36
14
16
49
40
25
41
18
1
38
30
13
9
19
11
49
42
6
37
14
7
17
46
27
45
41
50
35
29
44
4
28
8
12
10
21
33
26
34
1
48
3
16
39
32
18
22
5
38
31
25
20
24
36
47
40
2
23
43
15
8
27
22
18
37
5
34
11
42
4
15
10
28
9
21
1
25
23
12
49
20
13
24
45
14
7
2
48
39
6
16
46
36
19
3
38
31
50
30
41
47
32
17
44
35
29
43
33
26
40
6
4
5
42
43
29
25
19
15
37
50
31
38
23
44
39
47
48
32
10
22
12
3
13
46
9
24
27
1
21
28
35
30
41
17
36
8
45
7
11
20
18
49
16
34
2
33
26
40
14
46
12
1
13
40
4
45
16
44
41
28
36
19
17
9
33
14
30
24
21
43
49
26
29
22
2
3
38
48
47
6
31
42
11
25
8
7
34
37
10
18
15
23
35
5
27
20
50
39
32
3
8
40
7
26
30
5
42
49
28
22
48
34
35
20
2
17
39
38
47
19
15
25
11
27
32
1
44
10
46
37
36
41
21
9
24
23
43
12
45
4
50
33
29
13
14
6
16
31
18
10
41
8
20
28
36
27
38
47
49
2
34
39
6
37
22
31
33
16
19
3
44
50
7
24
43
15
23
25
26
17
32
18
35
30
48
42
40
45
21
5
46
1
4
11
12
14
29
9
13
33
1
42
17
6
35
16
18
3
32
37
11
13
28
19
48
12
47
26
2
46
22
14
43
4
27
8
31
38
34
5
45
21
20
49
41
25
39
10
29
15
44
7
50
24
30
23
40
36
9
7
26
44
4
47
28
30
50
31
17
9
41
11
38
3
35
49
24
6
43
29
39
48
14
33
18
40
15
20
19
13
2
10
22
5
16
45
27
21
1
32
12
46
23
8
36
34
42
37
25
25
47
15
5
7
11
22
31
12
23
34
49
43
24
1
46
35
40
21
45
8
26
38
17
3
37
29
50
36
13
18
10
9
32
14
20
48
16
44
2
27
41
39
42
30
28
19
4
6
33
14
11
19
41
3
13
36
1
16
9
12
20
5
4
8
45
40
21
48
37
23
2
35
32
39
22
18
10
49
43
7
30
25
15
50
6
24
29
26
17
34
47
42
27
28
46
38
31
33
44
11
42
47
38
17
37
26
5
28
21
49
29
9
16
31
25
4
12
2
3
34
45
6
50
30
1
13
35
23
15
43
7
24
48
22
14
32
33
39
8
46
40
36
20
44
41
18
27
10
19
19
10
18
11
42
31
37
48
24
39
3
27
1
29
28
43
30
4
50
14
16
17
20
34
32
40
26
49
5
8
12
41
22
13
6
44
38
35
15
33
23
36
47
21
2
9
25
45
46
7
27
49
37
47
13
32
40
17
30
42
46
25
41
7
48
50
16
14
20
6
35
18
4
28
45
36
23
21
26
3
33
15
29
1
44
9
12
24
34
5
38
19
2
43
10
8
31
39
11
22
16
28
21
2
34
22
50
47
14
43
36
46
44
33
38
6
39
29
41
40
30
3
12
27
5
8
9
42
17
31
45
13
1
18
48
32
20
23
11
35
24
4
19
25
7
37
10
15
49
26
9
16
50
12
29
8
44
35
41
27
14
15
23
49
17
21
46
45
33
32
5
42
40
6
28
34
25
30
24
20
26
47
39
43
31
22
3
2
4
48
10
38
13
37
18
19
1
36
7
11
4
18
36
37
9
38
43
23
13
25
8
21
42
39
47
29
44
7
5
34
26
19
49
31
48
14
20
11
45
35
50
24
6
2
27
33
30
46
28
40
1
17
3
41
12
16
15
32
22
10
28
40
45
30
12
43
39
13
23
26
1
35
22
41
29
19
33
18
27
24
31
32
46
15
50
4
11
20
3
44
9
6
34
49
16
37
21
47
36
14
7
2
25
17
48
10
42
5
38
8
38
48
25
28
8
16
15
36
32
44
6
4
49
20
26
42
21
19
3
5
1
46
45
35
7
33
47
2
11
41
14
43
23
27
10
31
34
17
40
22
13
24
18
9
37
39
50
12
29
30
15
20
35
40
22
19
1
24
50
12
23
43
32
31
14
10
18
3
11
26
2
16
36
9
8
39
45
28
29
17
46
34
44
37
38
7
33
13
5
25
21
6
41
30
42
49
48
47
4
27
45
15
34
8
38
14
47
49
5
40
32
18
26
2
11
20
6
31
43
7
21
48
41
37
29
17
12
33
13
24
30
22
27
4
19
3
1
28
42
50
9
25
44
46
39
23
16
10
35
36
34
36
30
39
27
7
24
12
45
35
48
47
4
8
2
18
20
17
1
42
28
41
11
40
38
49
22
46
44
50
25
19
3
29
33
15
5
31
23
43
6
10
9
14
21
26
13
37
32
16
50
7
16
14
49
47
11
20
19
24
45
37
31
40
30
32
38
22
44
29
13
4
2
23
12
25
21
41
33
48
15
1
5
36
26
28
27
42
46
9
17
8
10
6
43
18
39
35
3
34
22
3
29
46
23
21
8
41
6
18
10
24
14
1
13
38
43
36
30
31
17
50
7
44
25
35
32
40
37
4
11
33
47
45
28
5
2
12
48
26
39
42
15
19
27
20
9
34
16
49
43
34
12
26
35
23
49
21
4
15
20
8
16
46
18
31
7
42
9
17
14
27
44
3
2
5
19
32
47
36
22
25
28
6
1
10
40
38
29
39
33
37
48
13
45
50
11
30
41
24
37
21
28
9
30
40
41
27
26
16
44
2
20
36
22
23
1
13
42
11
39
25
15
4
18
38
6
29
7
33
49
5
8
46
43
50
10
3
47
19
35
45
34
24
32
31
12
14
17
48
35
50
10
21
2
26
29
4
43
20
39
3
45
5
40
7
37
15
18
8
48
36
19
25
42
24
44
6
9
22
41
28
13
38
23
27
16
49
14
34
11
33
30
47
46
32
17
1
12
31
31
46
20
44
24
6
19
45
40
29
27
5
21
12
16
47
11
34
22
41
32
33
30
10
17
42
28
8
50
25
1
49
26
14
39
23
37
9
18
7
43
3
4
48
15
38
36
2
13
35
