26
33
14
15
50
17
11
8
28
13
31
44
7
25
46
12
42
1
34
35
9
6
18
24
47
38
41
4
22
49
23
37
20
40
2
30
19
10
43
36
45
5
32
3
16
48
27
39
29
21
14
37
27
10
41
20
21
15
36
46
5
26
8
50
23
44
34
17
19
30
4
29
43
1
7
28
47
3
42
45
38
12
48
31
39
25
13
32
16
33
22
40
35
2
9
11
24
49
18
6
49
35
33
27
46
14
7
43
48
1
11
13
36
26
50
28
45
8
4
39
24
25
47
41
20
23
5
18
40
16
32
9
17
10
37
2
15
6
31
44
19
29
38
12
34
22
21
3
30
42
36
23
7
22
21
3
48
29
25
39
19
6
44
18
30
14
15
11
8
50
49
34
27
33
41
16
4
45
2
24
42
28
32
5
20
40
43
1
17
46
31
13
37
26
38
10
47
9
35
12
29
17
22
25
37
24
2
5
27
48
35
23
12
34
33
49
46
43
14
13
41
47
39
7
28
9
31
38
32
10
44
50
40
16
45
1
18
30
19
3
26
11
8
15
6
42
20
21
36
4
33
19
43
30
48
46
13
27
35
2
22
40
50
10
5
8
4
26
45
23
15
14
3
47
44
7
17
34
41
32
37
38
31
42
6
18
11
21
9
24
12
39
29
16
36
1
49
28
25
20
42
29
24
50
39
35
20
44
38
33
18
22
27
19
43
3
36
2
13
15
12
31
5
21
6
46
10
47
16
28
41
26
11
30
34
45
49
8
32
37
14
9
40
25
17
7
4
48
23
1
32
36
11
6
1
44
10
38
21
35
24
28
29
48
40
17
23
46
30
12
50
5
22
49
37
45
15
25
27
18
47
39
14
9
13
42
26
20
8
4
16
7
43
34
41
33
3
19
31
2
2
30
41
24
31
39
12
32
34
38
13
45
47
44
42
16
9
50
17
25
6
7
29
26
11
48
46
19
5
23
35
14
1
3
15
43
36
22
20
49
37
27
28
10
4
21
40
18
8
33
1
22
23
43
18
49
4
46
26
5
38
39
2
14
25
15
8
9
7
27
40
20
37
19
13
50
16
29
35
11
21
17
12
34
41
47
28
33
3
10
30
36
48
6
31
44
32
24
42
45
23
32
13
3
16
45
22
9
7
6
47
42
43
33
10
24
28
49
39
11
34
1
44
46
40
12
50
14
30
5
31
21
15
25
36
35
4
26
2
18
41
48
27
38
20
17
37
8
19
29
45
48
2
34
4
12
9
25
17
30
33
32
40
3
15
39
26
20
28
16
18
11
10
5
19
49
37
22
14
42
27
8
38
24
46
31
6
36
41
47
44
35
50
7
29
13
1
43
21
23
47
16
6
32
36
15
23
39
46
31
10
14
25
9
27
4
24
44
49
18
42
43
21
20
34
8
48
17
12
38
5
40
37
26
7
11
1
19
30
28
50
3
22
45
33
35
29
13
2
41
30
39
32
49
10
25
14
36
2
23
17
1
3
12
7
40
29
37
35
4
27
24
33
16
15
11
42
8
31
9
34
48
18
28
47
19
44
41
50
38
13
43
6
21
26
45
5
22
20
46
5
43
4
16
19
34
3
33
10
7
42
9
48
30
24
26
32
6
25
20
38
21
31
8
23
47
35
36
18
41
39
27
2
50
40
13
46
44
49
12
29
1
45
37
14
15
22
11
28
17
44
45
39
23
20
42
46
26
11
19
21
33
6
47
32
34
48
41
36
1
37
9
17
22
31
10
49
43
4
40
8
16
35
13
29
14
50
7
24
15
2
28
12
18
25
27
30
38
5
3
17
24
48
35
15
33
36
22
39
47
25
16
30
46
49
27
10
32
42
31
45
40
9
2
21
41
38
7
8
14
20
18
19
12
3
4
29
11
13
6
28
23
26
1
37
43
44
5
34
50
41
25
31
33
44
50
38
14
22
11
40
12
18
13
4
37
2
16
10
32
36
35
1
42
9
26
34
5
6
29
19
23
43
7
8
46
17
48
27
30
15
49
21
39
3
24
28
20
45
47
24
6
49
48
45
27
18
2
20
34
41
38
10
23
36
11
3
28
31
22
44
30
42
39
1
19
43
12
46
35
40
4
33
47
21
29
9
25
15
32
8
16
13
5
50
14
26
7
17
37
12
2
3
45
32
48
17
28
47
50
16
19
24
37
41
36
13
10
15
9
7
8
34
38
26
30
27
1
43
39
29
11
4
33
42
21
14
18
35
23
40
31
20
22
49
6
46
25
44
5
21
9
38
1
33
41
6
37
29
3
43
7
15
22
12
5
27
25
40
46
10
23
48
30
16
44
36
13
28
2
24
20
26
8
11
50
35
14
18
42
49
34
31
32
19
4
45
17
47
39
9
38
26
36
14
1
28
3
24
40
4
50
17
32
34
13
41
27
21
33
25
10
23
18
49
15
39
16
19
12
45
29
7
2
35
44
47
37
6
20
42
30
11
31
22
5
8
46
48
43
20
44
17
29
34
2
31
10
9
8
26
49
35
11
6
19
5
47
46
28
33
37
13
48
43
32
7
24
21
27
4
42
45
23
18
12
39
15
22
50
3
14
16
30
40
25
41
36
1
38
18
13
9
19
11
6
42
30
37
14
2
17
46
27
45
41
50
5
29
44
1
28
8
12
10
21
33
26
34
7
48
3
16
39
32
49
22
4
38
31
25
20
24
36
47
40
35
23
43
15
8
27
30
18
5
9
34
11
42
4
15
10
28
21
3
1
25
23
12
49
19
13
24
45
14
20
2
48
39
37
16
46
36
6
22
38
31
50
7
41
47
32
17
44
35
29
43
33
26
40
39
4
5
42
43
29
25
19
15
37
50
31
38
6
44
9
47
48
32
7
22
12
16
13
46
3
24
27
1
21
28
35
30
41
17
36
8
45
34
11
20
18
10
49
23
2
33
26
40
14
46
12
1
13
40
4
45
16
44
10
28
36
19
17
20
33
14
30
24
21
43
49
41
29
22
2
3
9
48
47
6
31
42
11
25
8
7
34
37
27
18
15
23
35
5
26
38
50
39
32
3
8
40
7
26
30
5
34
49
28
14
48
37
42
16
2
19
39
38
47
20
15
25
11
27
31
1
44
10
46
17
36
41
21
9
24
23
43
12
45
4
22
33
29
13
32
6
35
50
18
38
41
8
20
28
36
27
6
18
49
7
34
39
35
37
22
31
33
16
19
3
44
50
32
24
43
14
23
25
26
10
15
47
17
30
48
42
40
45
21
5
46
1
4
11
12
2
29
9
13
6
1
42
47
27
5
16
18
3
32
37
11
45
28
19
48
12
35
26
2
46
22
14
43
4
40
8
31
38
34
36
13
21
20
49
17
25
39
10
29
33
44
7
50
24
30
23
41
15
9
7
50
44
4
47
28
30
45
31
17
29
41
11
38
9
35
49
24
6
43
32
39
26
14
33
18
40
15
20
19
13
2
10
22
5
16
48
27
21
1
36
12
46
23
8
3
34
42
37
25
43
47
15
5
7
11
49
31
12
22
34
25
33
24
1
46
35
40
23
48
29
26
38
17
3
37
21
50
36
13
18
10
9
32
14
20
45
16
44
2
27
41
39
42
30
8
19
4
6
28
40
11
19
41
3
13
32
1
16
9
12
20
5
4
8
45
37
21
48
38
23
2
35
36
39
22
18
10
49
43
7
30
25
15
50
6
24
29
26
17
34
47
42
27
28
46
14
31
33
44
11
42
47
38
17
37
26
40
33
21
49
29
9
16
31
25
22
12
2
3
28
36
6
50
30
1
13
35
23
15
43
7
24
48
4
34
32
5
39
8
46
45
14
20
44
41
18
27
10
19
19
10
18
11
42
31
37
48
14
41
3
27
1
29
28
43
30
4
50
36
16
17
20
34
32
5
26
6
15
8
12
44
22
49
24
39
38
35
33
13
23
21
47
40
2
9
25
45
46
7
27
49
37
39
13
32
40
17
30
42
46
43
34
7
48
50
16
14
20
6
35
18
4
28
45
36
23
21
26
3
33
41
29
1
44
9
12
24
25
5
38
19
2
8
10
47
31
15
11
22
16
28
21
2
25
22
50
47
8
43
36
46
49
15
38
6
39
29
41
40
30
3
12
27
5
13
9
42
17
31
1
45
34
18
48
32
20
23
11
35
24
4
19
33
7
37
10
44
14
26
13
14
46
12
29
8
44
35
41
27
9
15
23
49
17
21
40
45
33
37
5
42
32
6
36
34
25
30
24
20
26
47
39
43
31
22
3
2
4
48
10
38
18
28
1
19
50
16
7
11
4
18
36
37
9
38
43
23
13
25
8
21
42
39
47
29
44
7
5
34
26
19
49
31
48
14
20
11
45
6
2
24
50
35
27
33
30
46
28
40
1
17
3
41
12
16
15
32
22
10
10
5
45
46
12
43
39
13
23
26
1
35
22
41
29
30
33
18
27
24
31
32
28
15
50
4
11
20
3
44
9
6
49
19
16
37
21
47
36
14
7
2
25
17
48
34
42
40
38
8
37
31
25
28
8
16
15
50
32
44
6
4
13
20
26
42
21
19
3
5
47
46
45
35
38
33
29
2
11
1
14
43
23
27
10
41
34
17
40
22
48
24
36
9
18
39
7
12
49
30
15
20
35
40
22
19
1
24
50
12
23
30
32
31
14
10
18
3
11
26
2
16
36
9
8
39
45
28
29
17
46
34
44
37
38
7
33
13
5
25
21
6
41
43
42
49
48
47
4
27
35
15
34
8
38
10
47
49
5
45
32
18
26
2
11
20
6
31
43
14
21
48
40
37
29
17
12
33
13
50
30
22
27
4
19
3
41
28
42
7
9
25
44
46
39
23
16
1
24
36
34
26
50
17
49
7
24
12
45
36
48
47
4
8
2
18
20
38
1
42
39
41
11
40
35
27
22
46
44
30
25
19
3
29
33
15
5
31
23
43
6
10
9
14
21
28
13
37
32
16
50
7
16
14
6
47
35
20
19
24
45
37
31
40
21
32
38
22
44
29
13
4
2
23
12
25
30
41
33
48
15
1
5
36
26
28
27
42
46
9
17
8
49
11
43
18
39
10
3
34
22
3
29
31
23
21
8
41
6
18
30
24
14
1
13
38
43
36
47
10
17
50
7
44
25
35
32
40
37
4
11
33
46
45
28
5
2
12
48
26
39
42
15
19
27
20
9
34
16
49
48
34
12
26
35
23
33
21
4
15
20
8
16
43
18
31
7
42
9
17
14
27
46
3
2
6
19
49
47
36
22
25
28
44
1
10
40
38
29
39
32
37
5
13
45
50
11
30
41
24
25
21
28
9
30
40
41
42
1
16
44
2
20
36
22
23
17
13
37
45
11
38
15
4
18
29
6
39
7
33
49
5
8
46
43
26
10
3
47
19
35
50
34
24
32
31
12
14
27
48
28
40
10
21
2
26
29
4
43
20
39
3
41
5
35
7
1
15
18
8
48
45
19
25
42
24
44
37
9
22
50
32
13
38
23
27
16
49
14
34
11
33
30
47
46
36
17
6
12
31
31
46
20
44
24
18
19
7
40
29
27
5
21
45
39
47
11
34
22
41
8
33
30
10
17
42
28
32
50
25
3
49
6
14
12
23
37
9
1
16
43
26
4
48
15
38
36
2
13
35
