26
39
14
15
5
28
11
8
18
13
31
44
7
25
46
12
42
1
34
35
9
6
38
24
47
3
41
4
22
49
29
37
20
40
2
30
19
10
43
36
45
23
32
33
16
48
27
17
50
21
2
37
27
10
41
20
21
15
36
46
5
26
8
50
23
44
34
47
19
30
39
29
43
1
32
28
14
3
42
45
38
12
31
7
17
25
13
4
16
33
22
48
35
40
9
11
24
49
18
6
49
35
33
27
25
14
7
34
48
1
11
13
36
12
50
28
45
8
4
39
24
21
47
41
20
32
5
18
40
16
23
9
17
10
37
29
46
6
31
44
19
15
38
43
26
22
2
3
30
42
36
23
7
22
21
3
48
29
25
10
19
6
44
35
30
14
15
11
8
37
49
34
27
33
41
16
4
45
2
50
42
28
32
5
39
40
43
1
17
46
31
13
18
26
38
47
20
9
24
12
29
17
34
25
36
24
2
9
28
48
35
23
12
3
33
49
46
43
14
13
41
47
39
22
27
20
31
37
32
10
44
50
40
16
45
1
18
30
19
5
26
11
8
15
6
42
38
7
21
4
33
19
43
30
48
46
13
27
4
35
14
40
50
10
5
8
16
26
45
23
15
37
18
47
44
6
17
34
41
32
2
38
49
42
22
31
11
21
9
24
12
39
29
3
36
1
7
28
25
20
42
29
24
50
46
25
20
44
35
33
18
22
27
19
43
3
36
48
13
15
12
31
5
21
6
38
10
47
16
28
41
26
11
30
34
45
49
8
32
37
14
9
40
2
17
7
4
39
23
1
32
14
11
6
1
35
10
38
21
15
24
28
29
48
40
17
23
46
30
12
50
5
22
49
7
45
44
25
27
18
47
39
37
9
13
42
26
20
8
4
16
36
43
34
41
33
3
19
31
2
28
30
41
24
31
39
12
32
34
38
13
45
47
44
42
27
9
2
17
25
6
7
29
26
11
48
46
19
15
23
35
16
14
3
1
43
36
22
20
49
37
50
5
10
4
21
40
18
8
33
1
36
23
43
18
49
4
46
26
5
38
39
2
14
25
15
8
9
7
27
40
20
37
19
13
50
16
6
35
11
21
17
24
34
41
47
33
48
3
10
30
29
28
12
31
44
32
22
42
45
23
32
13
33
16
45
35
43
7
22
47
42
34
9
10
24
28
49
39
48
11
1
44
46
40
12
50
14
30
5
31
21
15
25
36
41
4
26
2
18
3
6
27
38
20
17
37
8
19
29
43
48
2
34
4
12
9
25
17
30
33
32
3
45
15
40
26
20
28
16
18
11
10
5
19
31
37
22
14
42
27
8
38
24
46
39
6
36
41
47
44
35
50
7
29
13
21
1
49
23
47
16
6
32
39
15
23
1
46
31
30
14
25
34
27
4
24
44
49
18
42
43
21
20
36
9
48
17
12
38
3
13
8
26
7
11
37
19
5
28
50
40
22
45
33
35
29
10
2
41
18
22
32
49
10
41
14
30
2
40
17
1
24
26
7
36
29
38
35
4
27
23
33
16
15
11
42
39
31
9
34
48
12
28
47
19
44
3
25
50
13
43
6
8
37
45
5
21
20
46
5
43
4
16
19
34
3
33
10
7
42
31
48
30
24
26
32
6
25
20
38
36
9
8
23
47
35
49
18
37
39
27
2
50
40
13
41
44
46
12
29
1
45
21
14
15
22
11
28
17
44
45
39
23
20
42
22
26
11
19
21
33
6
47
4
16
37
41
36
1
34
9
17
32
31
27
49
43
48
40
8
14
46
13
29
35
50
7
24
15
2
28
12
18
25
10
30
38
5
3
17
46
48
35
15
33
36
22
39
47
25
16
30
5
49
9
10
37
42
31
45
40
32
2
21
41
38
7
8
14
20
18
19
12
3
4
29
11
13
6
28
27
26
1
23
43
44
24
34
50
41
25
31
48
44
50
32
14
22
11
40
12
18
13
2
37
4
16
10
7
36
38
1
42
9
26
34
5
6
29
19
23
43
35
8
46
17
33
27
30
15
49
21
39
3
24
28
20
45
47
24
6
49
3
45
27
18
2
20
34
41
38
10
15
36
11
19
28
31
22
44
30
42
39
1
35
43
12
46
7
40
4
48
47
21
17
9
25
33
32
8
16
14
5
50
23
26
13
29
37
12
24
3
45
32
48
17
28
47
50
16
19
13
37
41
30
2
10
15
9
7
8
34
38
26
29
27
1
43
39
36
11
4
33
42
21
14
18
35
23
40
31
20
22
49
6
46
25
44
5
21
9
38
1
33
17
6
37
29
3
43
7
15
22
12
5
27
25
40
46
10
45
41
30
16
44
36
13
28
2
24
20
26
8
11
18
35
14
50
42
49
34
31
32
19
4
23
48
47
39
9
38
26
36
14
1
28
3
24
2
4
50
40
32
34
13
41
27
21
33
25
10
23
18
43
15
39
16
19
12
45
29
7
17
35
49
47
37
6
20
42
30
11
31
22
5
8
46
48
44
20
44
17
29
50
2
31
10
9
8
26
30
35
11
6
34
5
32
47
28
33
14
13
48
49
46
7
24
21
27
4
42
45
23
18
12
39
15
22
19
36
3
16
37
40
25
41
43
1
38
6
13
9
19
11
18
42
36
37
14
7
17
46
27
45
41
50
35
29
44
4
28
8
12
10
21
33
26
34
1
48
3
16
39
32
2
22
5
38
31
25
20
24
30
47
40
49
23
43
15
8
27
22
18
37
5
34
11
42
4
15
10
28
21
9
1
25
23
12
49
29
13
24
45
14
7
2
48
39
6
16
46
36
19
20
38
31
50
30
41
47
32
17
44
35
3
43
33
26
40
48
4
5
42
43
29
25
19
15
37
50
9
38
23
44
39
47
17
32
14
22
12
3
13
46
10
24
27
1
21
28
35
30
41
6
36
8
45
7
11
20
18
49
16
34
2
33
26
40
31
15
12
1
13
40
4
45
16
44
41
28
36
19
17
20
33
14
30
24
21
43
49
46
29
22
2
3
9
10
47
6
31
42
11
25
8
7
34
37
38
18
26
23
35
5
27
48
50
39
32
3
8
40
7
26
30
5
50
49
28
22
48
17
42
35
2
31
39
38
10
20
15
25
11
34
19
1
44
47
46
37
36
41
21
9
24
23
43
12
45
4
14
33
29
13
32
6
16
27
18
14
41
8
20
28
36
27
6
38
49
2
34
39
18
37
22
17
33
16
19
3
44
50
7
24
43
15
23
25
26
10
32
47
31
30
48
42
40
45
21
5
46
1
4
11
12
35
29
9
13
35
1
42
47
27
13
16
18
3
32
37
11
33
28
19
48
12
5
26
2
46
22
31
43
4
23
8
36
38
34
17
40
21
20
49
14
25
39
10
29
41
44
7
50
24
30
45
6
15
9
7
33
44
4
47
9
30
45
31
17
29
41
11
38
3
35
49
24
6
43
32
39
26
14
28
18
40
15
20
19
13
2
50
22
5
16
48
27
21
1
10
12
46
23
8
36
34
42
37
25
25
47
15
5
7
11
33
31
12
45
34
49
43
24
1
46
35
40
23
38
8
26
48
17
3
37
21
50
36
13
18
10
9
32
14
20
28
16
44
2
27
41
39
42
30
29
19
4
6
22
37
11
19
41
3
44
38
40
16
9
12
20
5
4
8
45
13
21
48
32
23
2
35
36
39
22
18
10
49
43
7
30
25
15
50
6
24
29
26
17
34
47
42
27
28
46
1
31
33
14
11
42
47
38
17
37
26
5
45
21
49
29
9
16
31
25
40
12
2
3
14
24
6
50
30
1
13
35
23
15
43
7
33
48
4
34
32
41
39
8
46
22
36
20
44
28
18
27
10
19
19
10
18
11
42
31
37
48
14
39
3
27
1
29
28
43
30
4
50
36
16
17
20
34
33
40
26
32
5
8
12
41
22
6
24
44
38
35
15
13
23
21
47
49
2
9
25
45
46
7
27
49
37
39
13
32
40
17
30
42
46
25
41
7
48
50
22
14
20
6
35
18
4
28
45
36
23
21
26
3
33
15
29
1
44
9
12
24
34
16
38
19
2
47
10
8
31
5
11
43
16
28
21
2
49
22
50
47
8
43
36
46
45
33
38
6
39
29
41
40
30
3
12
27
5
13
9
42
17
31
1
44
34
18
48
32
20
23
11
35
24
4
19
25
7
37
10
15
14
26
10
40
46
12
29
8
44
35
41
27
9
15
23
49
17
21
18
45
33
50
5
42
16
6
37
34
25
30
24
20
26
47
39
43
31
22
3
2
4
48
32
38
13
28
1
19
14
36
7
11
4
18
36
37
9
38
43
23
13
25
8
21
42
39
47
29
44
7
5
34
26
19
49
31
48
14
20
11
45
35
50
24
6
2
27
33
30
46
28
40
1
17
3
41
12
16
15
32
22
10
45
5
30
46
12
43
39
13
23
26
1
35
22
41
29
19
33
18
27
24
31
32
28
15
50
4
11
20
3
44
9
6
10
49
16
37
21
47
36
14
7
2
25
17
48
34
42
40
38
8
13
31
25
28
8
16
15
7
32
44
6
4
49
20
26
42
21
19
3
5
1
46
45
35
38
33
29
2
11
41
14
43
23
27
10
50
34
17
40
22
48
24
37
9
18
39
47
12
36
30
30
20
35
40
22
19
1
24
33
12
23
43
32
31
14
10
48
3
11
26
2
16
36
9
8
39
45
28
29
17
46
34
44
37
38
7
15
13
18
25
21
5
41
6
42
49
50
47
4
27
34
15
50
8
38
10
47
49
5
23
32
18
26
2
11
20
6
31
43
45
21
48
40
37
29
17
12
33
13
24
30
22
27
4
19
3
1
28
42
7
9
25
44
46
39
14
16
41
35
36
38
2
45
17
34
7
24
12
27
36
48
47
4
8
39
18
20
50
1
42
28
41
11
40
35
49
22
46
44
30
25
19
3
29
33
15
5
31
23
43
6
10
9
14
21
26
13
37
32
16
50
7
16
14
6
47
46
20
19
24
45
37
31
40
21
32
38
22
44
29
13
4
2
23
12
25
30
41
33
48
15
1
5
36
26
28
27
42
49
9
17
8
10
11
43
18
39
35
3
34
22
3
29
31
23
21
8
41
6
18
10
24
14
1
13
38
43
36
46
47
17
50
7
44
25
30
32
40
37
4
11
33
35
45
28
5
2
12
48
26
39
42
15
19
27
20
9
34
16
49
46
34
12
26
35
23
49
21
1
6
20
8
16
43
18
31
7
42
9
17
47
27
14
3
2
5
19
38
4
36
22
25
28
44
15
10
40
32
29
39
33
37
48
13
45
50
11
30
41
24
39
21
28
9
30
40
41
42
50
16
44
2
20
36
22
23
3
13
37
11
19
25
15
4
18
8
6
29
7
33
49
5
1
46
43
26
10
38
47
27
35
45
34
24
32
31
12
14
17
48
40
50
10
21
2
26
29
4
43
20
39
3
37
6
32
7
1
15
18
8
48
35
19
25
42
24
47
31
9
22
5
45
13
38
23
27
16
49
14
34
11
33
30
36
46
41
17
44
12
28
31
26
20
44
24
6
19
39
40
29
27
5
21
46
16
47
11
34
22
41
37
33
30
10
17
42
28
8
50
25
32
49
18
14
12
23
45
9
1
3
43
7
4
48
15
38
36
2
13
35
