26
33
14
15
50
17
18
8
1
13
31
44
7
25
46
12
42
37
34
35
9
6
3
24
47
38
41
4
22
49
5
28
20
40
2
30
19
10
43
36
45
23
32
11
16
48
27
39
29
21
39
37
27
10
41
20
21
7
36
46
5
26
40
50
23
44
34
2
19
30
4
29
43
1
15
28
14
3
42
45
38
12
47
31
17
25
13
32
16
33
22
48
35
8
9
11
24
49
18
6
49
35
33
27
34
14
7
30
48
1
11
13
36
15
50
28
45
8
4
39
24
25
47
41
20
19
5
18
23
16
29
9
17
10
37
12
46
6
31
44
32
40
38
43
26
22
21
3
2
42
36
23
7
22
21
3
48
29
25
39
19
6
47
18
30
14
15
11
8
50
49
34
27
33
41
16
4
45
2
35
42
44
32
5
20
40
43
1
17
46
31
13
37
26
38
10
28
9
24
12
29
17
38
25
5
24
2
9
28
21
35
23
12
46
33
49
3
43
14
13
41
47
39
7
34
20
31
37
32
10
44
50
40
16
45
1
18
30
19
27
26
11
8
15
6
42
48
22
36
4
37
19
43
31
48
46
13
27
4
35
30
40
50
10
5
8
7
26
45
23
15
14
16
47
44
6
17
34
41
32
3
38
49
42
22
18
11
21
9
24
12
39
29
33
36
1
2
28
25
20
42
29
24
50
39
25
20
44
38
33
18
22
27
19
43
3
36
48
13
15
12
31
5
21
6
46
10
47
16
28
41
26
11
30
34
45
49
8
32
37
14
9
40
2
17
7
4
35
23
1
32
14
11
6
1
44
10
38
21
15
24
28
29
48
40
17
23
46
37
12
50
5
22
49
35
45
30
25
27
18
47
39
33
9
13
42
26
20
8
4
16
7
43
34
41
36
3
19
31
2
2
30
41
33
31
39
12
32
34
38
13
45
24
44
42
27
9
5
17
25
6
7
29
26
11
48
46
19
47
23
35
16
50
3
18
43
36
22
20
49
37
15
14
10
4
21
40
1
8
28
1
48
23
43
18
49
4
46
26
5
38
39
2
14
25
15
8
9
7
27
40
20
37
19
13
50
16
36
35
11
21
17
24
34
41
47
29
33
3
10
30
22
12
28
31
44
32
6
42
45
23
32
13
44
16
45
22
43
7
2
47
42
3
9
10
24
28
49
39
48
11
1
34
46
40
12
50
14
30
5
31
21
15
25
36
35
4
26
41
18
33
6
27
38
20
17
37
8
19
29
38
40
2
34
4
12
9
25
17
30
33
32
49
26
15
39
31
20
28
16
18
11
10
5
19
3
37
22
14
42
27
8
48
24
46
41
6
36
1
47
44
35
50
7
29
13
45
43
21
23
47
16
6
32
36
15
23
34
46
31
39
14
25
5
27
4
24
44
49
18
42
43
9
20
37
13
48
17
12
38
10
40
8
26
7
11
1
19
2
28
50
3
22
45
33
35
29
21
30
41
12
22
32
49
10
18
14
39
2
23
17
1
37
21
7
40
29
50
35
4
27
8
33
16
36
11
42
38
31
9
34
48
26
28
47
19
15
41
30
3
13
43
6
25
24
45
5
44
20
46
5
43
4
16
19
34
36
33
10
7
42
31
48
30
24
26
32
6
25
20
38
21
46
8
23
47
35
9
18
41
39
27
2
50
40
13
37
44
49
12
29
1
45
3
14
15
22
11
28
17
14
45
39
23
20
42
46
26
11
19
21
33
6
47
16
35
4
41
36
1
34
9
17
22
31
27
49
43
48
40
8
32
37
13
29
44
50
7
24
15
2
28
10
18
25
12
30
38
5
3
17
24
48
35
15
33
3
22
39
47
25
16
30
23
49
9
10
32
46
36
45
40
42
2
21
41
38
7
8
14
20
18
19
12
6
4
27
11
13
31
28
29
26
1
37
43
44
5
34
50
41
25
31
48
44
50
33
14
22
11
40
12
18
13
4
37
2
16
10
32
36
38
1
42
9
26
34
5
6
29
19
23
43
7
8
46
17
28
27
30
15
49
21
39
3
24
35
20
45
47
24
6
49
19
45
27
35
2
20
34
41
38
10
42
36
11
17
28
31
22
44
30
18
39
1
23
43
12
46
15
40
4
14
47
21
29
9
25
33
32
8
16
13
5
50
3
26
48
7
37
30
2
3
45
32
48
17
28
47
50
16
19
8
37
41
34
13
10
15
9
7
24
12
38
26
29
27
1
43
39
36
11
4
33
42
21
14
18
35
23
40
31
20
22
49
6
46
25
44
5
21
9
45
1
33
41
6
37
29
3
43
7
15
22
12
5
27
25
40
46
10
48
38
30
16
44
36
13
28
2
24
20
18
8
11
26
35
14
50
42
49
34
31
32
19
4
23
17
47
39
44
38
26
36
14
9
28
3
24
40
4
50
45
32
34
13
41
27
21
33
25
10
23
18
49
15
39
16
19
12
1
29
7
17
35
2
47
37
6
20
42
30
11
31
22
5
8
46
48
43
20
44
17
29
46
2
31
10
9
8
26
49
35
11
6
30
5
47
3
28
33
36
13
48
43
32
7
24
21
27
4
42
45
23
12
34
39
15
22
50
19
14
16
37
40
25
41
18
1
38
18
13
9
30
11
35
42
5
37
14
2
17
46
27
45
41
50
1
29
44
19
28
8
12
10
21
33
26
34
7
48
3
16
39
32
31
22
4
38
6
25
20
24
36
47
40
49
23
43
15
8
27
22
18
37
5
34
11
42
4
15
10
28
6
21
1
25
23
12
49
20
13
24
45
14
9
2
48
39
30
16
46
36
19
3
38
31
50
7
41
47
32
17
44
35
29
43
33
26
40
6
4
5
42
43
29
25
19
15
37
50
9
38
3
44
16
47
17
32
7
22
12
31
13
46
10
24
27
1
21
28
35
30
41
39
36
8
45
34
11
20
18
48
49
23
2
33
26
40
14
46
12
1
13
40
4
45
16
44
48
28
36
19
17
3
33
14
30
24
21
43
49
26
29
22
2
15
10
9
47
6
31
42
11
25
8
7
34
37
38
18
27
23
35
5
41
20
50
39
32
3
8
40
7
26
30
5
42
49
28
22
48
17
34
20
2
19
39
38
47
14
15
25
11
27
31
1
44
10
46
37
36
41
21
9
24
23
43
12
45
4
50
33
29
13
32
6
16
35
18
15
41
8
20
28
36
27
6
35
49
7
34
39
12
37
22
18
33
16
19
3
44
50
32
24
43
47
23
25
26
17
10
31
2
30
48
42
40
45
21
5
46
1
4
11
14
38
29
9
13
40
1
42
24
6
13
16
18
3
32
37
11
33
28
19
48
12
35
26
2
46
22
41
43
4
5
8
31
38
34
23
14
21
20
49
17
25
39
10
29
36
44
7
50
45
30
47
15
27
9
7
50
44
4
47
10
30
45
31
17
29
41
11
38
9
36
49
24
6
43
32
39
48
14
33
18
40
15
20
19
13
2
35
22
5
16
28
27
21
1
3
12
46
23
8
26
34
42
37
25
10
47
15
5
7
11
49
31
12
22
34
25
43
24
1
46
35
40
23
38
8
26
21
17
3
37
29
50
36
13
18
45
9
32
14
20
48
16
44
2
27
41
39
42
30
28
19
4
6
33
13
11
19
41
3
1
38
40
16
9
12
20
5
4
8
45
37
21
48
10
23
2
35
36
39
22
18
32
49
43
7
30
25
15
50
6
24
29
26
17
34
47
42
27
28
46
14
31
33
44
11
42
47
38
17
37
26
15
45
41
49
29
9
16
31
25
22
12
2
3
28
23
6
50
30
1
13
35
40
24
43
7
34
48
4
14
32
5
39
8
46
21
36
20
44
33
18
27
10
19
19
10
18
11
42
31
37
48
33
6
3
27
1
29
28
43
30
4
50
14
16
17
20
34
32
40
26
39
15
8
12
41
22
44
24
49
38
35
5
13
23
36
47
21
2
9
25
45
46
7
27
49
37
39
13
32
40
17
30
42
46
43
34
7
48
50
16
14
20
6
35
18
4
28
45
36
23
21
26
3
33
15
29
1
44
9
12
24
25
5
38
19
2
47
10
8
31
41
11
22
16
28
21
2
25
22
50
47
8
43
36
46
44
33
38
6
39
29
41
40
30
3
14
27
5
49
9
42
17
31
45
13
1
18
48
32
20
23
11
35
24
4
19
12
34
37
10
7
15
26
9
36
46
12
29
8
44
35
41
27
14
15
23
49
17
21
40
45
33
37
5
42
32
6
7
34
25
30
24
20
26
47
39
43
31
22
3
2
4
48
10
38
28
16
18
19
1
13
50
11
4
18
36
37
9
38
43
23
13
25
8
21
42
39
47
29
44
7
5
34
26
19
49
31
48
14
20
11
45
50
2
24
6
35
27
33
30
46
28
40
1
17
3
41
12
16
15
32
22
10
45
5
30
46
12
43
39
13
23
26
1
35
22
41
29
19
33
18
27
24
31
32
28
15
50
4
11
20
3
44
9
6
10
49
16
37
21
47
36
14
7
2
25
17
48
34
42
40
38
8
48
31
25
28
8
16
15
1
32
44
6
4
13
20
26
42
21
19
47
5
29
46
45
35
38
33
3
2
11
37
14
43
23
27
10
50
34
17
40
22
41
24
18
9
7
39
36
12
49
30
43
20
35
40
22
19
1
24
18
12
23
30
32
31
14
10
48
3
11
26
2
16
36
9
8
39
45
28
29
17
46
34
44
37
38
7
33
13
15
25
21
5
41
6
42
49
50
47
4
27
34
15
50
8
38
28
47
49
5
10
32
18
26
2
11
20
6
31
43
45
21
35
40
37
29
17
12
33
13
1
30
22
27
4
19
3
41
48
42
7
9
25
44
46
39
23
16
24
14
36
35
26
34
17
49
7
24
12
50
36
45
47
4
8
2
18
20
38
1
42
39
41
11
40
28
30
22
46
44
48
25
19
3
29
33
15
5
31
23
43
6
10
9
14
21
27
13
37
32
16
50
7
16
14
27
47
11
20
19
24
48
37
31
40
35
32
38
22
44
29
13
4
2
23
12
25
21
41
33
6
15
1
5
36
26
28
45
42
46
9
17
8
49
30
43
18
39
10
3
34
22
3
29
47
23
21
8
41
6
18
10
24
14
1
13
38
43
36
30
31
17
50
7
44
25
35
32
40
37
4
11
33
46
45
28
5
2
12
48
26
39
42
15
19
27
20
9
34
16
49
33
34
12
26
35
23
32
21
14
45
20
8
16
43
18
31
46
42
9
17
47
27
44
3
2
7
19
49
4
36
22
25
28
6
15
10
40
38
29
39
48
37
5
13
1
50
11
30
41
24
25
21
28
9
30
40
41
50
27
16
44
2
20
36
22
23
26
13
42
11
1
37
15
4
18
8
6
29
7
33
49
5
38
46
43
39
10
3
47
19
35
45
34
24
32
31
12
14
17
48
28
39
10
21
2
26
29
4
43
20
9
3
41
35
32
7
1
15
18
8
48
45
19
25
42
24
44
6
5
22
50
37
13
38
23
27
16
49
14
34
11
33
30
40
46
47
17
36
12
31
31
46
20
3
24
6
19
36
40
29
27
5
21
45
39
47
11
34
22
41
37
33
30
10
17
42
28
8
50
25
32
49
12
14
1
23
44
9
18
16
43
26
4
48
15
38
7
2
13
35
