26
33
14
15
50
5
11
8
18
13
31
44
7
25
46
12
42
1
34
35
9
6
28
24
47
38
41
4
22
49
17
37
20
40
2
30
19
10
43
36
45
23
32
3
16
48
27
39
29
21
15
37
27
10
41
20
21
7
36
46
5
26
33
50
23
44
34
2
19
30
39
29
43
1
32
28
14
3
42
45
38
12
47
31
17
25
13
48
16
4
22
40
35
8
9
11
24
49
18
6
49
35
33
27
34
14
7
30
48
1
11
13
36
15
50
28
45
8
4
39
24
25
47
41
20
29
5
19
40
16
23
9
17
10
37
12
46
6
31
44
32
26
38
43
18
22
2
3
21
42
36
23
7
22
21
3
48
29
25
39
19
6
37
35
30
14
15
11
8
50
49
34
27
33
41
16
4
45
2
44
42
10
32
5
20
40
43
1
17
46
31
13
18
26
38
47
28
9
24
12
29
17
22
25
5
24
2
34
47
48
35
23
12
3
33
49
46
43
14
13
41
37
39
36
38
7
31
9
32
10
44
50
40
16
45
1
18
30
19
28
26
11
8
15
6
42
20
21
27
4
35
19
43
30
48
46
13
27
4
2
14
40
50
10
5
8
22
26
45
23
15
7
16
47
44
3
17
34
41
32
37
38
18
42
6
31
11
21
9
24
12
39
29
33
36
1
49
28
25
20
42
29
24
50
46
41
20
44
38
33
18
22
27
19
43
3
36
25
13
15
12
31
5
21
6
35
10
47
16
28
39
26
11
30
34
45
49
8
32
37
14
9
40
2
17
7
4
48
23
1
32
14
11
6
1
44
10
40
21
36
24
28
29
48
4
17
23
46
37
12
50
5
22
49
35
45
30
25
27
18
47
39
38
9
13
42
26
20
15
33
16
7
43
34
41
8
3
19
31
2
2
30
41
19
31
39
12
32
34
38
13
45
24
44
42
27
9
50
17
25
6
47
29
26
11
48
46
18
5
23
35
16
14
3
1
43
36
22
20
49
37
15
28
10
4
21
40
7
8
33
1
24
23
43
18
49
4
46
26
5
38
39
2
14
25
15
8
9
7
27
40
20
37
19
13
50
16
29
35
11
21
17
6
34
41
47
28
33
3
10
30
48
12
36
31
44
32
22
42
45
23
32
13
48
16
45
33
43
7
35
47
42
3
9
10
24
28
49
39
11
20
1
44
46
40
12
50
14
30
5
31
21
15
25
36
2
4
26
8
18
41
22
27
38
34
17
37
6
19
29
39
48
38
34
4
12
9
25
17
30
33
32
43
45
15
40
3
20
28
16
18
11
10
5
19
31
37
22
14
42
27
8
49
24
46
29
6
36
1
47
44
35
50
7
26
13
21
41
2
23
47
16
6
32
39
15
23
9
46
31
8
14
25
21
27
4
24
44
49
18
42
43
3
20
34
40
48
17
12
38
5
28
1
26
7
11
37
19
2
13
50
36
22
45
33
35
29
10
30
41
13
22
32
49
10
18
14
39
2
40
17
1
8
12
7
30
29
37
35
4
27
23
33
16
15
11
42
36
31
9
34
48
26
28
47
19
41
38
25
50
3
43
6
21
24
45
5
44
20
46
5
43
4
16
19
34
36
33
10
7
42
31
48
30
9
26
32
6
25
20
38
21
41
8
23
47
35
49
18
24
3
27
2
50
40
13
39
44
46
12
29
1
45
37
14
15
22
11
28
17
44
45
39
23
20
42
35
26
11
19
21
33
6
47
24
16
48
41
36
1
14
9
17
22
31
32
49
43
4
40
8
13
46
12
29
10
50
7
34
15
2
28
37
18
25
27
30
38
5
3
17
46
48
35
15
33
3
22
39
47
25
16
30
42
49
9
10
5
23
6
45
40
32
2
21
41
38
7
8
14
20
18
19
36
12
4
29
11
13
31
28
27
26
1
37
43
44
24
34
50
41
25
31
33
44
50
32
14
22
11
40
12
18
13
2
37
4
16
10
48
36
38
1
42
9
26
34
5
6
29
19
23
43
7
8
46
17
28
27
30
15
49
21
39
3
24
35
20
45
47
24
6
49
3
45
27
18
2
20
34
41
38
10
23
36
11
19
28
31
22
44
30
42
39
1
13
43
12
46
15
40
4
48
47
21
35
9
25
33
32
8
16
14
5
50
29
26
17
7
37
12
13
3
45
32
48
17
28
8
50
16
19
47
37
41
36
2
10
15
9
7
24
21
38
26
30
27
1
43
39
29
11
4
33
42
34
14
18
35
23
40
31
20
22
49
6
46
25
44
5
21
9
45
1
33
25
6
37
29
3
43
7
15
22
12
5
27
17
40
46
10
48
38
30
16
44
36
13
28
2
24
20
50
8
11
26
35
14
41
42
49
34
31
32
19
4
23
18
47
39
9
38
26
36
49
17
28
3
24
21
4
50
40
32
34
13
41
27
47
33
25
10
23
18
43
15
39
16
19
12
45
29
7
2
35
44
1
37
6
20
42
30
11
31
22
5
8
46
48
14
20
44
17
29
14
2
31
10
9
8
26
49
35
11
6
34
5
32
30
28
33
36
13
48
37
46
7
24
21
27
4
42
45
23
18
39
47
15
22
3
19
50
16
12
40
25
41
43
1
38
18
2
9
31
11
13
42
6
37
14
7
17
46
27
45
41
50
35
29
44
4
28
8
12
10
21
33
26
34
1
48
3
16
39
32
49
22
5
38
19
25
20
24
30
47
40
36
23
43
15
8
27
30
18
37
6
34
11
42
4
15
10
28
5
21
1
25
23
12
49
29
13
24
45
14
9
2
48
39
20
16
46
36
19
22
38
31
50
7
41
47
32
17
44
35
3
43
33
26
40
34
4
5
42
43
29
25
19
15
37
50
9
38
6
44
39
47
48
32
7
22
12
14
13
46
23
3
27
1
21
28
35
30
41
24
36
8
45
49
11
17
18
10
16
20
2
33
26
40
31
46
12
1
13
40
4
45
16
44
41
28
36
19
17
20
33
14
30
24
21
43
49
9
29
22
2
15
10
48
47
6
31
42
11
25
8
7
34
37
27
18
3
23
35
5
26
38
50
39
32
3
8
40
7
26
30
5
42
49
28
22
48
17
34
16
2
31
39
38
37
19
15
25
11
27
20
1
44
47
46
10
36
41
21
9
24
23
43
12
45
4
14
33
29
13
32
6
35
50
18
38
41
8
20
28
36
27
15
35
49
10
34
39
18
37
22
17
33
16
19
3
44
50
7
24
43
12
23
25
26
2
32
31
6
30
48
42
40
45
21
5
46
1
4
11
14
47
29
9
13
33
1
42
24
27
35
16
18
3
32
37
11
13
28
19
48
12
47
26
2
46
22
31
43
4
5
8
6
38
34
41
40
21
20
49
17
25
39
10
29
36
44
7
50
23
30
45
15
14
9
7
36
44
4
47
9
30
50
31
17
29
41
11
38
3
35
49
24
6
43
32
39
26
14
28
18
40
15
20
19
13
2
33
22
5
16
45
27
21
1
48
12
46
23
8
10
34
42
37
25
28
47
15
5
7
11
22
31
12
10
34
25
49
24
1
46
35
40
21
38
8
26
48
17
3
37
29
50
36
13
18
45
9
32
14
20
33
16
44
2
27
41
39
42
30
23
19
4
6
43
40
11
19
41
3
10
38
36
16
9
12
20
5
4
8
45
13
21
48
14
23
2
35
32
39
22
18
37
49
43
7
30
25
15
50
6
24
29
26
17
34
47
42
27
28
46
1
31
33
44
11
42
47
38
17
37
26
5
28
22
49
29
9
16
31
25
40
12
2
3
34
14
6
50
30
1
13
35
23
41
43
7
24
48
15
21
32
4
39
8
46
45
36
20
44
33
18
27
10
19
19
10
18
11
42
31
37
48
14
6
3
27
1
29
28
43
30
4
50
36
16
17
20
34
33
49
26
32
15
8
12
44
22
13
39
41
38
35
24
5
23
21
47
40
2
9
25
45
46
7
27
49
37
39
13
32
40
17
30
42
46
43
34
7
48
50
16
14
20
47
35
18
4
28
45
36
23
21
26
3
33
15
29
1
44
9
12
24
5
6
38
19
2
25
10
41
31
8
11
22
16
28
21
2
25
22
50
47
45
43
36
46
44
33
38
6
39
29
41
40
30
3
12
27
5
8
9
42
17
31
1
14
34
18
48
32
20
23
11
35
24
4
19
49
7
37
10
13
15
26
10
40
50
12
29
8
44
35
41
27
9
15
23
49
17
21
1
45
33
32
5
42
18
6
7
34
25
30
24
37
26
47
39
43
31
22
3
2
4
48
20
38
13
28
46
19
14
16
36
11
4
18
36
37
9
38
43
23
13
25
2
21
42
39
47
29
44
7
5
34
26
19
49
31
48
14
20
11
45
6
50
24
8
35
27
33
30
46
28
40
1
17
3
41
12
16
15
32
22
10
45
5
46
44
12
43
39
13
23
26
1
35
22
41
29
19
33
18
27
24
31
32
34
15
50
4
11
20
3
30
9
6
10
49
16
37
21
47
36
14
7
2
25
17
48
28
42
40
38
8
37
31
25
28
8
16
15
38
32
44
6
4
41
20
26
42
21
19
3
5
1
46
45
35
36
33
47
2
11
7
14
43
23
27
10
18
34
17
40
22
13
24
48
9
29
39
50
12
49
30
43
20
35
40
22
19
1
24
33
12
23
30
32
31
14
10
18
3
11
26
2
16
36
9
8
39
45
28
29
17
46
34
44
37
38
7
15
13
50
25
21
5
41
6
42
49
48
47
4
27
14
15
34
8
38
28
47
49
5
23
32
18
26
2
11
20
6
31
43
10
21
45
40
37
29
17
24
33
13
50
30
22
27
4
19
3
48
41
42
7
9
25
44
46
39
12
16
1
35
36
30
26
2
17
36
7
24
12
50
45
48
47
4
8
39
18
20
38
1
42
28
41
11
40
49
27
22
46
44
35
25
19
3
29
33
15
5
31
23
43
6
10
9
14
21
34
13
37
32
16
50
7
16
14
6
47
46
20
19
24
45
37
31
40
35
32
38
22
44
29
13
4
2
23
12
25
21
41
33
48
15
1
5
17
26
28
27
42
30
9
10
8
49
11
43
18
39
36
3
34
22
3
29
47
23
21
8
41
6
18
30
24
14
1
13
38
43
36
46
31
17
50
7
44
25
10
32
40
37
4
11
33
35
45
28
5
2
12
48
26
39
42
15
19
27
20
9
34
16
49
48
34
12
26
35
23
49
21
1
15
20
8
16
43
18
31
7
42
9
17
47
27
46
3
2
6
19
38
10
36
22
25
28
44
4
14
40
32
29
39
33
37
5
13
45
50
11
30
41
24
25
21
28
9
30
40
41
1
27
16
44
2
20
36
22
23
26
13
42
45
11
8
15
4
18
19
6
39
7
33
49
5
37
46
43
50
10
3
47
38
35
29
34
24
32
31
12
14
17
48
6
50
10
21
2
26
29
4
43
20
39
3
45
46
40
7
37
15
18
8
48
35
19
25
42
24
44
31
9
22
32
41
13
38
23
27
16
49
14
34
11
33
30
47
1
36
17
5
12
28
31
39
20
46
24
1
19
45
40
29
27
5
21
26
32
47
11
34
22
41
37
33
30
10
17
42
28
8
50
25
36
49
12
14
3
23
44
9
18
16
43
6
4
48
15
38
7
2
13
35
