36
6
40
18
24
28
27
35
39
38
47
21
32
15
19
10
45
50
49
23
22
48
29
7
1
14
11
37
42
33
5
16
20
17
34
30
41
46
4
3
8
9
26
2
12
31
13
25
43
44
30
3
5
13
2
29
1
19
28
20
7
16
50
12
27
15
44
14
22
4
24
46
17
41
45
8
18
6
39
47
35
49
32
26
37
42
36
43
34
40
9
10
31
23
25
21
11
48
33
38
16
41
50
26
11
48
15
49
2
22
24
10
39
37
31
38
19
8
12
9
18
33
25
30
40
32
47
13
28
4
6
1
35
45
7
46
5
14
36
44
23
42
27
21
20
17
43
3
34
29
22
28
4
3
32
26
16
12
40
43
18
42
6
46
5
37
29
47
31
14
41
10
11
44
50
35
38
34
49
1
21
24
9
15
19
20
13
2
23
33
27
30
25
7
36
8
45
17
48
39
37
4
11
9
27
25
14
47
31
3
35
17
5
32
2
34
28
39
16
46
33
43
7
49
26
20
6
30
41
50
22
48
23
44
8
29
24
12
19
36
13
1
21
42
10
45
15
38
18
40
18
17
2
24
46
19
44
20
25
14
39
47
3
31
11
41
42
6
36
16
26
28
34
40
33
29
49
27
10
45
38
50
5
21
35
1
9
32
30
8
37
13
23
4
43
48
7
15
22
12
47
45
19
48
12
9
3
33
6
16
34
29
40
7
18
17
31
23
44
42
30
50
32
36
20
27
25
41
14
15
1
5
2
11
26
8
49
22
10
21
43
39
28
38
4
37
46
24
13
35
43
9
49
1
28
47
31
13
35
7
14
6
42
30
40
29
21
16
39
24
23
41
4
46
17
15
50
5
26
44
36
37
19
34
11
48
3
8
22
45
12
2
38
18
32
20
25
10
27
33
7
8
14
29
21
20
47
4
16
27
2
18
26
48
15
11
36
24
9
3
32
6
46
17
22
34
19
38
5
40
39
35
33
13
45
28
1
23
44
10
42
12
37
50
41
25
30
43
31
49
26
25
21
36
15
45
7
50
33
24
8
37
48
28
32
44
10
22
34
38
46
4
39
13
29
40
27
3
30
18
31
19
1
49
16
17
43
20
5
12
35
47
9
6
11
41
23
14
2
42
15
1
29
14
19
49
36
11
43
4
30
26
16
22
48
46
7
40
24
6
10
27
37
45
44
21
41
2
23
12
20
28
3
47
42
13
32
34
8
39
50
18
5
33
31
38
9
35
25
17
24
48
10
49
31
13
20
23
34
21
15
7
43
41
17
22
26
45
30
11
5
18
6
29
38
33
40
50
19
28
37
39
46
32
25
16
8
44
35
27
2
36
3
12
47
14
4
1
42
9
34
16
31
41
43
44
10
45
38
32
5
39
22
21
3
2
47
27
33
12
4
23
28
20
19
37
36
49
18
9
24
26
42
30
48
35
7
17
1
6
15
25
8
46
40
11
14
13
29
50
42
10
17
12
38
3
40
44
32
29
26
33
49
9
47
30
23
36
4
22
13
15
21
25
43
46
2
7
11
19
27
31
16
5
6
41
39
37
48
28
20
50
45
14
1
35
8
18
24
34
50
47
25
31
30
15
29
37
14
2
33
28
34
42
41
21
49
38
17
48
19
5
1
26
10
43
8
9
20
39
45
46
18
40
27
12
35
13
24
16
32
7
6
11
22
44
3
4
23
36
48
20
9
42
5
22
35
16
15
44
17
46
4
13
50
23
24
18
41
1
27
11
49
3
12
30
43
25
36
6
33
34
21
37
14
2
29
28
40
32
47
38
10
45
8
19
39
7
26
31
6
24
8
20
7
39
49
42
46
40
1
22
33
38
36
31
14
13
26
2
48
19
44
9
32
23
12
10
35
41
34
25
4
16
5
27
28
18
15
30
3
29
43
17
37
50
21
47
11
45
3
35
30
43
14
46
18
28
26
47
9
13
38
39
7
49
27
1
20
31
45
24
40
42
23
41
21
8
16
36
44
4
25
22
17
33
50
15
11
19
6
34
29
37
48
10
2
32
12
5
41
26
48
22
34
50
30
17
44
33
37
1
9
10
23
42
13
31
27
19
25
45
43
47
36
6
4
39
15
35
28
32
29
14
21
3
12
11
2
20
49
40
7
8
5
18
38
46
16
24
38
11
41
30
22
5
45
32
23
42
25
48
2
20
21
36
15
10
18
29
43
39
9
8
28
26
3
1
34
7
4
33
49
50
31
37
46
40
16
47
24
35
12
19
27
13
17
44
14
6
25
33
42
21
39
30
13
8
48
46
10
50
7
36
1
18
9
35
14
17
3
37
45
4
41
16
15
12
32
5
43
27
11
19
20
23
38
49
29
31
34
24
40
22
2
6
28
26
44
47
11
44
26
7
40
37
4
24
41
1
29
32
13
27
43
3
50
2
23
47
35
16
36
12
46
28
9
17
22
38
42
14
48
25
33
19
34
21
39
49
45
20
30
5
18
15
6
31
10
8
49
34
18
46
26
2
21
31
29
13
42
9
36
50
4
39
33
28
5
32
8
44
30
48
25
10
45
11
7
23
19
17
27
1
41
47
15
38
37
14
16
6
22
35
3
24
12
20
40
43
17
12
15
10
49
38
42
25
19
28
32
4
47
18
37
48
41
30
6
44
11
20
5
27
7
22
1
33
50
43
13
36
26
8
23
24
16
3
21
35
31
46
2
34
29
39
40
45
9
14
1
30
3
6
44
34
33
29
18
36
50
11
14
24
10
40
46
42
37
45
28
2
38
5
31
25
48
20
8
21
9
43
15
12
47
22
26
35
32
17
4
23
16
13
39
27
49
19
7
41
33
5
28
39
37
1
22
27
42
31
12
24
15
26
8
45
2
43
32
36
40
14
3
21
34
9
35
48
25
46
23
20
17
10
49
38
4
19
18
7
41
11
50
30
13
47
44
29
6
16
23
49
33
34
41
16
28
15
20
30
11
12
45
8
42
32
6
44
29
40
1
25
18
10
37
13
17
47
43
31
2
21
22
35
46
39
27
9
3
38
36
14
4
48
24
7
50
5
19
26
4
18
47
32
13
42
8
14
11
45
38
5
12
16
28
25
1
20
21
27
39
36
10
35
2
17
37
19
31
29
46
23
41
48
3
43
40
33
6
22
44
49
34
15
26
30
24
9
50
7
39
31
43
25
33
11
46
26
13
8
48
14
10
3
35
27
34
4
2
15
50
21
16
37
30
44
29
45
9
20
40
41
47
38
28
7
18
24
12
23
17
5
36
32
42
22
19
6
49
1
14
50
39
11
4
23
34
38
1
5
46
35
31
19
45
24
48
29
13
41
2
30
12
43
6
42
28
21
17
8
47
44
40
9
32
10
20
25
7
15
18
16
33
26
49
3
27
37
36
22
27
2
38
37
25
41
19
9
12
26
36
40
44
45
49
47
5
46
15
10
21
3
31
23
8
24
14
43
6
13
16
42
39
33
29
4
22
30
50
48
7
32
20
1
17
34
18
11
35
28
28
37
16
27
36
43
26
1
17
12
22
45
41
14
13
20
8
11
19
5
9
31
48
32
18
50
46
23
47
24
15
6
7
2
39
44
25
42
49
34
40
4
35
29
30
33
10
21
38
3
44
15
45
23
16
32
2
22
21
35
40
25
28
11
29
6
3
48
10
37
34
9
8
50
39
5
33
36
13
27
30
47
31
7
4
14
17
1
26
43
38
41
49
24
19
12
20
42
46
18
46
38
1
4
45
6
17
40
22
37
13
43
8
23
44
35
16
26
42
34
31
47
19
15
5
12
20
14
48
25
32
7
50
29
24
49
30
39
27
18
33
21
11
3
9
2
36
41
28
10
40
42
22
16
1
8
23
21
47
17
20
31
29
6
39
13
32
34
3
50
7
49
15
14
35
38
24
44
33
2
18
9
12
28
43
36
11
27
41
5
19
26
46
10
45
4
48
30
37
25
35
40
27
44
47
31
39
43
7
50
41
15
19
33
46
12
25
3
1
28
42
29
24
2
21
49
34
16
4
32
8
10
45
6
38
18
37
36
17
9
14
48
13
20
23
26
5
22
30
11
5
36
23
33
50
18
41
46
45
19
3
2
35
34
22
8
12
17
43
25
49
38
42
31
48
1
7
4
37
14
29
15
30
24
10
9
21
6
28
26
11
27
39
44
16
32
47
40
20
13
45
13
44
8
6
40
25
2
5
41
43
23
11
17
24
7
35
9
47
20
38
12
27
16
4
48
30
46
1
49
10
29
14
39
18
31
19
50
33
37
22
3
15
36
34
42
26
28
21
32
19
46
34
38
10
7
48
36
27
39
23
8
37
35
30
14
18
5
40
13
12
32
50
28
9
45
44
29
24
42
3
22
6
4
1
11
47
31
43
2
26
15
41
25
21
16
33
49
17
20
32
22
7
45
48
35
5
34
37
18
49
30
25
29
14
43
4
21
28
26
44
40
20
38
47
31
10
24
12
17
11
3
8
36
13
15
23
16
42
50
46
33
19
39
6
9
41
2
1
27
29
21
20
47
23
27
12
3
49
11
28
36
46
4
25
5
43
37
35
18
15
42
14
19
24
7
39
26
44
22
41
30
10
31
9
50
6
45
38
13
48
17
1
16
33
40
32
34
8
2
21
19
46
5
17
4
43
7
30
9
27
41
24
47
34
26
40
25
50
33
20
22
13
18
3
39
42
31
2
16
48
38
44
23
12
6
14
10
45
11
29
8
32
28
35
49
1
36
15
37
12
32
24
28
42
36
6
5
50
48
19
20
23
44
38
4
39
49
8
43
17
35
26
34
11
2
31
18
46
10
25
40
13
3
22
45
33
7
47
29
30
37
14
9
15
1
16
27
41
21
13
14
37
19
8
33
9
10
36
34
6
44
27
2
12
1
20
32
46
30
29
17
35
24
16
4
23
28
3
11
49
18
38
43
40
25
48
26
31
42
21
45
47
41
7
5
22
50
39
15
9
39
36
50
3
24
32
30
8
10
21
38
1
49
20
28
22
19
7
35
6
13
33
11
27
18
16
40
29
26
17
2
34
42
15
5
45
48
14
41
25
31
44
43
46
23
37
12
47
4
2
23
35
17
29
14
24
39
10
49
45
19
20
43
33
9
11
41
48
21
37
8
47
6
15
3
13
32
40
34
7
12
36
27
50
26
44
5
25
1
28
22
18
31
38
46
42
16
4
30
10
43
12
40
9
17
38
18
4
15
44
3
21
25
6
16
30
33
45
8
47
7
23
22
13
36
26
35
27
37
50
11
28
46
2
32
31
41
20
24
1
19
42
49
14
29
34
39
5
48
20
29
32
2
35
21
11
6
24
23
4
27
30
5
16
33
37
12
38
7
14
1
41
39
49
19
22
15
45
48
26
13
43
18
36
34
42
47
9
25
10
44
17
40
50
28
31
8
3
46
8
27
13
15
18
10
37
41
3
6
31
34
17
1
9
50
38
7
25
49
16
26
22
33
14
11
5
42
21
30
12
45
24
20
44
40
2
29
46
4
39
43
48
47
28
36
35
23
32
19
31
7
6
35
20
12
50
48
9
25
16
49
18
40
26
19
17
15
11
39
36
34
2
1
42
47
32
22
38
3
14
8
37
41
30
21
10
4
13
46
5
28
24
27
44
43
29
33
45
23
