9
6
40
15
24
28
27
4
39
38
32
5
17
43
19
10
22
50
49
23
21
48
18
47
1
14
11
2
42
33
29
16
20
35
34
30
41
46
3
45
8
7
26
36
12
31
13
25
37
44
39
3
5
13
2
29
17
19
28
20
7
16
6
12
27
15
44
14
22
4
24
46
40
48
45
8
18
41
50
47
35
1
32
26
37
42
36
43
34
30
9
10
31
23
25
21
11
49
33
38
7
41
50
26
11
38
15
49
48
1
24
10
39
37
31
22
19
8
12
9
18
33
16
30
40
32
47
13
28
4
6
35
23
45
25
46
5
14
36
44
2
42
27
21
20
17
43
3
34
29
22
28
4
49
32
26
16
12
40
43
18
42
7
46
5
37
29
47
31
14
41
10
11
44
50
35
38
34
3
1
21
24
9
15
19
20
13
48
23
33
27
30
25
2
36
8
45
17
6
39
37
8
11
17
27
9
14
47
31
3
35
29
5
32
2
34
28
39
16
46
33
43
25
49
26
20
6
30
4
50
22
48
42
44
36
23
24
12
19
41
13
1
21
7
10
45
15
38
18
40
18
17
2
24
46
19
44
22
25
14
39
47
3
31
11
1
41
6
36
16
26
28
42
40
33
38
49
27
10
45
34
50
5
21
20
29
9
32
30
8
37
13
23
4
43
48
7
15
35
12
47
45
19
48
12
24
6
33
29
30
34
1
40
7
18
17
31
23
44
42
3
50
32
36
20
27
41
25
14
15
9
5
2
11
26
8
49
22
10
21
43
39
28
38
4
37
46
16
13
35
43
9
47
1
28
22
31
13
35
7
14
6
42
30
29
49
21
45
39
24
23
41
4
46
17
15
50
5
26
44
38
37
19
34
11
48
3
8
40
36
12
2
16
18
32
20
25
10
27
33
26
14
45
29
21
27
47
8
16
31
2
18
32
48
15
4
36
24
9
3
35
6
46
17
22
34
19
38
5
40
39
20
33
13
7
28
1
23
44
10
42
12
37
50
41
25
30
43
11
49
33
25
21
36
15
20
26
50
7
24
8
37
48
28
32
44
10
22
34
38
46
4
39
13
29
40
27
3
30
18
31
19
1
49
16
17
43
42
5
12
35
47
9
6
11
41
23
14
2
45
15
1
29
14
19
49
36
11
10
47
30
26
16
22
48
38
7
40
24
6
5
27
17
45
44
21
31
43
23
12
37
28
3
20
42
13
32
34
8
39
50
18
41
33
46
4
9
35
25
2
24
48
10
5
31
13
20
23
34
21
15
7
43
41
17
33
26
25
30
11
36
18
6
50
38
2
40
37
19
28
3
39
46
32
49
16
8
44
35
27
22
45
29
12
47
14
4
1
42
9
34
16
31
41
43
44
10
45
38
32
5
39
22
21
46
2
47
27
33
12
4
23
28
20
19
37
36
49
18
9
24
26
50
30
48
35
7
17
1
6
15
25
8
42
40
11
14
13
29
3
42
10
17
12
38
3
40
44
32
29
26
33
49
9
47
30
23
36
4
22
13
15
21
25
43
46
2
7
11
19
27
31
16
5
6
41
39
37
48
28
20
50
45
14
1
35
8
18
24
34
14
47
25
31
30
15
7
37
50
2
33
28
34
42
41
21
49
38
17
48
19
5
1
26
10
43
8
9
20
39
45
46
18
40
27
12
35
13
29
16
32
24
6
11
22
44
3
4
23
36
48
20
9
42
5
1
35
16
15
44
17
46
4
13
50
23
24
18
41
25
27
11
49
3
12
30
43
40
36
6
33
34
21
37
14
2
29
28
22
32
47
38
10
45
8
19
39
7
26
31
50
24
8
20
7
34
49
6
46
40
45
23
33
38
42
31
14
13
26
2
30
19
44
9
32
39
12
10
35
41
36
25
4
16
5
27
28
18
15
43
3
29
22
17
37
1
21
47
48
11
3
35
30
43
14
46
18
28
26
19
9
13
38
39
7
47
27
1
20
31
45
24
2
42
23
41
21
8
16
36
44
4
25
22
17
33
50
15
11
40
6
34
49
37
48
29
10
32
12
5
41
26
48
22
34
50
30
17
44
33
37
19
9
10
23
42
13
31
27
47
25
45
43
11
36
6
4
39
15
35
28
32
29
14
21
3
12
1
2
20
49
40
7
8
5
18
38
46
16
24
38
11
41
30
22
5
37
32
23
42
25
48
2
15
21
20
45
10
18
29
43
39
9
8
28
26
3
1
34
7
49
33
35
50
31
14
46
40
16
47
24
36
12
19
27
13
17
44
4
6
25
33
42
21
39
30
13
20
19
46
23
50
47
36
1
40
18
35
14
17
10
7
45
4
41
16
15
12
32
3
43
27
11
48
29
37
38
49
24
31
34
9
5
22
2
6
28
26
44
8
11
44
26
7
40
37
4
24
33
27
29
32
13
20
43
3
50
2
23
1
48
16
36
12
46
28
9
17
22
38
42
14
41
25
8
19
34
21
39
49
45
35
30
5
18
15
6
31
10
47
49
34
18
46
26
2
21
31
14
13
42
9
36
50
4
39
33
28
5
32
8
44
30
7
25
24
45
11
29
23
20
17
27
1
41
47
15
38
37
19
16
6
40
35
3
10
12
48
22
43
17
12
15
10
49
41
42
25
9
28
47
4
50
18
30
48
37
32
6
19
11
20
5
27
7
22
1
33
44
43
13
36
26
8
23
24
16
29
21
35
31
46
2
34
38
39
40
45
3
14
1
30
3
6
44
45
33
29
18
9
50
11
14
24
10
16
46
42
37
36
28
2
38
5
31
25
48
20
8
21
40
43
15
12
47
22
26
35
32
17
4
23
34
13
39
27
49
19
7
41
30
5
28
39
1
11
22
27
42
36
12
24
15
26
20
45
2
46
32
18
40
14
3
21
34
9
35
48
49
37
23
8
6
10
33
38
4
19
25
7
41
17
50
31
13
47
44
29
43
16
23
49
33
3
41
16
28
15
20
35
10
12
45
8
36
11
42
44
29
40
1
25
34
6
37
48
17
47
43
31
2
21
13
27
46
39
22
9
18
38
30
14
4
32
24
7
50
5
19
26
4
18
20
32
13
42
8
14
11
45
38
34
12
16
28
25
1
41
21
27
39
36
10
35
2
5
37
19
31
29
46
23
48
47
3
43
40
33
6
22
44
49
17
15
26
30
24
9
50
7
16
31
43
25
33
39
46
26
13
8
48
40
10
3
35
27
34
4
2
15
50
21
14
37
30
29
32
45
9
20
5
41
47
38
28
7
18
24
12
23
17
11
36
44
42
22
19
6
49
1
36
50
39
11
4
23
34
38
1
16
46
35
31
19
45
24
48
29
13
41
2
30
12
43
6
42
28
21
17
8
47
44
40
9
32
10
20
25
7
15
18
5
33
26
49
3
27
37
14
22
27
2
38
37
25
47
24
9
12
26
36
21
44
45
49
46
5
43
15
10
22
3
31
41
8
23
14
18
6
13
16
42
39
33
35
4
19
30
50
48
7
32
20
1
17
34
29
11
40
28
28
37
16
27
36
43
3
1
17
12
22
45
26
14
13
41
8
11
19
5
9
31
48
32
18
50
46
23
47
24
15
6
7
2
39
44
25
10
49
34
40
4
35
29
30
33
20
21
38
42
5
15
49
23
16
32
2
35
21
22
40
25
28
11
8
6
3
48
10
45
34
9
37
29
39
44
33
36
13
27
30
47
31
7
4
1
17
20
26
14
38
41
43
24
19
12
18
42
46
50
46
38
1
4
45
6
50
40
43
37
13
17
8
23
44
35
16
26
42
34
31
47
19
15
5
12
20
14
48
25
32
7
22
29
24
49
30
39
27
18
33
21
11
3
9
2
36
41
28
10
40
42
22
16
37
8
23
21
47
17
20
31
29
6
39
13
32
34
3
50
7
49
15
14
35
4
24
44
33
2
1
18
12
28
43
36
11
27
41
5
19
26
46
10
45
38
48
30
9
25
35
40
27
44
47
4
39
43
41
50
1
15
19
33
37
12
25
3
11
28
42
29
24
2
21
49
34
16
7
32
8
10
45
6
38
18
31
36
17
9
14
48
13
20
23
26
5
22
30
46
44
36
23
33
50
18
41
42
45
5
3
2
35
34
22
8
12
30
43
37
49
38
29
31
48
1
7
4
25
16
19
15
17
24
10
9
21
6
28
26
11
27
39
46
14
32
47
40
20
13
45
13
44
8
6
40
25
2
5
41
43
22
11
17
24
7
35
9
47
20
38
12
23
16
4
19
30
46
1
49
10
29
14
39
18
31
27
50
33
37
36
3
15
48
34
42
26
28
21
32
19
46
34
18
10
7
48
36
27
39
41
8
37
35
3
14
6
5
40
13
12
32
50
28
9
45
44
29
24
42
25
22
49
4
1
11
47
31
43
2
26
15
38
30
21
16
33
23
17
20
32
22
7
45
48
35
5
34
37
18
49
30
25
29
14
43
4
21
28
26
44
40
20
38
47
31
10
24
12
17
11
3
8
36
13
15
23
16
42
50
46
33
19
39
6
9
41
2
1
27
29
21
14
47
23
17
12
3
49
11
28
36
46
4
25
5
43
37
35
44
15
42
27
19
24
7
39
26
2
22
41
30
10
31
9
50
6
45
38
13
48
20
1
16
33
40
32
34
8
18
21
19
46
9
17
25
43
7
30
4
27
41
24
47
34
26
40
16
50
33
20
22
13
18
3
10
42
31
39
5
48
38
44
23
12
6
14
2
45
11
29
8
32
28
35
49
1
36
15
37
12
32
24
28
42
36
1
5
2
48
19
20
23
44
38
18
15
49
8
43
17
35
26
34
11
13
25
6
46
10
4
40
30
3
22
45
33
7
47
29
39
37
14
9
31
50
16
27
41
21
13
4
37
19
8
33
9
10
36
34
6
44
27
2
12
32
11
20
1
30
29
26
35
24
14
17
23
28
45
46
18
49
38
43
40
25
48
3
31
42
21
16
47
41
7
5
22
50
39
15
20
39
36
50
3
48
32
30
8
10
21
38
1
49
40
28
9
19
7
35
6
13
33
23
27
18
16
22
41
26
17
2
34
42
15
5
45
11
14
46
25
31
44
43
29
24
37
12
47
4
2
23
35
38
29
14
45
41
6
49
11
43
20
27
33
9
39
17
48
21
37
8
47
10
16
3
13
32
40
34
7
12
36
19
50
26
44
5
4
1
28
22
18
25
15
46
42
24
31
30
10
43
12
40
9
31
38
18
4
15
44
3
21
25
6
29
30
33
45
8
47
17
7
22
13
36
26
35
27
14
50
11
28
46
2
32
37
41
20
24
1
19
42
49
16
23
34
39
5
48
6
29
32
2
35
21
11
46
24
23
4
27
30
5
16
19
20
12
38
7
14
1
41
39
49
33
22
15
37
48
26
13
43
18
45
34
42
47
9
25
10
44
3
40
50
28
31
8
36
17
8
27
13
34
18
10
29
39
3
6
31
14
41
1
9
50
38
7
25
49
16
37
22
33
15
11
5
42
21
30
12
45
24
17
44
40
2
26
46
4
23
43
48
47
28
36
35
20
32
19
31
7
6
35
20
12
19
48
22
25
16
49
18
40
26
36
17
15
46
39
32
34
8
1
42
47
29
50
38
11
14
9
37
41
30
21
10
4
13
3
5
28
24
27
44
43
2
33
45
23
