15
6
40
5
49
28
27
21
39
38
36
22
17
43
19
10
18
50
46
23
3
48
2
29
1
14
11
37
42
33
35
16
20
47
34
30
41
7
24
45
8
9
26
32
12
31
13
25
4
44
30
3
5
13
2
29
1
19
28
20
7
16
50
12
27
15
44
14
22
4
24
46
17
6
45
8
18
39
41
47
49
40
32
26
37
42
36
43
34
35
9
10
31
48
25
21
11
23
33
38
7
41
50
26
27
48
15
49
2
22
24
10
39
37
31
11
19
8
12
9
18
33
25
30
40
32
47
13
28
4
6
1
23
45
35
46
5
14
36
44
16
42
38
21
20
17
43
3
34
29
22
28
4
48
32
26
16
12
40
43
18
19
6
46
5
37
29
47
31
14
41
10
11
44
50
35
38
34
27
1
21
24
42
15
49
20
13
3
23
33
2
30
25
7
36
8
45
17
9
39
37
8
9
17
11
4
14
47
31
3
35
23
5
32
2
34
28
39
16
46
33
43
7
49
29
20
6
30
26
50
22
48
41
44
25
27
24
12
19
36
13
1
21
42
10
45
15
38
18
40
18
17
2
24
46
19
44
35
25
14
1
47
3
31
42
22
41
6
36
16
26
28
34
40
33
13
49
27
10
45
38
50
5
21
7
29
9
32
30
8
37
20
23
4
43
48
39
15
11
12
47
45
19
9
24
12
6
33
48
16
34
29
40
7
3
17
31
23
44
42
30
50
32
36
20
27
41
25
14
15
1
5
2
11
26
8
49
22
10
21
43
39
28
38
4
37
46
18
13
35
43
9
26
1
28
24
31
13
35
7
14
6
42
30
36
38
21
16
39
47
23
41
4
46
17
15
50
5
45
44
29
37
19
34
11
48
3
8
49
40
12
2
22
18
32
20
25
10
27
33
26
14
7
29
21
27
47
20
16
4
2
18
11
48
15
31
36
24
9
45
32
6
46
17
22
34
19
38
5
40
39
35
33
13
8
28
1
23
44
10
42
12
37
50
41
25
30
43
3
49
39
25
21
36
12
38
26
50
33
24
8
37
48
28
32
44
10
22
34
5
7
4
42
13
15
40
27
3
30
18
31
19
1
49
16
17
43
20
29
46
35
47
9
6
11
41
23
14
2
45
4
1
29
14
19
49
36
11
43
15
30
26
16
22
48
46
7
40
24
6
10
27
37
45
44
21
31
41
23
12
20
28
3
17
42
13
32
34
8
39
50
18
5
33
2
38
9
35
25
47
24
48
10
49
31
13
20
23
34
21
15
7
43
41
17
33
26
45
30
11
5
18
6
37
38
2
40
50
19
28
25
39
46
32
29
16
8
44
35
27
22
36
3
12
47
14
4
1
42
9
34
16
31
41
43
44
10
45
38
32
5
39
22
21
46
20
47
27
33
12
4
23
28
9
19
37
36
49
18
3
24
26
50
30
48
35
7
17
1
6
15
25
8
2
40
11
14
13
29
42
14
10
17
12
38
3
40
44
32
29
26
33
49
9
47
30
42
36
4
22
13
15
21
25
43
46
2
7
11
19
27
31
16
5
6
41
39
37
18
28
20
50
45
23
1
35
8
48
24
34
50
47
25
31
30
15
29
37
14
2
33
28
34
42
41
21
49
38
17
24
19
5
1
26
10
43
8
9
20
39
45
46
18
40
27
12
35
13
48
16
32
7
6
11
22
44
3
4
23
36
48
20
6
42
5
39
35
16
9
44
17
46
4
13
50
23
24
18
15
25
27
11
49
3
12
30
43
40
36
41
33
34
21
37
14
1
29
28
22
32
47
38
10
45
8
19
2
7
26
31
9
24
8
20
7
22
49
42
46
40
39
1
33
38
30
41
14
13
26
2
36
19
44
48
32
45
12
10
35
11
34
25
4
16
5
23
31
18
15
43
3
29
27
17
37
50
21
47
6
28
3
35
30
43
14
46
18
28
26
47
9
13
38
39
7
2
27
1
20
31
45
24
40
42
23
41
21
8
16
36
44
4
25
22
17
33
50
15
11
19
6
34
49
37
48
29
10
32
12
5
41
26
48
22
34
50
30
17
44
33
37
42
9
15
23
1
13
31
27
19
25
45
43
10
36
6
4
47
39
35
28
32
29
14
21
3
12
11
2
20
49
40
7
8
5
18
38
46
16
24
38
11
41
30
22
34
45
32
23
42
25
48
2
20
21
4
15
10
18
29
43
39
9
8
28
26
3
1
7
5
36
33
35
50
31
14
37
40
16
47
24
13
12
19
27
49
17
44
46
6
25
33
42
21
39
30
13
8
5
46
10
50
7
36
1
47
23
35
14
17
48
37
45
4
41
16
32
12
15
9
43
27
11
19
20
2
38
49
40
31
34
24
29
22
3
6
28
26
44
18
20
44
11
7
40
37
4
24
41
1
29
32
13
26
43
3
50
2
23
27
46
16
36
12
47
28
9
17
22
38
42
14
48
25
33
19
34
21
39
49
45
35
30
5
18
15
6
31
10
8
49
34
18
46
26
2
21
31
29
13
42
9
36
50
4
39
33
20
5
32
8
44
30
7
25
24
45
11
3
23
19
17
28
1
41
47
15
38
37
12
27
6
40
35
14
10
48
16
22
43
17
12
15
10
9
41
7
25
19
28
32
4
47
18
29
48
37
30
6
44
11
20
5
27
49
22
1
33
50
43
13
36
26
8
23
24
16
42
21
3
31
46
2
34
38
39
40
45
35
14
1
30
3
6
44
45
33
29
18
9
50
11
14
24
10
16
46
42
37
36
28
2
38
5
31
25
48
20
8
21
40
43
15
12
47
22
26
35
32
17
4
23
34
13
39
27
49
19
7
41
6
5
28
39
33
1
22
27
42
31
12
24
15
8
20
45
2
43
32
18
40
14
3
21
26
9
35
48
34
37
23
49
17
10
30
38
4
19
25
7
41
11
50
46
13
47
44
29
36
16
23
49
33
34
41
16
28
15
20
30
47
12
45
27
11
32
22
44
29
40
1
25
8
18
37
48
17
6
43
10
2
21
13
35
46
39
42
9
3
38
36
14
4
31
24
7
50
5
19
26
5
18
20
32
13
42
8
14
17
45
11
34
12
47
28
25
1
41
21
38
39
36
10
35
2
4
37
19
31
29
46
23
27
48
3
43
40
33
6
22
44
49
16
15
26
30
24
9
50
7
33
31
43
25
1
5
46
26
13
8
48
40
10
3
35
27
34
4
2
15
50
21
39
11
30
44
29
45
9
20
37
41
47
38
28
7
18
24
12
23
17
16
36
14
42
22
19
6
49
32
16
50
39
11
4
23
34
38
1
36
46
35
31
19
45
24
48
29
13
41
2
30
12
43
6
42
28
21
17
8
47
44
40
9
32
10
20
25
7
15
18
5
33
26
49
3
27
37
14
22
27
2
38
37
25
47
24
9
12
26
23
21
44
45
49
19
5
28
41
10
35
3
31
15
8
29
14
43
6
13
16
42
39
33
36
4
22
30
50
48
7
32
20
1
17
34
18
11
40
46
28
37
16
27
36
43
42
1
10
12
22
45
41
14
13
49
8
11
19
3
9
31
48
32
18
50
46
23
47
24
15
6
7
2
39
44
25
26
5
34
40
4
35
29
30
33
20
21
38
17
44
15
45
23
16
32
2
22
21
35
40
25
28
11
8
6
3
48
10
1
34
9
18
20
39
5
33
36
13
27
30
47
49
7
4
37
17
46
26
14
38
41
43
24
19
12
29
42
31
50
46
38
1
4
45
6
17
40
15
37
13
43
8
23
44
35
16
26
42
34
31
47
19
50
5
12
20
14
48
25
32
7
22
29
24
49
30
39
27
18
33
21
11
3
9
2
36
41
28
10
40
42
22
16
37
8
23
4
47
17
20
31
29
6
39
13
32
34
3
50
21
49
15
14
35
38
24
44
33
2
9
18
12
28
43
36
11
27
41
5
19
26
46
10
45
1
7
30
48
25
35
40
27
44
47
31
39
43
7
50
41
15
19
33
37
12
25
3
11
28
42
29
24
2
21
49
34
16
4
32
8
10
45
6
38
18
46
36
17
9
14
48
13
20
23
26
5
22
30
1
42
36
23
33
50
18
41
46
45
19
3
2
35
34
22
8
12
17
43
37
49
38
16
31
48
1
7
4
25
14
5
15
30
24
10
9
21
6
28
26
11
27
39
44
29
32
47
40
20
13
45
13
44
8
6
40
25
2
22
41
43
5
32
17
24
7
35
9
47
48
38
12
23
16
4
19
30
46
1
49
10
29
14
20
18
31
27
50
33
37
39
3
15
36
34
42
26
28
21
11
19
46
34
3
10
7
48
36
27
39
38
8
37
35
25
14
45
5
40
13
12
32
50
28
9
23
44
29
24
42
18
22
6
4
1
11
47
31
43
2
26
15
41
30
21
16
33
49
17
20
32
22
47
45
48
35
5
34
37
18
49
30
25
29
14
43
4
21
28
26
44
40
20
38
7
31
10
24
12
17
11
3
8
36
13
15
23
16
42
50
46
33
19
39
6
9
41
2
1
27
29
21
14
47
23
25
12
3
49
11
28
36
46
4
18
5
43
37
35
20
15
42
27
19
24
7
39
26
44
22
41
30
10
31
9
50
6
45
38
13
48
17
1
16
33
40
32
34
8
2
21
19
46
18
17
9
43
7
30
5
27
41
24
2
34
26
40
25
50
33
20
22
13
47
3
39
42
31
49
16
48
38
44
23
12
6
14
10
45
11
29
8
32
28
35
4
1
36
15
37
12
32
24
28
42
36
50
5
6
48
19
20
23
44
38
40
39
49
1
43
17
35
26
34
11
10
25
18
46
7
4
8
31
3
22
45
33
2
47
29
30
37
14
9
15
13
16
27
41
21
13
4
37
19
8
33
9
10
36
34
6
44
27
16
12
18
11
32
49
30
29
26
35
24
14
17
23
28
2
46
3
20
38
43
40
25
48
1
31
42
21
45
47
41
7
5
22
50
39
15
11
39
36
50
3
20
32
30
8
10
21
38
1
49
40
28
9
19
7
35
6
13
33
23
27
18
16
22
29
26
17
2
34
42
15
5
45
48
14
41
25
31
44
43
46
24
37
12
47
4
2
23
35
38
29
14
19
39
11
49
45
17
20
10
33
9
6
15
48
21
37
8
47
41
16
3
13
32
40
34
7
12
36
27
50
26
44
5
4
1
28
22
18
25
31
46
42
24
43
30
10
43
12
40
15
17
38
18
4
27
44
3
21
25
6
29
30
33
45
8
47
7
14
22
13
36
26
35
37
31
50
11
9
46
2
32
28
41
20
24
1
19
42
49
16
23
34
39
5
48
36
29
49
2
35
21
11
6
24
23
4
27
30
5
16
42
20
12
38
7
14
1
41
39
46
33
22
15
32
48
26
13
43
18
45
34
19
47
9
25
10
44
17
40
50
28
31
8
37
3
8
27
13
15
18
10
37
41
3
6
31
14
26
1
9
50
38
7
25
49
16
17
22
33
34
11
5
42
21
30
12
45
24
39
44
40
2
29
46
4
23
43
48
47
28
36
35
20
32
19
31
7
32
35
20
11
3
48
50
25
16
49
18
40
26
36
17
46
8
39
22
34
29
1
42
47
15
2
38
6
14
9
37
41
19
21
10
4
13
30
5
28
24
27
44
43
12
33
45
23
