7
6
40
5
37
28
27
35
39
38
32
21
47
43
19
10
9
50
49
23
3
48
24
15
1
14
11
18
42
33
36
16
20
30
34
29
41
2
4
45
8
17
26
46
12
31
13
25
22
44
30
3
5
13
2
41
17
19
28
20
7
16
50
12
27
15
44
14
22
1
24
46
23
29
45
8
18
6
39
47
4
35
32
26
37
42
36
43
34
40
9
10
31
48
25
21
11
49
33
38
11
41
50
26
27
48
15
49
2
35
24
10
39
37
31
38
19
8
12
9
18
33
25
30
40
32
47
13
28
4
6
1
23
45
7
46
5
14
36
44
16
42
22
21
20
17
43
3
34
29
22
28
4
48
32
26
16
12
40
43
18
19
6
46
5
37
29
47
31
14
41
10
11
44
50
35
38
34
7
1
21
24
27
15
49
20
13
3
23
33
2
30
25
42
36
8
45
17
9
39
37
8
9
38
26
11
14
47
31
3
35
17
5
32
2
34
28
39
16
46
33
43
6
49
29
20
25
30
4
50
22
48
42
44
36
27
24
12
19
41
13
1
21
7
10
45
15
23
18
40
18
17
2
24
11
19
44
22
25
14
39
47
3
31
20
42
41
6
36
16
26
28
34
40
33
38
49
27
10
45
35
50
5
21
29
1
9
32
30
8
37
13
23
4
46
48
7
15
43
12
47
45
19
18
24
12
3
33
9
16
34
1
40
7
25
17
31
23
44
42
30
50
32
36
20
27
6
41
14
15
29
5
2
11
26
8
49
22
10
21
43
39
28
38
4
37
46
48
13
35
43
9
47
1
28
29
31
13
35
7
14
6
26
30
42
40
21
16
39
24
23
41
4
46
17
15
50
5
45
44
49
37
19
34
11
48
3
8
22
36
12
2
38
18
32
20
25
10
27
33
20
14
26
29
21
27
47
7
16
31
2
18
35
48
15
11
36
24
9
4
32
6
46
17
22
34
19
38
5
40
39
8
33
13
45
28
1
23
44
10
42
12
37
50
41
25
30
43
3
49
26
25
21
36
33
38
42
50
7
24
8
37
48
28
32
44
10
22
34
20
46
4
39
13
15
40
27
3
30
18
31
19
1
49
16
17
43
29
5
12
35
47
9
6
11
41
23
14
2
45
15
1
29
14
19
49
36
11
43
4
30
26
16
22
48
46
7
40
24
6
10
27
17
45
44
21
41
37
23
12
20
28
3
47
42
13
32
34
8
39
50
18
5
33
31
38
9
35
25
2
24
48
10
49
31
13
20
23
34
21
15
7
43
41
17
22
26
2
30
11
36
18
37
6
38
33
40
50
19
28
3
39
46
32
25
16
8
44
35
27
5
45
29
12
47
14
4
1
42
9
34
16
31
41
43
44
10
45
38
32
5
39
22
21
40
20
47
27
33
12
4
23
28
50
46
37
36
49
18
9
24
26
30
19
48
35
7
17
1
6
15
25
8
2
3
11
14
13
29
42
42
10
17
12
38
3
40
44
32
29
26
33
49
9
47
30
23
36
4
22
13
15
21
25
43
46
2
7
11
19
27
31
16
5
6
41
39
37
48
28
20
50
45
14
1
35
8
18
24
34
50
47
25
31
30
15
7
37
14
2
33
28
34
42
41
21
49
38
17
48
19
5
1
26
10
43
8
9
20
39
45
46
18
40
27
12
35
13
29
16
32
24
6
11
22
44
3
4
23
36
48
20
6
42
5
1
35
16
33
44
17
46
4
13
50
23
24
18
15
25
27
11
49
3
12
30
43
22
36
41
9
34
21
37
14
2
29
28
40
32
47
38
10
45
8
19
39
7
26
31
39
24
8
20
7
31
49
6
46
40
41
23
33
38
36
1
14
13
26
2
42
19
44
9
32
45
12
10
35
48
34
25
4
16
5
30
22
18
15
43
3
29
27
17
37
50
21
47
11
28
3
35
30
43
14
46
18
28
26
19
9
13
38
39
7
47
27
1
20
31
45
24
40
42
23
41
21
8
16
36
44
4
25
22
17
33
50
15
11
2
6
34
49
37
48
10
29
32
12
5
41
26
48
22
34
50
30
17
44
33
37
42
9
10
23
19
13
31
27
47
25
45
43
11
36
6
4
39
15
35
28
32
29
14
21
3
12
1
2
20
49
40
7
8
5
18
38
46
16
24
38
11
41
30
22
4
45
32
23
42
25
48
2
15
21
49
20
10
18
29
43
39
9
8
28
26
3
1
34
37
5
33
13
50
31
14
46
40
16
47
24
35
12
19
27
7
17
44
36
6
25
33
42
21
39
30
13
20
15
46
10
50
7
36
1
2
37
35
14
17
5
47
45
4
41
16
29
12
32
3
43
27
11
48
19
23
38
49
24
31
34
9
40
22
18
6
28
26
44
8
33
44
45
7
40
37
4
24
11
47
29
32
13
20
43
3
50
46
23
18
35
16
36
12
26
28
9
17
22
38
42
14
41
25
8
19
34
21
39
49
27
48
30
5
2
15
6
31
10
1
49
34
18
46
12
2
21
31
29
13
42
9
36
50
4
39
33
28
5
32
8
44
30
7
25
24
45
11
27
23
19
17
22
1
41
47
15
38
37
14
10
6
3
35
40
26
20
16
48
43
17
12
15
10
49
9
37
25
6
28
47
4
32
18
3
48
39
30
41
44
11
20
5
27
7
22
1
33
50
43
13
36
26
8
23
24
16
42
21
19
31
46
2
34
38
29
40
45
35
14
1
30
3
6
44
45
33
29
18
15
50
11
14
24
10
16
46
42
37
36
28
2
38
5
31
25
48
20
8
21
40
43
9
12
47
22
26
35
32
17
4
23
34
13
39
27
49
19
7
41
6
5
28
39
46
34
22
27
42
1
12
24
15
26
8
45
2
43
32
37
40
14
3
21
49
9
35
48
25
11
23
20
17
10
33
38
4
19
18
7
41
36
50
30
13
47
44
29
31
16
23
49
33
34
41
16
28
15
20
27
36
12
45
8
30
18
11
44
29
40
1
25
7
48
37
10
17
47
43
31
2
21
6
35
46
39
42
9
3
38
22
14
4
32
24
13
50
5
19
26
4
18
20
32
13
42
8
14
17
45
11
34
12
47
28
25
1
41
21
38
39
36
10
35
2
5
37
19
31
29
46
23
48
27
3
43
40
33
6
22
44
49
16
15
26
30
24
9
50
7
16
31
43
25
1
39
46
26
13
8
48
40
10
3
35
27
34
4
2
15
50
21
14
37
30
29
32
45
9
20
33
41
47
38
28
7
18
24
12
23
17
5
36
44
42
22
19
6
49
11
5
50
39
11
4
23
34
38
1
36
46
35
31
19
45
24
48
29
13
41
2
30
12
43
6
42
28
21
17
8
47
44
40
9
32
10
20
25
7
15
18
16
33
26
49
3
27
37
14
22
27
2
38
37
25
22
24
9
12
26
23
29
44
45
49
36
5
15
46
10
21
3
31
41
8
19
14
43
6
13
16
42
39
33
35
4
28
30
50
48
7
32
20
1
17
34
18
11
40
47
28
37
16
27
36
43
26
1
5
12
22
45
42
14
13
41
8
11
19
3
9
31
48
32
18
50
46
23
47
24
15
6
7
2
39
44
25
20
49
34
40
4
35
29
30
33
10
21
38
17
14
15
49
23
16
32
1
8
21
22
40
25
28
11
29
6
3
48
10
45
34
9
18
20
39
44
33
36
13
27
30
47
31
7
4
37
17
5
26
35
38
41
43
24
19
12
2
42
46
50
46
38
1
4
45
6
50
40
22
37
13
43
8
23
44
35
16
26
42
34
31
17
19
47
5
12
20
14
48
25
32
7
15
29
24
49
30
39
27
18
33
21
11
3
9
2
36
41
28
10
40
42
22
16
9
8
23
21
47
17
20
31
29
6
39
4
32
34
3
50
7
49
15
14
35
13
24
44
33
2
38
18
12
28
43
36
11
27
41
5
19
26
46
10
45
1
48
30
37
25
35
40
27
44
47
24
39
43
41
50
1
15
19
33
37
12
25
3
11
28
48
29
42
2
21
49
34
16
26
32
8
10
45
6
38
18
31
36
17
9
14
7
13
20
23
4
5
22
30
46
44
36
23
33
50
18
41
42
45
30
3
2
46
34
22
8
12
17
43
19
49
38
16
31
48
1
7
4
29
5
37
15
35
24
10
9
21
6
28
26
11
27
39
25
14
32
47
40
20
13
45
13
44
8
6
40
25
2
48
41
43
22
11
17
24
7
35
9
47
5
38
12
27
16
4
23
30
46
1
49
10
29
14
20
18
31
19
50
33
37
39
3
15
36
34
42
26
28
21
32
19
46
34
3
10
7
48
36
27
39
45
8
37
35
18
14
6
5
40
13
12
32
50
28
9
2
44
29
24
42
25
22
49
4
1
11
47
31
43
30
26
15
41
23
21
16
33
38
17
20
32
22
7
45
48
35
5
34
37
18
49
30
25
29
14
43
4
21
28
26
44
40
20
38
47
31
10
24
12
17
11
3
8
36
13
15
23
16
42
50
46
33
19
39
6
9
41
2
1
27
29
21
14
47
23
25
12
3
49
11
28
36
17
4
46
5
43
37
35
27
15
42
2
19
24
7
39
26
44
22
41
30
10
31
9
50
6
45
38
13
48
20
1
16
33
40
32
34
8
18
21
19
46
9
17
47
43
4
30
5
27
41
24
16
34
26
40
25
50
33
20
22
13
18
3
39
42
31
2
7
48
38
44
23
12
6
14
10
45
11
29
8
32
28
35
49
1
36
15
37
12
32
24
28
42
36
2
5
10
48
19
20
23
44
38
13
18
49
8
43
17
35
26
34
11
4
31
25
46
6
1
40
50
3
22
45
33
7
47
29
30
37
14
9
15
39
16
27
41
21
13
4
37
19
8
33
9
10
36
34
6
44
27
2
12
32
45
20
1
30
29
26
35
24
14
17
23
28
3
16
18
49
38
43
40
25
48
46
31
42
21
11
47
41
7
5
22
50
39
15
9
39
36
50
3
20
32
30
8
10
21
38
1
49
11
28
22
19
7
35
6
13
33
23
27
18
16
40
41
26
17
2
34
42
15
5
45
48
14
46
25
31
44
43
29
24
37
12
47
4
2
23
35
17
29
14
6
41
19
49
38
5
20
27
33
9
15
45
48
21
37
8
47
10
16
3
13
32
40
34
7
12
36
39
50
26
44
11
25
1
28
22
18
31
43
46
42
24
4
30
10
43
12
40
15
17
38
18
4
9
44
3
21
25
6
31
30
33
45
8
47
7
29
22
13
36
26
35
37
14
50
11
28
46
2
32
27
41
20
24
1
19
42
49
16
23
34
39
5
48
36
29
32
2
35
21
11
46
24
23
4
27
30
5
16
33
42
12
38
7
14
1
41
39
19
48
22
15
49
10
26
13
43
18
20
34
37
47
9
25
45
44
17
40
50
28
31
8
6
3
8
27
13
15
18
10
29
39
3
6
31
14
41
1
9
50
38
7
25
49
16
37
22
33
34
11
5
42
21
30
12
45
24
17
44
40
2
26
46
4
23
43
48
47
28
36
35
20
32
19
31
7
11
35
20
5
19
48
50
25
16
49
18
40
26
29
17
32
6
39
22
34
8
1
42
47
15
2
38
46
14
9
37
41
30
21
10
4
13
3
36
28
24
27
44
43
12
33
45
23
