30
6
40
17
49
28
27
35
39
38
45
21
7
3
19
10
37
50
46
23
5
48
24
15
1
14
11
47
42
33
36
16
20
22
34
2
41
29
18
43
8
9
26
32
12
31
13
25
4
44
39
3
5
13
2
29
6
19
28
20
7
16
41
12
27
15
44
14
22
4
24
46
17
48
45
8
18
40
50
47
35
49
32
26
37
42
36
43
34
30
9
10
31
23
25
21
11
1
33
38
7
41
50
26
11
27
15
49
2
1
24
10
39
37
31
22
19
8
12
9
18
33
23
30
40
32
47
13
28
4
6
35
48
45
25
46
5
14
36
44
16
42
38
21
20
17
43
3
34
29
22
28
4
49
32
26
16
12
40
43
18
19
6
46
5
37
29
47
31
14
41
10
11
44
50
35
38
34
2
1
21
24
9
15
7
20
13
42
23
33
27
30
25
48
36
8
45
17
3
39
37
4
11
48
26
17
14
47
31
3
35
29
5
32
2
34
28
39
16
46
33
43
8
49
7
20
6
30
25
50
22
9
23
44
36
27
24
12
19
41
13
1
21
42
10
45
15
38
18
40
18
17
2
24
46
19
44
21
25
14
39
47
3
31
11
42
41
6
36
16
26
13
34
40
33
29
49
27
10
45
38
50
5
28
20
1
9
32
30
8
37
35
23
4
43
48
7
15
22
12
47
45
19
9
24
12
3
6
33
16
34
18
40
7
29
17
31
23
44
42
30
50
32
36
20
27
41
25
14
15
1
5
2
11
26
8
49
22
10
21
43
39
28
38
4
37
46
48
13
35
43
9
45
1
28
24
31
13
35
7
14
6
42
30
49
47
21
16
39
38
23
41
4
46
17
15
50
5
26
44
29
37
19
34
11
48
3
8
22
36
12
2
40
18
32
20
25
10
27
33
26
8
7
29
21
20
47
32
16
35
2
14
11
48
15
4
36
24
9
27
3
6
46
17
22
34
19
38
5
40
39
18
33
13
45
28
1
23
44
10
42
12
37
50
41
25
30
43
31
49
33
25
21
36
15
38
7
50
29
24
8
37
48
28
32
44
10
22
34
20
42
4
39
13
26
40
27
3
30
18
31
19
1
49
16
17
43
46
5
12
35
47
9
6
11
41
23
14
2
45
15
1
29
14
19
49
36
11
43
4
30
26
16
22
48
2
7
40
24
6
10
27
37
45
44
21
31
41
23
12
20
28
3
17
42
13
32
34
8
39
50
18
5
33
46
38
9
35
25
47
24
48
10
5
31
13
20
23
34
21
15
7
43
41
17
1
26
2
30
11
22
18
25
6
38
33
40
37
19
28
3
39
46
32
50
16
8
44
35
27
36
45
29
12
47
14
4
49
42
9
34
16
31
41
43
44
10
45
38
32
5
39
22
21
3
46
47
27
33
12
4
23
28
20
19
37
36
49
18
9
24
26
42
30
48
35
7
17
1
6
15
25
8
2
40
11
14
13
29
50
42
10
17
12
38
3
40
44
32
29
26
33
49
9
47
30
18
36
4
22
13
15
21
25
43
46
2
7
11
19
27
31
16
5
6
41
39
37
48
28
20
50
45
14
1
35
8
23
24
34
50
47
25
31
30
15
26
37
14
2
33
28
34
42
41
21
49
38
17
24
19
5
1
7
10
43
8
9
20
46
45
32
18
40
27
12
35
13
29
16
39
48
6
11
22
44
3
4
23
36
48
20
9
42
5
22
35
16
6
44
17
46
4
13
50
23
24
18
1
25
27
11
49
3
12
30
43
2
36
41
33
34
21
37
14
15
29
28
40
32
47
38
10
45
8
19
39
7
26
31
6
24
8
20
7
31
49
22
46
40
36
1
33
38
42
28
14
13
26
2
48
19
44
41
34
23
12
10
35
39
9
25
4
16
5
30
27
18
15
45
3
29
43
17
37
50
21
47
11
32
3
35
30
43
14
46
18
28
26
22
9
13
38
39
7
33
27
1
20
31
45
24
40
42
23
41
21
8
16
36
44
4
25
47
17
29
50
15
11
19
6
34
49
37
48
10
2
32
12
5
41
26
48
22
34
50
30
17
44
33
37
42
9
15
23
19
13
31
27
47
25
45
43
10
36
6
4
39
32
35
28
1
29
14
21
3
12
11
2
20
49
40
7
8
5
18
38
46
16
24
38
11
41
30
22
34
45
20
23
42
25
48
2
36
21
32
15
10
18
29
43
39
9
8
28
26
3
1
49
7
5
33
35
50
31
14
37
40
16
47
24
13
12
19
27
4
17
44
46
6
25
33
42
21
39
30
13
8
15
46
32
50
47
20
1
40
9
35
14
17
36
7
45
4
41
16
29
12
37
48
43
27
11
19
10
23
38
49
24
31
34
5
3
22
2
6
28
26
44
18
11
44
26
7
40
37
4
24
48
27
29
32
13
8
43
3
50
45
23
1
35
16
36
12
47
28
9
17
22
38
42
14
41
25
33
19
34
21
39
49
2
20
30
5
18
15
6
31
10
46
49
34
18
46
12
2
21
31
22
13
42
9
36
50
4
39
33
20
5
32
8
44
30
26
25
24
45
11
7
23
19
17
28
1
41
47
15
38
37
14
10
6
27
35
3
29
48
16
40
43
17
12
15
10
9
41
37
25
49
28
47
4
50
18
30
48
42
32
6
19
11
20
5
27
29
22
1
33
44
43
13
36
26
8
23
24
16
7
21
3
31
46
2
34
38
39
40
45
35
14
1
30
3
6
44
45
33
29
18
9
50
11
14
24
10
16
46
42
37
36
28
2
38
5
31
25
48
20
8
21
40
43
15
12
47
22
26
35
32
17
4
23
34
13
39
27
49
19
7
41
20
5
28
39
33
1
22
27
42
30
12
24
15
26
36
45
2
43
32
18
40
14
3
21
49
9
35
48
34
6
23
46
17
10
8
38
4
19
25
7
41
11
50
31
13
47
44
29
37
16
23
49
33
34
41
16
28
15
20
36
10
12
45
27
8
11
22
44
29
40
1
25
6
47
37
48
17
18
43
31
2
21
30
35
46
39
42
9
3
38
32
14
4
7
24
13
50
5
19
26
4
18
20
32
13
42
8
14
41
45
1
17
12
47
28
25
11
34
21
5
39
36
10
35
2
38
37
19
31
29
46
23
27
48
3
43
40
33
6
22
44
49
16
15
26
30
24
9
50
7
14
31
43
25
1
39
46
26
13
8
48
40
10
16
35
27
34
4
2
15
50
21
29
11
30
5
32
45
9
20
37
41
47
38
28
7
18
24
12
23
17
33
36
44
42
22
19
6
49
3
16
50
39
11
4
23
34
38
1
5
46
35
31
19
45
24
48
29
13
41
2
30
12
43
6
42
28
21
17
8
47
44
40
9
32
10
20
25
7
15
18
36
33
26
49
3
27
37
14
22
27
2
38
37
25
47
24
9
12
26
23
22
44
45
40
49
5
41
15
10
21
3
31
18
8
19
14
43
6
13
16
42
39
33
35
4
46
30
50
48
7
32
20
1
17
34
29
11
36
28
28
37
16
27
36
43
42
1
5
12
22
45
26
14
13
41
8
11
19
3
9
31
48
32
18
50
46
23
47
24
15
6
7
2
39
44
25
20
49
34
40
4
35
29
30
33
10
21
38
17
5
15
49
23
16
32
2
46
21
31
40
25
28
11
18
6
3
48
10
45
34
9
14
29
39
44
33
36
13
27
30
47
50
7
4
37
17
1
26
35
38
41
22
24
19
12
20
42
43
8
46
38
1
4
45
6
50
40
17
15
13
43
8
23
44
35
16
26
42
34
31
47
19
37
5
12
20
14
48
25
32
7
22
29
24
49
30
39
27
18
33
21
11
3
9
2
36
41
28
10
40
42
22
16
37
8
23
4
47
17
20
31
29
6
39
38
32
28
3
50
7
49
15
14
35
13
24
44
33
2
34
48
12
21
43
36
11
27
41
5
19
26
46
10
45
1
18
30
9
25
35
40
27
44
47
48
39
43
7
50
11
15
19
33
37
12
25
3
41
28
46
29
42
2
21
49
34
16
4
32
8
10
45
6
38
18
31
36
17
9
14
24
13
20
23
26
5
22
30
1
44
36
23
33
50
18
41
42
45
19
3
2
35
34
22
8
12
17
43
37
49
38
16
31
48
1
7
4
29
5
25
15
10
24
30
9
21
6
28
26
11
27
39
46
14
32
47
40
20
13
45
13
44
8
6
40
25
2
19
41
43
23
32
17
24
7
35
9
47
48
38
12
27
16
4
39
30
46
1
49
10
29
14
20
18
31
22
50
33
37
5
3
15
36
34
42
26
28
21
11
19
46
34
3
10
7
48
36
27
39
38
8
37
35
25
14
23
5
40
13
12
32
50
28
9
45
44
29
24
42
49
22
6
4
1
11
47
31
43
2
26
15
41
30
21
16
33
18
17
20
32
22
47
45
48
35
5
34
37
18
49
30
25
29
14
43
4
21
28
26
44
40
20
38
15
31
10
24
12
17
11
3
8
36
13
33
23
16
42
50
46
7
19
39
6
9
41
2
1
27
29
21
14
47
23
25
12
3
10
11
28
36
46
4
20
5
43
37
35
44
15
42
18
19
24
7
39
26
27
22
41
30
49
31
9
50
6
45
38
13
48
17
1
16
33
40
32
34
8
2
21
19
46
18
17
4
43
7
30
47
27
41
24
10
34
26
40
25
50
33
20
22
13
9
3
2
42
31
39
16
48
38
44
23
12
6
14
5
45
11
29
8
32
28
35
49
1
36
15
37
12
32
24
28
42
36
1
5
50
48
19
20
23
44
38
31
39
49
8
43
17
35
26
34
11
4
25
6
46
10
18
40
13
3
22
45
33
2
47
29
30
37
14
9
15
7
16
27
41
21
13
14
37
19
8
33
9
10
36
34
6
44
27
2
12
18
1
46
49
30
29
26
35
24
32
17
23
28
45
11
4
20
38
43
40
25
48
3
31
42
21
16
47
41
7
5
22
50
39
15
9
39
36
50
3
11
32
30
8
10
21
38
1
49
46
13
20
19
7
35
6
28
33
23
27
18
16
22
41
26
17
2
34
42
15
5
45
48
14
40
25
31
44
43
29
24
37
12
47
4
2
23
35
38
29
14
17
39
11
49
41
5
20
43
33
9
45
15
48
21
37
8
47
50
16
3
13
32
40
34
7
12
36
27
19
26
44
10
4
1
28
22
18
25
31
46
42
24
6
30
10
43
12
40
27
9
38
18
4
37
44
3
21
25
6
29
30
33
45
8
47
17
7
22
13
36
26
35
15
14
50
11
31
46
2
32
28
41
20
24
1
19
42
49
16
23
34
39
5
48
36
29
32
2
35
21
11
33
24
23
4
27
30
5
16
20
6
12
38
7
14
1
41
39
46
10
22
15
3
37
26
13
43
18
49
34
19
47
9
25
45
44
17
40
50
28
31
8
48
42
8
27
13
15
18
10
29
41
3
6
31
34
17
1
9
50
38
7
25
49
16
37
22
33
14
11
5
42
21
30
12
45
24
39
44
40
2
26
46
4
23
43
48
47
28
36
35
20
32
19
31
7
6
35
20
5
19
48
9
25
16
49
18
40
26
36
17
30
11
39
32
34
2
1
42
47
15
50
38
3
14
8
37
41
29
21
10
4
13
46
22
28
24
27
44
43
12
33
45
23
