30
6
40
5
49
28
27
4
39
38
32
22
7
43
19
10
45
50
15
23
36
48
17
18
1
14
11
37
42
33
47
16
20
21
34
29
41
3
24
2
8
9
26
46
12
31
13
25
35
44
50
3
5
13
2
17
1
19
28
20
7
16
35
12
27
15
44
14
22
4
24
46
29
6
45
8
18
41
39
47
49
40
32
26
37
42
36
43
34
30
9
10
31
23
25
21
11
48
33
38
7
41
50
26
27
38
15
49
11
16
24
10
39
37
31
1
19
8
12
9
18
33
23
30
40
32
47
13
28
4
6
35
48
45
25
46
5
14
36
44
2
42
22
21
20
17
43
3
34
29
22
28
4
3
32
26
16
12
40
43
18
42
6
46
5
19
29
47
31
14
41
10
11
44
50
35
38
34
2
1
21
24
9
15
49
20
13
48
23
33
27
30
25
7
36
8
45
17
37
39
37
4
9
17
11
29
14
47
31
3
35
23
5
32
2
34
28
39
16
46
33
43
25
49
26
20
6
30
7
50
22
8
42
44
36
27
24
12
19
41
13
1
21
48
10
45
15
38
18
40
18
17
2
24
46
19
44
41
25
21
11
47
3
31
42
38
20
6
36
16
26
28
34
40
33
29
49
27
10
45
1
50
5
35
7
14
9
32
30
8
37
13
23
4
43
48
39
15
22
12
47
45
19
48
24
12
3
33
6
9
34
29
40
7
8
17
31
23
44
42
30
50
32
36
20
27
41
25
14
15
18
5
2
11
26
1
49
22
10
21
43
39
28
38
4
37
46
16
13
35
43
9
47
1
28
24
31
13
35
7
14
6
42
30
26
16
21
45
39
36
23
41
4
46
17
15
50
5
49
44
38
37
19
34
11
48
3
8
22
40
12
2
29
18
32
20
25
10
27
33
26
8
45
29
21
4
47
7
16
27
2
14
31
48
15
18
36
24
9
3
32
6
46
17
22
34
19
38
5
40
39
20
33
13
35
28
1
23
44
10
42
12
37
50
41
25
30
43
11
49
20
25
21
36
15
39
26
50
33
24
8
37
48
28
32
44
10
22
34
38
42
4
7
13
29
40
27
3
30
18
31
19
1
49
16
17
43
46
5
12
35
47
9
6
11
41
23
14
2
45
15
1
29
14
19
49
36
11
17
37
30
26
16
22
48
41
7
40
24
6
5
27
2
45
44
21
31
43
23
12
20
28
3
10
42
13
32
34
8
39
50
18
38
33
46
4
9
35
25
47
24
48
10
49
31
13
20
23
34
5
15
7
43
41
17
22
26
25
30
11
21
18
6
29
38
37
40
2
19
28
3
39
46
32
45
16
8
44
35
27
36
33
50
12
47
14
4
1
42
9
34
16
31
41
43
44
10
45
38
32
5
39
22
21
20
37
47
27
33
12
4
23
28
9
46
2
36
49
18
3
24
26
50
19
48
35
7
17
1
6
15
25
8
30
40
11
14
13
29
42
14
10
17
12
38
3
40
44
32
29
26
33
49
9
47
30
23
36
4
22
13
15
21
25
43
46
2
7
11
19
27
31
16
5
6
41
39
37
48
28
20
50
45
42
1
35
8
18
24
34
39
47
25
31
30
15
50
37
14
2
33
28
34
42
41
21
49
38
17
24
19
5
1
26
10
43
8
9
20
46
45
48
18
40
27
12
35
13
29
16
32
7
6
11
22
44
3
4
23
36
48
20
6
42
5
25
35
16
9
44
17
46
4
13
50
23
24
18
41
1
27
11
49
3
12
30
43
22
36
39
33
34
21
37
14
15
29
28
40
32
47
38
10
45
8
19
2
7
26
31
6
24
8
20
7
27
49
42
46
40
23
41
33
38
36
31
14
13
26
2
22
19
44
50
32
39
12
10
35
9
34
25
4
16
5
30
28
18
15
45
3
29
43
17
37
1
21
47
48
11
3
35
30
43
14
46
18
28
26
47
9
13
38
39
7
33
27
1
20
31
45
24
40
42
23
41
21
8
16
36
44
4
25
22
17
2
50
15
11
19
6
34
49
37
48
29
10
32
12
5
41
26
48
22
34
50
30
17
44
33
37
1
9
47
23
11
13
31
27
19
25
45
43
10
36
6
4
39
15
35
28
32
29
14
21
3
12
42
2
20
49
40
7
8
5
18
38
46
16
24
38
11
41
30
22
45
7
32
23
42
25
48
2
36
21
20
15
10
18
29
43
39
9
8
28
26
3
1
34
14
35
33
49
50
31
37
46
40
16
47
24
5
12
19
27
13
17
44
4
6
25
33
42
21
39
30
13
8
48
46
47
50
32
15
1
36
9
35
14
17
10
7
45
4
41
16
29
12
37
5
43
27
11
20
19
23
38
49
3
31
34
24
40
22
2
6
28
26
44
18
11
44
20
7
40
37
4
24
2
1
29
32
13
26
43
3
50
41
23
48
46
16
36
12
47
28
9
17
22
38
42
14
27
25
33
19
34
21
39
49
45
35
30
5
18
15
6
31
10
8
49
34
18
46
12
2
21
31
29
13
42
9
36
50
4
39
33
28
5
32
8
44
30
7
25
24
45
11
26
23
19
17
22
1
41
47
15
38
37
14
16
6
27
35
3
10
48
20
40
43
17
12
15
10
9
47
42
25
19
28
41
4
50
18
49
48
37
30
6
44
11
20
5
27
7
22
1
33
32
43
13
36
26
8
23
24
16
29
21
35
31
46
2
34
38
39
40
45
3
14
1
30
3
6
44
34
33
29
18
36
50
11
14
24
10
40
46
42
37
45
28
2
38
5
31
25
48
20
8
21
9
43
15
12
47
22
26
35
32
17
4
23
16
13
39
27
49
19
7
41
33
5
28
39
26
1
22
27
42
30
12
24
15
10
18
45
2
43
32
37
40
14
3
21
34
9
35
48
50
11
23
49
6
36
8
38
4
19
25
7
41
20
17
31
13
47
44
29
46
16
23
49
33
34
41
16
28
15
20
35
36
12
45
8
3
47
11
44
29
40
1
25
42
48
37
13
17
6
43
10
2
21
31
30
46
39
27
9
18
38
22
14
4
32
24
7
50
5
19
26
4
18
11
32
13
42
8
14
5
45
38
17
12
20
28
25
1
16
21
47
39
36
10
35
2
48
37
19
31
29
46
23
41
27
3
43
40
33
6
22
44
49
34
15
26
30
24
9
50
7
16
31
43
25
33
5
46
26
13
8
48
40
10
3
35
27
34
4
2
15
50
21
39
37
30
44
32
45
9
20
29
41
47
38
28
7
18
24
12
23
17
11
36
14
42
22
19
6
49
1
5
50
39
11
4
23
34
38
1
31
46
35
47
19
45
24
48
29
13
41
2
30
12
43
6
42
28
21
17
8
36
44
40
9
32
10
20
25
7
15
18
16
33
26
49
3
27
37
14
22
27
2
38
37
25
22
24
9
12
26
43
21
44
45
40
46
5
15
49
10
35
3
31
41
8
23
14
47
6
13
16
42
39
33
29
4
19
30
50
48
7
32
20
1
17
34
18
11
36
28
28
37
16
27
36
43
17
1
10
12
22
45
26
14
13
42
8
11
19
5
9
31
48
32
18
50
46
23
47
24
15
6
7
2
39
44
25
41
49
34
40
4
35
29
30
33
20
21
38
3
44
15
49
23
16
32
2
22
21
14
40
25
28
11
46
6
3
48
10
18
34
9
37
20
39
45
33
36
13
27
30
47
35
7
4
8
17
1
26
43
38
41
5
24
19
12
29
42
31
50
46
38
1
4
45
6
37
40
50
22
13
43
8
23
44
35
16
26
42
34
31
47
19
15
5
12
20
14
48
25
32
7
17
29
24
49
30
39
27
18
33
21
11
3
9
2
36
41
28
10
40
42
22
16
1
8
23
21
47
17
20
31
29
6
39
13
32
34
3
50
48
49
15
14
35
4
24
44
33
2
37
18
12
28
43
36
11
27
41
5
19
26
46
10
45
38
7
30
9
25
35
40
27
44
47
31
39
43
41
50
1
15
19
33
37
12
25
3
11
28
7
29
24
2
21
49
34
16
4
32
8
10
45
6
38
18
42
36
17
9
14
48
13
20
23
26
5
22
30
46
42
36
23
33
50
18
41
35
45
19
3
2
17
34
22
8
12
46
43
25
49
38
14
31
48
1
7
4
29
37
5
15
30
24
10
9
21
6
28
26
11
27
39
44
16
32
47
40
20
13
45
13
44
8
6
40
25
2
43
41
39
5
11
17
24
7
35
9
47
20
38
12
27
16
4
19
30
46
1
49
10
29
14
48
18
31
22
50
33
37
23
3
15
36
34
42
26
28
21
32
19
46
34
18
10
7
48
36
27
39
45
8
37
35
30
14
6
5
40
13
12
32
50
28
9
38
44
29
24
42
25
22
23
4
1
11
47
31
43
3
26
15
41
2
21
16
33
49
17
20
32
22
7
45
48
35
5
34
37
18
49
30
25
29
14
43
4
21
28
26
44
40
20
38
15
31
10
24
12
17
11
3
8
47
13
33
23
16
42
50
46
36
19
39
6
9
41
2
1
27
29
21
14
47
23
20
12
3
49
11
28
36
46
4
25
5
43
37
35
27
15
42
18
19
24
7
39
26
44
22
41
30
10
31
9
50
6
45
38
13
48
17
1
16
33
40
32
34
8
2
21
19
46
9
17
41
43
39
30
4
27
18
24
16
34
26
40
2
50
33
20
22
13
47
3
5
42
31
25
7
48
38
44
23
12
6
14
10
45
11
29
8
32
28
35
49
1
36
15
37
12
32
24
28
42
36
6
5
7
48
19
20
23
44
38
4
39
49
8
43
17
35
26
34
11
10
25
18
46
31
40
1
13
3
22
45
33
2
47
29
30
37
14
9
15
50
16
27
41
21
13
14
37
19
8
33
9
10
36
34
6
44
27
2
12
32
18
20
1
30
29
26
35
24
49
17
23
28
3
16
4
46
38
43
40
25
48
11
31
42
21
45
47
41
7
5
22
50
39
15
9
39
36
50
3
48
32
30
8
10
21
38
1
49
11
28
22
19
7
35
6
13
33
23
27
18
16
40
41
26
17
2
34
42
15
5
45
20
14
46
25
31
44
43
29
24
37
12
47
4
2
23
35
38
29
14
45
6
15
49
10
19
20
27
33
9
41
17
48
21
37
8
47
11
16
3
13
32
40
34
7
12
36
39
50
26
44
5
4
1
28
22
18
25
31
46
42
24
43
30
10
43
12
40
37
9
38
18
4
15
44
3
21
25
6
29
30
33
45
8
47
17
16
22
13
36
26
35
27
41
50
11
28
46
2
32
31
7
20
24
1
19
42
49
14
23
34
39
5
48
36
29
32
2
35
21
11
46
24
23
4
27
30
5
16
49
42
12
38
7
14
1
41
39
19
33
22
15
45
48
26
13
43
18
20
34
37
47
9
25
10
44
3
40
50
28
31
8
6
17
8
27
13
15
18
10
29
20
3
6
31
34
41
1
9
50
38
7
25
49
16
37
22
33
14
11
5
42
21
30
12
45
24
17
44
40
2
26
46
4
39
43
48
47
28
36
35
23
32
19
31
7
26
35
20
11
19
48
22
25
16
49
18
40
29
2
17
32
46
39
3
34
8
1
42
47
15
50
38
6
14
9
37
41
30
21
10
4
13
36
5
28
24
27
44
43
12
33
45
23
