15
6
40
5
24
28
27
21
39
38
47
17
7
43
19
10
45
50
49
23
32
48
29
18
1
14
11
37
42
33
35
16
20
4
34
30
41
2
22
36
8
9
26
46
12
31
13
25
3
44
30
3
5
13
2
41
29
19
28
20
7
16
6
12
27
15
44
14
22
4
24
46
17
48
45
8
18
39
50
47
1
35
32
26
37
42
36
43
34
40
9
10
31
23
25
21
11
49
33
38
11
41
50
26
1
22
15
49
2
35
24
10
39
37
31
38
19
8
12
9
18
33
25
30
40
32
47
13
28
4
6
48
23
45
7
46
5
14
36
44
16
42
27
21
20
17
43
3
34
29
22
28
4
48
32
26
16
12
40
43
18
19
42
46
5
37
29
47
31
14
41
10
11
44
50
35
38
34
2
1
21
24
9
15
49
20
13
3
23
33
27
30
25
7
36
8
45
17
6
39
37
4
11
17
26
27
14
47
31
3
35
23
5
32
2
34
28
39
16
46
33
43
7
49
29
20
6
30
25
50
22
9
48
44
36
8
24
12
19
41
13
1
21
42
10
45
15
38
18
40
18
17
2
24
46
19
44
20
25
21
1
47
3
31
42
41
39
6
36
16
26
13
34
40
33
29
49
27
10
45
38
50
5
28
35
14
9
32
30
8
37
11
23
4
43
48
7
15
22
12
47
45
19
18
12
48
24
33
41
9
34
29
40
7
8
17
31
23
44
42
30
50
32
36
20
27
25
6
14
15
3
5
2
11
26
1
49
22
10
21
43
39
28
38
4
37
46
16
13
35
43
9
47
1
28
38
31
13
35
7
14
6
26
30
29
42
21
16
39
36
23
41
4
46
17
15
50
5
49
44
40
37
19
34
11
48
3
8
24
45
12
2
22
18
32
20
25
10
27
33
7
8
26
29
21
31
47
35
16
27
2
14
32
48
15
11
36
24
9
18
3
6
46
17
22
34
19
38
5
40
39
20
33
13
45
28
1
23
44
10
42
12
37
50
41
25
30
43
4
49
26
25
21
36
33
20
45
50
29
24
8
37
48
28
32
44
10
22
34
38
46
4
39
13
15
40
27
3
30
18
31
19
1
49
16
17
43
7
5
12
35
47
9
6
11
41
23
14
2
42
5
1
29
14
19
49
36
11
15
37
30
26
16
22
48
31
7
40
24
6
10
27
2
45
44
21
41
43
23
12
20
28
3
17
42
13
32
34
8
39
50
18
38
33
46
4
9
35
25
47
24
48
10
3
31
13
20
23
34
22
15
7
43
41
17
33
26
2
30
11
21
18
37
6
38
5
40
25
19
28
49
39
46
32
50
16
8
44
35
27
45
36
29
12
47
14
4
1
42
9
34
16
31
41
43
44
10
45
38
32
5
39
22
21
40
2
47
27
33
12
4
23
28
9
19
37
36
49
18
46
24
26
42
20
48
35
7
17
1
6
15
25
8
30
3
11
14
13
29
50
14
10
17
12
38
3
40
44
32
29
26
33
49
9
47
30
42
36
4
22
13
15
21
25
43
46
2
7
11
19
27
31
16
5
6
41
39
37
18
28
20
50
45
48
1
35
8
23
24
34
39
47
25
31
30
15
50
37
14
2
33
28
34
42
41
21
49
38
17
24
19
5
1
26
10
43
8
9
20
7
45
46
18
40
27
12
35
13
29
16
32
48
6
11
22
44
3
4
23
36
48
20
6
42
5
1
35
16
9
44
17
46
4
13
50
23
24
18
15
25
27
11
49
3
12
30
43
22
36
41
33
34
21
37
14
2
29
28
40
32
47
38
10
45
8
19
39
7
26
31
6
24
8
20
7
9
49
42
46
40
39
1
33
38
11
32
14
13
26
2
22
19
44
41
34
23
12
10
35
48
36
25
4
16
5
27
28
18
15
30
3
29
43
17
37
50
21
47
31
45
3
35
30
43
14
46
18
28
26
47
9
13
38
39
7
19
27
1
20
31
45
24
40
42
23
41
21
8
16
36
44
4
25
22
17
33
50
15
11
2
6
34
49
37
48
10
29
32
12
5
41
26
48
22
34
50
30
17
44
33
37
42
9
10
23
1
13
31
27
19
25
45
43
15
36
6
4
47
39
35
28
32
29
14
21
3
12
11
2
20
49
40
7
8
5
18
38
46
16
24
38
11
41
30
22
45
7
32
23
42
25
48
2
20
21
49
15
10
18
29
43
39
9
8
28
4
3
1
34
14
5
33
35
50
31
37
46
40
16
47
24
13
12
19
27
26
17
44
36
6
25
33
42
21
39
30
13
8
10
46
32
50
47
36
1
40
9
35
14
17
5
7
45
4
41
16
15
12
29
37
43
27
11
19
20
23
38
49
48
31
34
24
3
22
2
6
28
26
44
18
20
44
45
7
40
37
4
24
33
1
29
32
13
47
43
3
50
46
23
27
48
16
36
12
26
28
9
17
22
38
42
14
41
25
8
19
34
21
39
49
2
35
30
5
18
15
6
31
10
11
49
34
18
46
27
2
21
31
7
13
42
9
36
50
4
39
33
20
5
32
8
44
30
10
25
26
45
11
3
23
19
17
28
1
41
47
15
38
37
14
22
6
16
35
29
24
12
48
40
43
17
12
15
10
49
29
3
25
19
28
44
4
50
18
30
48
37
41
6
47
11
20
5
27
7
22
1
33
32
43
13
36
26
8
23
24
16
42
21
35
31
46
2
34
38
39
40
45
9
14
1
30
3
6
44
34
33
29
18
16
50
11
14
24
10
36
46
42
37
45
28
2
38
5
31
25
48
20
8
21
9
43
15
12
47
22
26
35
32
17
4
23
40
13
39
27
49
19
7
41
50
5
28
39
37
11
22
27
42
36
12
24
15
8
46
45
2
30
32
1
40
14
3
21
49
9
35
48
26
6
23
18
17
10
33
38
4
19
25
7
41
20
34
31
13
47
44
29
43
16
23
49
33
34
41
16
28
15
20
30
11
12
45
27
36
47
6
44
29
40
1
25
8
7
37
48
17
18
43
31
2
21
22
35
46
39
42
9
3
38
10
14
4
32
24
13
50
5
19
26
4
18
20
32
13
42
8
14
11
45
38
41
12
16
28
25
1
34
21
48
39
36
10
35
2
17
37
19
31
29
46
23
27
47
3
43
40
33
6
22
44
49
5
15
26
30
24
9
50
7
33
31
43
25
11
39
46
26
13
8
48
40
10
3
35
27
34
4
2
15
50
21
16
29
30
44
32
45
9
20
37
41
47
38
28
7
18
24
12
23
17
5
36
14
42
22
19
6
49
1
36
50
39
11
4
23
34
38
1
5
46
35
31
19
45
24
48
29
13
41
2
30
12
43
6
42
28
21
17
8
47
44
40
9
32
10
20
25
7
15
18
16
33
26
49
3
27
37
14
22
27
2
38
37
25
47
19
9
12
26
36
21
44
45
49
29
5
43
41
10
35
3
31
23
8
24
14
40
6
13
16
42
39
33
15
4
22
30
50
48
7
32
20
1
17
34
18
11
46
28
28
37
16
27
36
43
42
1
5
12
22
45
41
14
13
20
8
11
19
3
9
31
48
32
18
50
46
23
47
24
15
6
7
2
39
44
25
26
49
34
40
4
35
29
30
33
10
21
38
17
44
15
14
23
16
32
1
22
21
31
40
25
28
11
37
6
3
48
10
5
34
9
18
20
39
45
33
36
13
27
30
47
49
7
4
29
17
46
26
43
38
41
50
24
19
12
2
42
35
8
46
38
1
4
45
6
17
40
43
15
13
22
8
23
44
35
16
26
42
34
31
47
19
37
5
12
20
14
48
25
32
7
50
29
24
49
30
39
27
18
33
21
11
3
9
2
36
41
28
10
40
42
22
16
9
8
23
4
47
17
20
31
29
6
39
18
32
28
3
50
7
49
15
14
35
13
24
44
33
2
34
1
12
21
43
36
11
27
41
5
19
26
46
10
45
38
48
30
37
25
35
40
27
44
47
4
39
43
48
50
41
15
19
33
26
12
25
3
11
28
42
29
24
2
21
49
34
16
37
32
8
10
45
6
38
18
31
36
17
9
14
7
13
20
23
1
5
22
30
46
16
36
23
33
50
18
41
46
45
19
3
2
35
34
22
8
12
17
43
37
49
38
42
31
48
1
7
4
44
5
29
15
30
24
10
9
21
6
28
26
11
27
39
25
14
32
47
40
20
13
45
13
44
8
6
40
25
2
22
41
43
5
11
17
24
7
35
9
47
20
38
12
23
16
4
19
30
46
1
49
10
29
14
48
18
31
27
50
33
37
39
3
15
36
34
42
26
28
21
32
19
46
34
49
10
7
48
36
27
39
45
8
37
35
25
14
23
5
40
13
12
32
50
28
9
38
44
29
24
42
4
22
6
30
1
11
47
31
43
3
26
15
41
2
21
16
33
18
17
20
32
22
7
45
48
35
5
34
37
18
49
30
25
29
14
43
4
21
28
26
44
40
20
38
47
31
10
24
12
17
11
3
8
36
13
15
23
16
42
50
46
33
19
39
6
9
41
2
1
27
29
21
32
47
23
25
12
3
49
11
28
36
46
4
18
5
43
37
35
44
15
42
14
19
24
7
39
26
27
22
41
30
10
31
9
50
6
45
38
13
48
17
1
16
33
40
20
34
8
2
21
19
46
9
17
5
43
7
30
4
27
18
24
2
34
26
40
25
50
33
20
22
13
47
3
39
42
31
41
16
48
38
44
23
12
6
14
10
45
11
29
8
32
28
35
49
1
36
15
37
12
32
24
28
42
36
2
5
6
48
19
20
23
44
38
4
18
49
8
43
17
35
26
34
11
10
31
50
46
39
25
40
13
3
22
45
33
1
47
29
30
37
14
9
15
7
16
27
41
21
13
14
37
19
8
33
9
10
36
34
6
44
27
26
12
16
11
32
1
30
29
17
35
24
46
2
23
28
4
3
18
49
38
43
40
25
48
20
31
42
21
45
47
41
7
5
22
50
39
15
9
39
36
50
3
24
32
30
8
10
21
38
1
49
20
13
22
19
7
35
6
28
33
11
27
18
16
41
15
26
17
2
34
42
29
5
45
48
14
46
25
31
44
43
40
23
37
12
47
4
2
23
35
38
29
14
6
39
17
49
10
43
20
15
33
9
41
45
48
21
37
8
47
50
16
3
13
32
40
34
7
12
36
27
25
26
19
5
4
1
28
22
18
44
31
46
42
24
11
30
10
43
12
40
15
17
38
18
4
14
23
3
21
25
6
28
30
33
45
8
47
37
27
22
13
36
26
35
7
9
50
11
31
46
2
32
44
41
20
24
1
19
42
49
16
29
34
39
5
48
42
29
49
2
35
21
11
6
24
23
4
27
30
5
16
46
20
12
38
7
14
1
41
39
32
33
22
15
45
10
26
13
43
18
19
34
37
47
9
25
36
44
17
40
50
28
31
8
48
3
8
27
13
15
18
10
37
41
3
6
31
34
17
1
9
50
38
7
25
49
16
26
22
33
14
11
5
42
21
30
12
45
24
39
44
40
2
29
46
4
23
43
48
47
28
36
35
20
32
19
31
7
9
35
20
12
26
48
50
25
16
49
18
40
3
22
17
15
46
39
36
34
6
1
42
47
29
2
38
11
14
8
37
41
30
21
10
4
13
19
5
28
24
27
44
43
32
33
45
23
