30
6
40
49
24
28
27
21
39
38
43
29
7
2
19
10
45
50
15
23
22
48
17
18
1
14
11
47
42
33
35
16
20
36
34
37
41
5
4
32
8
9
26
46
12
31
13
25
3
44
6
3
5
13
2
48
17
19
28
20
7
16
50
12
27
15
44
14
41
4
24
46
39
29
45
8
18
22
49
47
40
35
32
26
37
42
36
43
34
30
9
10
31
23
25
21
11
1
33
38
11
41
50
26
27
1
15
49
2
23
24
10
39
37
31
22
19
8
12
9
18
33
25
30
40
32
47
13
28
4
6
48
35
45
7
46
5
14
36
44
16
42
38
21
20
17
43
3
34
29
22
28
4
9
32
26
16
12
40
43
18
19
6
46
5
37
29
47
31
14
41
10
11
44
50
35
38
34
27
1
21
24
42
15
49
20
13
3
23
33
2
30
25
7
36
8
45
17
48
39
37
4
9
38
11
17
14
47
31
3
35
42
5
32
2
34
28
39
16
46
33
43
7
49
29
20
6
30
26
50
22
8
23
44
25
27
24
12
19
41
13
1
21
36
10
45
15
48
18
40
18
17
2
24
46
19
44
22
25
35
39
47
3
31
42
11
41
6
36
16
26
28
34
40
33
38
49
27
10
45
29
50
5
21
20
1
9
32
30
8
37
13
23
4
43
48
7
15
14
12
47
45
19
48
12
24
1
33
29
16
34
41
40
7
3
17
31
23
44
42
30
50
32
36
20
27
25
6
14
15
9
5
2
11
26
8
49
22
10
21
43
39
28
38
4
37
46
18
13
35
43
9
26
1
28
47
31
13
35
7
14
6
42
30
49
36
21
45
39
24
23
41
4
46
17
15
50
5
29
44
38
37
19
34
11
48
3
8
22
40
12
2
16
18
32
20
25
10
27
33
26
8
11
29
21
27
47
35
16
4
2
14
32
48
15
18
36
24
9
3
7
6
46
17
22
34
19
38
5
40
39
20
33
13
45
28
1
23
44
10
42
12
37
50
41
25
30
43
31
49
39
25
21
36
15
38
26
50
33
24
8
37
48
28
32
44
10
22
34
20
46
4
42
13
7
40
27
3
30
18
31
19
1
49
16
17
43
29
5
12
35
47
9
6
11
41
23
14
2
45
15
1
29
14
19
49
36
11
41
5
30
26
16
22
48
38
7
40
24
6
10
27
2
45
44
21
31
37
23
12
20
28
3
17
42
13
32
34
8
39
50
18
43
33
46
4
9
35
25
47
24
48
10
3
31
13
20
23
34
21
15
7
43
41
17
1
26
2
30
11
5
18
37
6
38
29
40
25
19
28
36
39
46
32
33
16
8
44
35
27
22
45
50
12
47
14
4
49
42
9
34
16
31
41
43
44
10
45
38
32
5
39
22
21
40
20
47
27
33
12
4
23
28
9
46
19
36
49
18
37
24
26
50
30
48
35
7
17
1
6
15
25
8
2
3
11
14
13
29
42
42
10
17
12
38
3
40
44
32
29
26
33
49
9
47
30
18
36
4
22
13
15
21
25
43
46
2
7
11
19
27
31
16
5
6
41
39
37
48
28
20
50
45
14
1
35
8
23
24
34
7
47
25
31
30
15
50
37
14
2
33
28
34
42
41
21
49
38
17
48
19
5
1
26
10
43
8
9
20
39
45
46
18
40
27
12
35
13
29
16
32
24
6
11
22
44
3
4
23
36
48
20
32
42
5
25
35
16
6
44
17
46
4
13
50
23
24
18
22
1
27
11
49
3
12
30
43
41
36
9
33
34
21
37
14
15
29
28
40
2
47
38
10
45
8
19
39
7
26
31
50
24
8
20
7
31
49
6
46
40
32
23
33
38
11
42
14
13
26
2
36
19
44
48
34
45
12
10
35
41
1
25
4
16
5
30
27
18
15
43
3
29
22
17
37
39
21
47
9
28
3
35
30
43
14
46
18
28
26
47
9
13
38
39
7
33
27
1
20
31
45
24
40
42
23
41
21
8
16
36
44
4
25
22
17
2
50
15
11
19
6
34
49
37
48
10
29
32
12
5
41
26
48
22
34
50
30
17
44
33
37
1
9
15
23
47
13
31
27
19
25
45
43
10
36
6
4
12
39
35
28
32
29
14
21
3
42
11
2
20
49
40
7
8
5
18
38
46
16
24
38
11
41
30
22
5
45
32
23
42
25
48
2
36
21
46
20
10
18
29
43
39
9
8
28
26
3
1
34
7
49
33
15
50
31
14
37
40
16
47
24
35
12
19
27
13
17
44
4
6
25
33
42
21
39
30
13
20
10
46
38
50
47
8
1
40
9
35
14
17
3
7
45
4
41
16
32
2
37
5
43
27
11
19
36
23
12
49
24
31
34
48
29
22
15
6
28
26
44
18
20
44
45
7
40
37
4
24
11
1
29
32
13
26
43
3
50
46
23
18
48
16
36
12
47
28
9
17
22
38
42
14
41
25
35
19
34
21
39
49
27
33
30
5
2
15
6
31
10
8
49
34
18
46
26
2
21
31
7
13
42
9
36
50
4
39
33
28
5
32
8
44
30
20
25
24
45
11
3
23
19
17
48
1
41
47
15
38
37
14
10
6
27
35
40
29
12
16
22
43
17
12
15
10
49
39
19
25
9
28
44
4
41
18
29
48
37
30
6
47
11
20
5
27
32
22
1
33
7
43
13
36
26
8
23
24
16
42
21
3
31
46
2
34
38
50
40
45
35
14
1
30
3
6
44
45
33
29
18
15
50
11
14
24
10
16
46
42
37
36
28
2
38
5
31
25
48
20
8
21
34
43
9
12
47
22
26
35
32
17
4
23
40
13
39
27
49
19
7
41
33
5
28
39
1
34
22
27
42
36
12
24
15
43
30
45
2
20
32
37
40
14
3
21
26
9
35
48
50
31
23
49
6
10
8
38
4
19
18
7
41
11
17
25
13
47
44
29
46
16
23
49
33
34
41
16
28
15
20
30
10
12
45
27
8
32
42
44
29
40
1
25
6
47
37
48
17
18
43
11
2
21
13
35
46
39
22
9
3
38
36
14
4
31
24
7
50
5
19
26
4
18
47
32
13
42
8
14
5
45
11
17
12
20
28
25
1
16
21
38
39
36
10
35
2
37
41
19
31
29
46
23
27
48
3
43
40
33
6
22
44
49
34
15
26
30
24
9
50
7
44
31
43
25
33
29
46
26
13
8
48
40
10
3
35
27
34
4
2
15
50
21
14
11
30
39
37
45
9
20
5
41
47
38
28
7
18
24
12
23
17
16
36
32
42
22
19
6
49
1
16
50
39
11
4
23
34
38
1
14
46
35
31
19
45
24
48
29
13
41
2
30
12
43
6
42
28
21
17
8
47
44
40
9
32
10
20
25
7
15
18
5
33
26
49
3
27
37
36
22
27
2
38
37
25
22
24
9
12
26
47
21
44
45
36
29
5
41
49
10
35
3
31
15
8
23
14
43
6
13
16
42
39
33
19
4
28
30
50
48
7
32
20
1
17
34
18
11
40
46
28
37
16
27
36
43
42
1
17
12
22
45
26
14
13
41
8
11
19
5
9
31
48
32
18
50
46
23
47
24
15
6
7
2
39
44
25
20
49
34
40
4
35
29
30
33
10
21
38
3
14
15
49
23
16
32
2
8
21
31
40
25
28
11
46
6
3
48
10
45
34
9
18
37
39
44
33
36
13
27
30
47
22
7
4
29
17
1
26
35
38
41
5
24
19
12
20
42
43
50
46
38
1
4
45
6
37
40
15
22
13
43
8
23
44
35
16
26
42
34
31
47
19
50
5
12
20
14
48
25
32
7
17
29
24
49
30
39
27
18
33
21
11
3
9
2
36
41
28
10
40
42
22
16
9
8
23
7
47
17
20
31
29
6
39
4
32
34
3
50
21
49
15
14
35
13
24
44
33
2
18
1
12
28
43
36
11
27
41
5
19
26
46
10
45
38
48
30
37
25
35
40
27
44
47
41
39
43
48
50
1
15
19
33
37
12
25
3
46
28
42
29
24
2
21
49
34
16
4
32
8
10
45
6
38
18
31
36
17
9
14
7
13
20
23
26
5
22
30
11
5
36
23
33
50
18
41
46
45
19
3
2
35
34
22
8
12
17
43
44
49
38
16
31
48
1
7
4
25
10
37
15
30
24
29
9
21
6
28
26
11
27
39
42
14
32
47
40
20
13
45
13
44
8
6
40
25
2
43
41
36
22
11
17
24
7
35
9
47
27
38
12
23
16
4
5
30
46
1
49
10
29
14
20
18
31
19
50
33
37
39
3
15
48
34
42
26
28
21
32
19
46
34
18
10
7
48
36
27
39
23
8
37
35
25
14
6
5
40
13
12
32
50
28
9
2
44
29
24
42
3
22
49
4
1
11
47
31
43
45
26
15
41
30
21
16
33
38
17
20
32
22
7
45
48
35
5
34
37
18
49
30
25
29
14
43
4
21
28
26
44
40
20
38
16
31
15
24
12
17
11
3
8
47
13
33
23
10
42
50
46
36
19
39
6
9
41
2
1
27
29
21
14
47
23
20
12
3
49
11
28
36
46
4
18
5
43
37
35
25
15
42
27
19
24
7
39
26
44
22
41
30
10
31
9
50
6
45
38
13
48
17
1
16
33
40
32
34
8
2
21
19
46
5
17
4
43
39
30
9
27
18
24
47
34
26
40
25
50
33
20
22
13
7
3
10
42
31
2
16
48
38
44
23
12
6
14
41
45
11
29
8
32
28
35
49
1
36
15
37
12
32
24
28
42
36
7
5
50
48
19
20
23
44
38
13
15
49
8
43
17
35
26
34
11
4
10
39
46
6
25
40
31
3
22
45
33
2
47
29
30
37
14
9
18
1
16
27
41
21
13
14
37
19
8
33
9
10
36
34
6
44
27
16
12
2
11
32
1
30
29
26
35
24
49
17
23
28
45
3
4
18
38
43
40
25
48
46
31
42
21
20
47
41
7
5
22
50
39
15
9
39
36
50
3
11
32
30
8
10
21
38
1
49
20
28
22
19
7
35
6
13
33
23
27
18
16
40
41
26
17
2
34
42
15
5
45
48
14
46
25
31
44
43
29
24
37
12
47
4
2
23
35
17
29
14
6
4
19
49
45
5
20
10
33
9
39
43
48
21
37
8
47
41
15
3
13
32
40
34
7
12
36
27
50
26
38
16
25
1
28
22
18
44
31
46
42
24
11
30
10
43
12
40
37
9
38
18
4
27
41
3
21
25
6
31
30
33
45
8
47
17
29
22
13
36
26
35
15
14
50
11
28
46
2
32
44
7
20
24
1
19
42
49
16
23
34
39
5
48
36
29
20
2
35
21
11
42
24
37
4
27
30
5
16
49
23
12
38
7
14
1
41
39
19
33
22
15
32
48
26
13
43
18
10
34
46
47
9
25
45
44
3
40
50
28
31
8
6
17
8
27
13
15
18
10
29
41
3
6
31
34
17
1
9
50
38
7
25
49
16
37
22
33
14
11
5
42
21
30
12
45
24
39
44
40
2
26
46
4
23
43
48
47
28
36
35
20
32
19
31
7
6
35
20
12
3
48
22
25
16
49
18
40
26
19
17
15
11
39
32
34
8
1
42
47
29
50
38
46
14
9
37
41
30
21
10
4
13
36
5
28
24
27
44
43
2
33
45
23
