36
6
40
3
15
28
27
46
39
38
32
17
7
43
19
10
45
50
24
23
21
48
37
18
1
14
11
2
42
33
47
16
20
22
34
29
41
5
49
35
8
9
26
30
12
31
13
25
4
44
30
3
5
13
2
1
17
19
28
20
7
16
50
12
27
15
44
14
22
4
24
46
39
48
45
8
18
6
29
47
40
35
32
26
37
42
36
43
34
41
9
10
31
23
25
21
11
49
33
38
7
41
50
26
27
38
15
49
11
35
24
10
39
37
31
1
19
8
12
9
18
33
16
30
40
32
47
13
28
4
6
48
23
45
25
46
5
14
36
44
2
42
22
21
20
17
43
3
34
29
22
28
4
9
32
26
16
12
40
43
18
19
42
46
5
37
29
47
31
14
41
10
11
44
50
35
38
34
7
1
21
24
6
15
49
20
13
3
23
33
27
30
25
2
36
8
45
17
48
39
37
39
26
48
10
11
14
47
31
3
35
23
5
32
2
34
28
41
16
46
33
43
42
49
29
20
25
30
4
50
22
9
17
44
6
27
24
12
19
36
13
1
21
7
38
45
15
8
18
40
18
17
2
24
46
19
44
42
25
14
43
47
3
31
20
41
22
6
36
16
26
28
34
40
33
39
49
27
10
45
38
50
5
21
35
1
9
32
30
8
37
13
23
4
29
48
7
15
11
12
47
45
19
18
24
12
3
33
48
1
34
29
40
7
25
17
31
23
44
42
30
50
32
36
20
27
6
41
14
15
9
5
2
11
26
8
49
22
10
21
43
39
28
38
4
37
46
16
13
35
43
9
49
1
28
22
31
13
35
7
14
6
47
30
42
29
21
16
39
24
23
41
4
46
17
15
50
5
26
44
36
37
19
34
11
48
3
8
40
45
12
2
38
18
32
20
25
10
27
33
26
8
45
29
21
4
47
32
16
31
2
14
11
48
15
18
36
24
9
27
35
6
46
17
22
34
19
38
5
40
39
20
33
13
7
28
1
23
44
10
42
12
37
50
41
25
30
43
3
49
5
25
21
36
26
39
45
50
33
24
8
37
48
28
32
44
10
22
34
38
46
4
7
13
15
40
27
3
30
18
31
19
1
49
16
17
43
20
29
12
35
47
9
6
11
41
23
14
2
42
15
1
29
14
19
49
36
11
41
4
30
26
16
22
48
38
7
40
46
6
10
27
2
45
44
21
37
43
23
12
20
28
3
17
42
13
32
34
8
39
50
18
5
33
31
24
9
35
25
47
24
48
10
49
31
13
20
23
34
21
15
7
43
41
17
33
26
2
30
11
3
18
25
6
38
45
40
37
19
28
29
39
46
32
36
16
8
44
35
27
22
5
50
12
47
14
4
1
42
9
34
16
31
41
43
44
10
45
38
32
5
39
22
21
3
2
47
27
33
12
4
23
28
20
19
37
36
49
18
46
24
26
9
30
48
35
7
17
1
6
15
25
8
42
40
11
14
13
29
50
6
10
17
12
38
3
40
44
32
29
26
33
49
9
47
30
42
36
4
22
13
15
21
25
43
46
2
7
11
19
27
31
16
5
50
41
39
37
18
28
20
48
45
14
1
35
8
23
24
34
50
47
25
31
30
15
26
37
14
2
33
28
34
42
41
21
49
38
17
48
19
5
1
29
10
43
8
9
20
39
45
46
18
40
27
12
35
13
24
16
32
7
6
11
22
44
3
4
23
36
48
20
32
42
5
9
35
16
6
44
17
46
4
13
50
23
24
18
15
1
27
11
49
3
12
30
43
25
36
41
33
34
21
37
14
2
29
28
22
40
47
38
10
45
8
19
39
7
26
31
9
24
8
20
7
31
49
6
46
40
39
41
33
38
36
42
14
13
26
2
32
19
44
11
34
23
12
10
35
48
1
25
4
16
5
30
28
18
15
43
3
29
27
17
37
50
21
47
22
45
3
35
30
43
14
46
18
28
26
22
9
13
38
39
7
49
27
1
20
31
45
24
40
42
23
41
21
8
16
36
44
4
25
47
17
33
50
15
11
19
6
34
29
37
48
10
2
32
12
5
41
26
48
22
34
50
30
17
44
33
37
42
9
47
23
11
13
31
27
19
25
45
43
10
36
6
4
39
15
35
28
32
29
14
21
3
12
1
2
20
49
40
7
8
5
18
38
46
16
24
38
11
41
30
22
34
7
4
23
42
25
48
2
15
21
36
20
10
18
29
43
39
9
8
28
26
3
1
32
5
35
33
13
50
31
14
37
40
16
47
24
45
12
19
27
49
17
44
46
6
25
33
42
21
39
30
13
8
29
46
10
50
32
36
1
47
9
35
14
17
5
7
45
4
41
16
15
12
2
37
43
27
11
20
19
23
38
49
48
31
34
24
40
22
18
6
28
26
44
3
33
44
11
7
40
37
4
24
2
27
29
32
13
8
43
3
50
45
23
47
48
16
36
12
26
28
9
17
22
38
42
14
41
25
20
19
34
21
39
49
18
35
30
5
46
15
6
31
10
1
49
34
18
46
12
2
21
31
22
13
42
9
36
50
4
39
33
28
5
32
8
44
30
26
25
29
45
11
27
23
19
17
48
1
41
47
15
38
37
14
16
6
3
35
10
7
20
24
40
43
17
12
15
10
49
41
19
25
9
28
47
4
35
18
29
48
39
32
6
44
11
20
5
27
7
22
1
33
50
43
13
36
26
8
23
24
16
42
21
30
31
46
2
34
3
38
40
45
37
14
1
30
3
6
44
45
33
29
18
9
50
11
14
24
10
40
46
42
37
36
28
2
38
5
31
25
48
20
8
21
34
43
15
12
47
22
26
35
32
17
4
23
16
13
39
27
49
19
7
41
11
5
28
39
33
20
22
27
42
30
12
24
15
26
37
45
2
17
32
18
40
14
3
21
46
9
35
48
34
6
23
1
31
10
8
38
4
19
25
7
41
50
49
36
13
47
44
29
43
16
23
49
33
34
41
16
28
15
20
36
11
12
45
27
8
22
6
44
29
40
1
25
18
7
37
48
17
47
43
31
2
21
30
35
46
39
42
9
3
38
10
14
4
32
24
13
50
5
19
26
4
18
47
32
13
42
8
14
5
45
38
1
12
16
28
25
11
20
21
37
39
36
10
35
2
17
41
19
31
29
46
23
27
48
3
43
40
33
6
22
44
49
34
15
26
30
24
9
50
7
39
31
43
25
1
29
46
26
13
8
48
40
10
3
35
27
34
4
2
15
50
21
14
37
30
33
32
45
9
20
5
41
47
38
28
7
18
24
12
23
17
16
36
44
42
22
19
6
49
11
16
50
39
11
4
23
34
38
1
47
46
35
31
19
45
24
48
29
13
41
2
30
12
43
6
42
28
21
17
8
18
44
40
9
32
10
20
25
7
15
5
36
33
26
49
3
27
37
14
22
27
2
38
37
25
47
29
9
12
26
41
21
44
45
46
19
5
43
49
10
36
3
31
23
8
24
14
40
6
13
16
42
39
33
15
4
22
30
50
48
7
32
20
1
17
34
18
11
35
28
28
37
16
27
36
43
42
1
49
12
22
45
41
14
13
20
8
11
19
3
9
31
48
32
18
50
46
23
47
24
15
6
7
2
39
44
25
26
5
34
40
4
35
29
30
33
10
21
38
17
14
15
20
23
16
32
1
22
21
5
40
25
28
11
49
6
3
48
10
45
34
9
8
50
39
44
33
36
13
27
30
47
35
7
4
37
17
46
26
2
38
41
43
24
19
12
29
42
31
18
46
38
1
4
45
6
50
40
17
37
13
43
8
23
44
35
16
26
42
34
31
47
19
15
5
12
20
14
48
25
32
7
22
29
24
49
30
39
27
18
33
21
11
3
9
2
36
41
28
10
40
42
22
16
37
8
23
21
47
17
20
31
29
6
39
13
32
34
3
50
7
49
15
14
35
38
24
44
33
2
4
18
12
28
43
36
11
27
41
5
19
26
46
10
45
1
48
30
9
25
35
4
27
44
47
48
39
43
7
50
1
15
19
33
40
12
25
3
41
28
42
29
24
2
21
49
34
16
37
32
8
10
45
6
38
18
31
36
17
9
14
11
13
20
23
26
5
22
30
46
44
36
23
33
50
18
41
35
45
19
3
2
17
34
22
8
12
30
43
5
49
38
29
31
48
1
7
4
25
14
37
15
42
24
10
9
21
6
28
26
11
27
39
46
16
32
47
40
20
13
45
13
44
8
11
40
25
2
43
41
36
22
6
17
24
7
35
9
47
20
38
12
23
16
4
5
30
46
1
49
10
29
14
19
18
31
27
50
33
37
39
3
15
48
34
42
26
28
21
32
19
46
34
38
6
7
48
36
27
39
45
8
37
35
30
14
23
5
40
13
12
32
50
28
9
2
44
29
24
42
49
22
10
4
1
11
47
31
43
3
26
15
41
25
21
16
33
18
17
20
32
22
7
45
48
35
5
34
37
18
49
30
25
29
14
43
4
21
28
26
44
40
20
38
47
31
10
24
12
17
11
3
8
36
13
15
23
16
42
50
46
33
19
39
6
9
41
2
1
27
29
21
14
47
23
17
12
3
10
11
28
36
46
4
18
5
43
37
35
25
15
42
27
19
24
7
39
26
44
22
41
30
49
31
9
50
6
45
38
13
48
20
1
16
33
40
32
34
8
2
21
19
46
5
17
25
43
7
30
16
27
18
24
2
34
26
40
39
50
33
20
22
13
47
3
10
42
31
49
9
48
38
44
23
12
6
14
41
45
11
29
8
32
28
35
4
1
36
15
37
12
32
24
28
42
36
6
5
15
48
19
20
23
44
38
4
1
49
8
43
17
35
26
34
11
13
31
18
46
7
25
40
50
3
22
45
33
10
47
29
30
37
14
9
2
39
16
27
41
21
13
14
37
19
8
33
9
10
36
34
6
44
27
20
12
16
18
46
1
30
29
26
35
24
32
4
23
28
45
11
3
49
38
43
40
25
48
2
31
42
21
17
47
41
7
5
22
50
39
15
20
40
36
50
3
24
32
30
8
10
21
38
1
49
11
28
41
19
7
35
6
13
33
9
27
18
16
22
39
26
17
2
34
42
29
5
45
48
14
46
25
31
44
43
15
23
37
12
47
4
2
23
35
17
29
14
24
39
50
49
44
5
20
10
33
9
15
25
48
21
37
8
47
41
16
3
13
32
40
34
7
12
36
27
45
26
19
11
4
1
28
22
18
31
43
46
42
38
6
30
10
43
12
40
9
27
38
18
4
15
23
3
21
25
6
31
30
33
45
8
47
37
17
22
13
36
26
35
41
16
50
11
28
46
2
32
44
7
20
24
1
19
42
49
14
29
34
39
5
48
42
29
6
2
35
21
11
20
24
23
4
27
30
5
16
32
37
12
38
7
14
1
41
39
49
19
22
15
3
10
26
13
43
18
33
34
46
47
9
25
45
44
17
40
50
28
31
48
36
8
8
27
13
15
18
10
37
41
3
6
31
34
26
1
9
50
38
7
25
49
16
17
22
33
14
11
5
42
21
30
12
45
24
39
44
40
2
29
46
4
23
43
48
47
28
36
35
20
32
19
31
7
9
35
20
5
2
48
19
25
16
49
18
40
26
46
17
15
11
39
22
34
6
1
42
47
29
50
38
3
14
8
37
41
30
21
10
4
13
32
36
28
24
27
44
43
12
33
45
23
