30
6
40
5
24
28
27
4
39
38
43
17
47
36
19
10
45
50
15
23
35
48
29
18
1
14
11
37
42
33
49
16
20
21
34
2
41
46
22
32
8
9
26
7
12
31
13
25
3
44
4
3
5
13
2
11
1
19
28
20
7
16
35
12
27
15
44
14
41
48
24
46
17
6
45
8
18
22
50
47
29
40
32
26
37
42
36
43
34
30
9
10
31
23
25
21
39
49
33
38
16
41
50
26
1
48
15
49
11
27
24
10
39
37
31
2
19
8
12
9
18
33
25
30
40
32
47
13
28
4
6
35
23
45
7
46
5
14
36
44
22
42
38
21
20
17
43
3
34
29
22
28
4
9
32
26
16
12
40
43
18
19
7
46
5
38
29
47
31
14
41
10
11
44
50
35
6
34
2
1
21
24
48
15
49
20
13
3
23
33
27
30
25
42
36
8
45
17
37
39
37
4
11
17
9
38
14
47
31
3
35
29
5
32
2
34
28
39
16
46
33
43
42
49
7
20
41
30
26
50
22
48
6
44
8
27
24
12
19
36
13
1
21
25
10
45
15
23
18
40
18
17
2
24
46
19
44
42
25
21
38
47
3
31
29
11
41
6
36
16
26
28
34
40
33
39
49
27
10
45
20
50
5
22
35
1
9
32
30
8
37
13
23
4
14
48
7
15
43
12
47
45
19
48
12
24
29
33
6
9
34
1
40
7
18
17
31
23
44
42
30
50
32
36
20
27
25
41
14
15
3
5
2
11
26
8
49
22
10
21
43
39
28
38
4
37
46
16
13
35
43
9
49
1
28
22
31
13
35
7
14
6
26
30
42
47
21
45
39
36
23
41
4
46
17
15
50
5
29
44
38
37
19
34
11
48
3
8
24
40
12
2
16
18
32
20
25
10
27
33
7
8
32
29
21
4
47
35
16
31
2
14
11
48
15
18
36
24
9
27
3
6
46
17
22
34
19
38
5
40
39
20
33
13
45
28
1
23
44
10
42
12
37
50
41
25
30
43
26
49
39
25
21
36
15
20
42
50
33
24
8
37
48
28
32
44
10
22
34
38
46
4
7
13
29
40
27
3
30
18
31
19
1
49
16
17
43
26
5
12
35
47
9
6
11
41
23
14
2
45
15
1
29
14
19
49
36
11
10
4
30
26
16
22
48
41
7
40
46
6
5
27
24
45
44
21
31
2
23
12
37
28
3
20
42
13
32
34
8
39
50
18
17
33
43
38
9
35
25
47
24
48
10
3
31
13
20
23
34
22
15
7
43
41
17
49
26
25
30
11
21
18
2
37
38
33
40
6
19
28
36
39
46
32
50
16
8
44
35
27
5
45
29
12
47
14
4
1
42
9
34
16
31
41
43
44
10
45
38
32
5
39
22
21
20
40
47
27
33
12
4
23
28
9
46
19
36
49
18
37
24
26
50
30
48
35
7
17
1
6
15
25
8
2
3
11
14
13
29
42
42
10
17
12
38
3
40
44
32
29
26
33
49
9
47
30
23
36
4
22
13
15
21
25
43
46
2
7
11
19
27
31
16
5
6
41
39
37
48
28
20
50
45
14
1
35
8
18
24
34
50
47
25
31
30
15
7
37
14
2
33
28
34
42
41
21
49
38
17
24
19
5
1
26
10
43
8
9
20
46
45
32
18
40
27
12
35
13
29
16
39
48
6
11
22
44
3
4
23
36
48
20
26
42
5
1
35
16
9
44
17
46
4
13
50
23
24
18
22
25
27
11
49
3
12
30
43
39
36
41
33
34
21
37
14
15
29
28
40
2
47
38
10
45
8
19
32
7
6
31
6
24
8
20
7
45
49
39
46
40
41
23
33
38
36
1
14
13
26
2
32
19
44
11
34
48
12
10
35
31
9
25
4
16
5
30
42
18
15
43
3
29
27
17
37
50
21
47
22
28
3
35
30
43
14
46
18
28
26
47
9
13
38
39
7
33
27
1
20
31
45
24
40
42
23
41
21
8
16
36
44
4
25
10
17
29
50
15
11
19
6
34
22
37
48
49
2
32
12
5
41
26
48
22
34
50
30
17
44
33
37
42
9
10
23
32
13
31
27
19
25
45
43
15
36
6
4
47
39
35
28
1
29
14
21
3
12
11
2
20
49
40
7
8
5
18
38
46
16
24
38
11
41
30
22
34
45
32
23
42
25
48
2
20
21
36
15
10
18
29
43
39
9
8
28
26
3
1
49
7
5
33
13
50
31
14
37
40
16
47
24
35
12
19
27
4
17
44
46
6
25
33
42
21
39
30
13
8
2
46
47
50
32
15
1
20
9
35
14
17
10
7
45
4
41
16
29
12
37
48
43
27
11
36
19
23
38
49
18
31
34
24
5
22
40
6
28
26
44
3
26
44
20
7
40
37
4
24
41
35
29
32
13
2
43
3
50
46
23
1
48
16
36
12
47
28
9
17
22
38
42
14
27
25
33
19
34
21
39
49
45
11
30
5
18
15
6
31
10
8
49
34
18
46
26
2
21
31
22
13
42
9
36
50
4
39
33
20
5
32
8
44
30
7
25
24
45
11
27
23
19
17
28
1
41
47
15
38
37
14
16
6
3
35
29
10
12
48
40
43
17
12
15
10
49
39
3
25
7
28
32
4
50
18
30
48
37
41
6
47
11
20
5
27
19
22
1
33
44
43
13
36
26
8
23
24
16
42
21
35
31
46
2
34
38
29
40
45
9
14
1
30
3
6
44
9
33
29
18
36
50
11
14
24
10
16
46
42
37
45
28
2
38
5
31
25
48
20
8
21
34
43
15
12
47
22
26
35
32
17
4
23
40
13
39
27
49
19
7
41
20
5
28
39
6
31
22
27
42
1
12
24
15
8
37
45
2
43
32
18
40
14
3
21
26
9
35
48
34
11
23
49
30
17
10
38
4
19
25
7
41
33
50
46
13
47
44
29
36
16
23
49
33
34
41
16
28
15
20
30
10
12
45
47
8
31
11
44
29
40
1
25
27
48
37
13
17
18
43
6
2
21
42
35
46
39
22
9
3
38
32
14
4
36
24
7
50
5
19
26
11
18
47
32
13
42
8
14
17
45
1
5
12
27
28
25
20
16
21
4
39
36
10
35
2
37
38
19
31
29
46
23
41
48
3
43
40
33
6
22
44
49
34
15
26
30
24
9
50
7
14
31
43
25
33
5
46
26
13
8
48
40
10
3
35
27
34
4
2
15
50
21
39
29
30
44
37
45
9
20
1
41
47
38
28
7
18
24
12
23
17
16
36
32
42
22
19
6
49
11
36
50
39
11
4
23
34
38
1
16
46
35
31
19
45
24
48
29
13
41
2
30
12
43
6
42
28
21
17
8
47
44
40
9
32
10
20
25
7
15
18
5
33
26
49
3
27
37
14
22
27
2
38
37
25
47
24
9
12
26
36
21
44
45
40
19
5
28
49
10
22
3
31
41
8
23
14
43
6
13
16
42
39
33
15
4
46
30
50
48
7
32
20
1
17
34
29
11
35
18
28
37
16
27
36
43
26
1
5
12
22
45
41
14
13
42
8
11
19
3
9
31
48
32
18
50
46
23
47
24
15
6
7
2
39
44
25
20
49
34
40
4
35
29
30
33
10
21
38
17
44
15
45
23
16
32
2
22
21
14
40
25
28
11
49
6
3
48
10
5
34
9
8
20
39
29
33
36
13
27
30
47
35
7
4
37
17
1
26
46
38
41
43
24
19
12
18
42
31
50
46
38
1
4
45
6
17
40
15
37
13
43
8
23
44
35
16
26
42
34
31
47
19
50
5
12
20
14
48
25
32
7
22
29
24
49
30
39
27
18
33
21
11
3
9
2
36
41
28
10
40
42
22
16
37
8
23
21
47
17
20
31
29
6
39
13
32
34
3
50
7
49
15
14
35
38
24
44
33
2
18
9
12
28
43
36
11
27
41
5
19
26
46
10
45
1
48
30
4
25
35
40
27
44
47
41
39
43
48
50
11
15
19
33
46
12
25
3
24
28
42
29
37
2
21
49
34
16
4
32
8
10
45
6
38
18
31
36
17
9
14
7
13
20
23
26
5
22
30
1
5
36
23
33
50
18
41
46
45
19
3
2
42
34
22
8
12
30
43
37
49
38
14
31
48
1
7
4
25
10
35
15
17
24
29
9
21
6
28
26
11
27
39
44
16
32
47
40
20
13
45
13
44
8
11
40
25
2
43
41
39
22
6
17
24
7
35
9
47
20
38
12
23
16
4
5
30
46
1
49
10
29
14
19
18
31
27
50
33
37
36
3
15
48
34
42
26
28
21
32
19
46
34
18
10
7
48
36
27
39
23
8
37
35
3
14
6
5
40
13
12
32
50
28
9
2
44
29
24
42
25
22
49
4
1
11
47
31
43
45
26
15
41
30
21
16
33
38
17
20
32
22
7
45
48
35
5
34
37
18
49
30
25
29
14
43
4
21
28
26
44
40
20
38
15
31
10
24
12
17
11
3
8
47
13
33
23
16
42
50
46
36
19
39
6
9
41
2
1
27
29
21
14
47
23
27
12
3
49
11
28
36
46
4
25
5
43
37
35
44
15
42
18
19
24
7
39
26
32
22
41
30
10
31
9
50
6
45
38
13
48
17
1
16
33
40
20
34
8
2
21
19
46
49
17
25
43
7
30
5
27
18
24
16
34
26
40
2
50
33
20
22
13
47
3
4
42
31
41
9
48
38
44
23
12
6
14
10
45
11
29
8
32
28
35
39
1
36
15
37
12
32
24
28
42
36
6
5
50
48
19
20
23
44
38
4
18
49
1
43
17
35
26
34
11
10
15
25
46
39
40
8
31
3
22
45
33
7
47
29
30
37
14
9
2
13
16
27
41
21
13
14
37
19
8
33
9
10
36
34
6
44
27
26
12
46
1
32
11
30
29
17
35
24
49
45
23
28
3
16
4
18
38
43
40
25
48
2
31
42
21
20
47
41
7
5
22
50
39
15
9
39
36
50
3
29
32
30
8
10
21
38
1
49
11
28
22
19
7
35
6
13
33
23
27
18
16
40
15
26
17
2
34
42
20
5
45
48
14
41
25
31
44
43
46
24
37
12
47
4
2
23
35
38
29
14
50
6
19
49
45
41
20
43
33
9
39
17
48
21
37
8
47
10
16
3
13
32
40
34
7
12
36
27
25
26
44
5
4
1
28
22
18
31
15
46
42
24
11
30
10
43
12
40
27
17
38
18
4
15
44
3
21
25
6
29
30
33
45
8
47
37
16
22
13
36
26
35
7
14
50
11
9
46
2
32
28
41
20
24
1
19
42
49
31
23
34
39
5
48
33
29
6
2
35
21
11
20
24
23
4
27
30
5
16
37
42
12
38
7
14
1
41
39
32
17
22
15
45
3
26
13
43
18
36
34
19
47
9
25
10
44
49
40
50
28
31
8
48
46
8
27
13
15
18
10
37
41
3
6
31
34
17
1
9
50
38
7
25
49
16
26
22
33
14
11
5
42
21
30
12
45
24
39
44
40
2
29
46
4
23
43
48
47
28
36
35
20
32
19
31
7
9
35
20
12
19
48
29
25
16
49
18
40
26
22
17
15
8
39
36
34
6
1
42
47
32
50
38
5
14
46
37
41
30
21
10
4
13
3
2
28
24
27
44
43
11
33
45
23
