30
6
40
49
37
28
27
32
39
38
47
29
35
36
19
10
15
50
17
23
5
48
18
9
1
14
11
43
42
33
3
16
20
21
34
2
41
46
22
45
8
24
26
7
12
31
13
25
4
44
39
3
5
13
2
48
17
19
28
20
7
16
50
12
27
15
44
14
6
4
24
46
29
41
45
8
18
22
49
47
40
35
32
26
37
42
36
43
34
30
9
10
31
23
25
21
11
1
33
38
7
41
50
26
1
11
15
49
22
23
24
10
39
37
31
2
19
8
12
9
18
33
16
30
40
32
47
13
28
4
6
48
35
45
25
46
5
14
36
44
27
42
38
21
20
17
43
3
34
29
22
28
4
38
32
26
16
12
40
43
18
42
7
46
5
19
29
47
31
14
41
10
11
44
50
35
6
34
37
1
21
24
27
15
49
20
13
3
23
33
2
30
25
48
36
8
45
17
9
39
37
4
11
48
26
25
14
47
31
3
35
17
5
32
2
34
28
39
16
46
33
43
8
49
29
20
38
30
7
50
22
9
6
44
36
27
24
12
19
41
13
1
21
42
10
45
15
23
18
40
18
17
2
24
46
19
44
42
25
21
39
47
3
31
11
41
20
6
36
1
26
28
34
40
33
29
49
27
10
45
38
50
5
22
35
14
9
32
30
8
37
13
23
4
16
48
7
15
43
12
47
45
19
9
24
12
3
6
33
16
34
1
40
7
18
17
31
23
44
42
30
50
32
36
20
27
25
41
14
15
29
5
2
11
26
8
49
22
10
21
43
39
28
38
4
37
46
48
13
35
43
9
26
1
28
38
31
13
35
7
14
6
42
30
36
37
21
45
39
24
23
41
4
46
17
15
50
5
29
44
47
49
19
34
11
48
3
8
16
40
12
2
22
18
32
20
25
10
27
33
26
8
7
29
21
20
47
35
16
27
2
14
31
48
15
18
36
24
9
3
32
6
46
17
22
34
19
38
5
40
39
44
33
13
45
28
1
23
4
10
42
12
37
50
41
25
30
43
11
49
20
25
21
36
33
29
42
50
15
24
8
37
48
28
32
44
10
22
34
38
46
4
39
13
7
40
27
3
30
18
31
19
1
49
16
17
43
26
5
12
35
47
9
6
11
41
23
14
2
45
15
1
29
14
19
49
36
11
43
47
30
26
16
22
48
4
7
40
46
6
10
27
24
45
44
21
41
37
23
12
20
28
3
17
42
13
32
34
8
39
50
18
5
33
31
38
9
35
25
2
24
48
10
3
31
13
20
23
34
5
15
7
43
41
17
22
26
2
30
11
21
18
37
6
38
33
40
25
19
28
1
39
46
32
50
16
8
44
35
27
45
36
29
12
47
14
4
49
42
9
34
16
31
41
43
44
10
45
38
32
5
39
22
21
40
20
47
27
33
12
4
23
28
37
46
19
36
49
18
9
24
26
42
30
48
35
7
17
1
6
15
25
8
2
3
11
14
13
29
50
42
10
17
12
38
3
40
44
32
29
26
33
49
9
47
30
23
36
4
22
13
15
21
25
43
46
2
7
11
19
27
31
16
5
6
41
39
37
48
28
20
50
45
14
1
35
8
18
24
34
50
47
25
31
30
15
7
37
14
2
33
28
34
42
41
21
49
38
24
48
19
5
1
26
10
43
8
9
20
39
45
46
18
40
27
12
35
13
29
16
32
17
6
11
22
44
3
4
23
36
48
20
6
42
5
22
35
16
9
44
17
46
4
13
50
23
24
18
15
25
27
11
49
3
12
30
43
2
36
41
33
34
21
37
14
1
29
28
40
32
47
38
10
45
8
19
39
7
26
31
11
24
8
20
7
1
49
39
46
40
32
23
33
38
42
31
14
13
26
2
22
19
44
48
34
45
12
10
35
6
9
25
4
16
5
30
27
18
15
43
3
29
41
17
37
50
21
47
36
28
3
35
30
43
14
46
18
28
26
22
9
13
38
39
7
33
27
1
20
31
45
24
40
42
23
41
21
8
16
36
44
4
25
47
17
29
50
15
11
19
6
34
49
37
48
10
2
32
12
5
41
26
48
22
34
50
30
17
44
33
37
19
9
15
23
11
13
31
27
47
25
45
43
10
36
6
4
12
39
35
28
32
29
14
21
3
42
1
2
20
49
40
7
8
5
18
38
46
16
24
38
11
41
30
22
34
45
20
23
42
25
48
2
16
21
36
37
10
18
29
43
39
9
8
28
4
3
1
32
7
35
33
13
50
31
15
46
40
49
47
24
5
12
19
27
26
17
44
14
6
25
33
42
21
39
30
13
8
48
46
38
50
32
20
1
29
18
35
14
17
36
37
45
4
41
16
10
47
15
5
43
27
11
19
7
23
12
49
24
31
34
9
40
22
2
6
28
26
44
3
33
44
45
7
40
37
4
24
2
1
29
32
13
26
43
3
50
20
23
27
48
16
36
12
47
28
9
17
22
38
42
14
41
25
8
19
34
21
39
49
18
35
30
5
46
15
6
31
10
11
49
34
18
46
12
2
21
31
29
13
42
9
36
50
4
39
33
28
5
32
8
44
30
20
25
26
45
11
3
23
19
17
10
1
41
47
15
38
37
14
16
6
27
35
40
7
48
24
22
43
17
12
15
10
49
47
29
25
7
28
44
4
6
18
30
48
9
32
41
37
11
20
5
27
19
22
1
33
50
43
13
36
26
8
23
24
16
42
21
3
31
46
2
34
38
39
40
45
35
14
1
30
3
6
44
45
33
29
18
15
50
11
14
24
10
40
46
42
37
36
28
2
38
5
31
25
48
20
8
21
34
43
9
12
47
22
26
35
32
17
4
23
16
13
39
27
49
19
7
41
6
5
28
39
10
17
22
27
42
36
12
24
15
43
8
45
2
30
32
18
40
14
3
21
26
9
35
48
34
31
23
1
49
20
33
38
4
19
25
7
41
11
50
46
13
47
44
29
37
16
23
49
33
34
41
16
28
15
20
30
10
12
45
8
3
47
42
44
29
40
1
25
27
7
37
48
17
6
43
11
2
21
31
35
46
39
22
9
18
38
36
14
4
32
24
13
50
5
19
26
4
18
20
32
13
42
8
14
11
45
1
5
12
47
28
25
41
17
21
16
39
36
10
35
2
38
37
19
31
29
46
23
48
27
3
43
40
33
6
22
44
49
34
15
26
30
24
9
50
7
16
31
43
25
11
39
46
26
13
8
48
40
10
3
35
27
34
4
2
15
50
21
14
29
30
37
32
45
9
20
5
41
47
38
28
7
18
24
12
23
17
33
36
44
42
22
19
6
49
1
44
50
39
11
4
23
34
38
1
14
46
35
47
19
45
24
48
29
13
41
2
30
12
43
6
42
28
21
17
8
36
18
40
9
32
10
20
25
7
15
5
16
33
26
49
3
27
37
31
22
27
2
38
37
25
41
19
9
12
26
36
21
44
45
46
49
5
43
22
10
35
3
31
23
8
24
14
18
6
13
16
42
39
33
15
4
28
30
50
48
7
32
20
1
17
34
29
11
40
47
28
37
16
27
36
43
26
1
49
12
22
45
41
14
13
42
8
11
19
5
9
31
48
32
18
50
46
23
47
24
15
6
7
2
39
44
25
20
3
34
40
4
35
29
30
33
10
21
38
17
14
15
49
23
16
32
1
22
21
31
40
25
28
11
29
6
3
48
10
45
34
9
2
18
39
44
33
36
13
27
30
47
50
7
4
37
17
5
26
35
38
41
43
24
19
12
20
42
46
8
46
38
1
4
45
6
50
40
17
37
13
43
8
23
44
35
16
26
42
34
31
47
19
15
5
12
20
14
48
25
32
7
22
29
24
49
30
39
27
18
33
21
11
3
9
2
36
41
28
10
40
42
22
16
9
8
23
21
47
17
20
31
29
6
39
38
32
34
3
50
7
49
15
14
35
13
24
44
33
2
4
37
12
28
43
36
11
27
41
5
19
26
46
10
45
1
18
30
48
25
35
40
27
44
47
4
39
43
41
50
11
15
19
33
37
12
25
3
1
28
42
29
7
2
21
49
34
16
26
32
8
10
45
6
38
18
31
36
17
9
14
48
13
20
23
24
5
22
30
46
5
36
23
33
50
18
41
46
45
35
3
2
17
34
22
8
12
16
43
19
49
38
42
31
48
1
7
4
44
14
37
15
30
24
10
9
21
6
28
26
11
27
39
25
29
32
47
40
20
13
45
13
44
8
27
40
25
2
6
41
43
22
11
17
24
7
35
9
47
20
38
12
23
16
4
5
30
46
1
49
10
29
14
48
18
31
19
50
33
37
39
3
15
36
34
42
26
28
21
32
19
46
34
18
6
7
48
36
27
39
41
8
37
35
25
14
45
5
40
13
12
32
50
28
9
10
44
29
24
42
49
22
23
4
1
11
47
31
43
2
26
15
3
30
21
16
33
38
17
20
32
22
47
45
48
35
5
34
37
18
49
30
25
29
14
43
4
21
28
26
44
40
20
38
16
31
15
24
12
17
11
3
8
36
13
33
23
10
42
50
46
7
19
39
6
9
41
2
1
27
29
21
14
47
23
27
12
3
10
11
28
36
46
4
49
5
43
37
35
44
15
42
25
19
24
7
39
26
2
22
41
30
17
31
9
50
6
45
38
13
48
20
1
16
33
40
32
34
8
18
21
19
46
5
17
9
43
7
30
4
27
18
24
10
34
26
40
41
50
33
20
22
13
47
3
39
42
31
25
16
48
38
44
23
12
6
14
2
45
11
29
8
32
28
35
49
1
36
15
37
12
32
24
28
42
36
6
5
50
48
19
20
23
44
38
13
1
49
8
43
17
35
26
34
11
2
31
39
46
10
25
40
15
3
22
45
33
7
47
29
30
37
14
9
18
4
16
27
41
21
13
14
37
19
8
33
9
10
36
34
6
44
27
2
12
1
11
46
49
30
29
26
35
24
32
17
23
28
4
3
18
20
38
43
40
25
48
16
31
42
21
45
47
41
7
5
22
50
39
15
9
39
36
50
3
24
32
30
8
10
21
38
1
49
20
28
22
19
7
35
6
13
33
11
27
18
16
40
41
26
17
2
34
42
29
5
45
48
14
46
25
31
44
43
15
23
37
12
47
4
2
23
35
17
29
14
24
4
5
49
45
41
20
27
33
9
39
25
48
21
37
8
47
50
15
3
13
32
40
34
7
12
36
10
19
26
38
11
44
1
28
22
18
31
43
46
42
16
6
30
10
43
12
40
15
31
38
18
4
9
23
3
21
25
6
16
30
33
45
8
47
7
17
22
13
36
26
35
27
37
50
11
28
46
2
32
44
41
20
24
1
19
42
49
14
29
34
39
5
48
36
29
32
2
35
21
11
33
24
19
4
27
30
5
16
46
6
12
38
7
14
1
41
39
49
23
22
15
45
48
26
13
43
18
20
34
37
47
9
25
10
44
17
40
50
28
31
8
3
42
8
27
13
15
18
10
37
41
3
6
31
34
26
1
9
50
38
7
25
49
16
17
22
33
14
11
5
42
21
30
12
45
24
39
44
40
2
29
46
4
23
43
48
47
28
36
35
20
32
19
31
7
9
35
20
5
2
48
19
25
16
49
18
40
26
32
17
15
11
39
3
34
6
1
42
47
29
50
38
46
14
8
37
41
30
21
10
4
13
36
22
28
24
27
44
43
12
33
45
23
