36
6
40
17
24
28
27
21
39
38
32
29
35
43
19
10
9
50
46
23
30
48
2
18
1
14
11
47
42
33
49
16
20
22
34
15
41
3
4
45
8
5
26
7
12
31
13
25
37
44
11
3
5
13
2
29
1
19
28
20
7
16
41
12
27
15
44
14
17
4
24
46
39
6
45
8
18
22
50
47
40
49
32
26
37
42
36
43
34
35
9
10
31
30
25
21
48
23
33
38
16
41
50
26
27
1
15
49
22
23
24
10
39
37
31
11
19
8
12
9
18
33
7
30
40
32
47
13
28
4
6
35
48
45
25
46
5
14
36
44
2
42
38
21
20
17
43
3
34
29
22
28
4
38
32
26
16
12
40
43
18
19
6
46
5
2
29
47
31
14
41
10
11
44
50
35
37
34
3
1
21
24
9
15
49
20
13
7
23
33
27
30
25
42
36
8
45
17
48
39
37
39
6
9
11
4
14
47
31
3
35
42
5
32
2
34
28
17
16
46
33
43
25
49
7
20
41
30
26
50
22
8
23
44
10
27
24
12
19
36
13
1
21
48
29
45
15
38
18
40
18
17
2
24
46
19
44
42
25
1
41
47
3
31
29
28
39
6
36
16
26
13
34
40
33
38
49
27
10
45
20
50
5
21
7
14
9
32
30
8
37
35
23
4
43
48
11
15
22
12
47
45
19
48
9
12
24
33
29
30
34
41
40
7
18
17
31
23
44
42
3
50
32
36
20
27
6
25
14
15
1
5
2
11
26
8
49
22
10
21
43
39
28
38
4
37
46
16
13
35
43
9
26
1
28
38
31
13
35
7
14
6
47
30
49
42
21
45
39
24
23
41
4
46
17
15
50
5
29
44
36
37
19
34
11
48
3
8
22
40
12
2
16
18
32
20
25
10
27
33
26
8
7
29
21
20
47
32
16
27
2
14
11
48
15
4
36
24
9
3
35
6
46
17
22
34
19
38
5
40
39
44
33
13
45
28
1
23
18
10
42
12
37
50
41
25
30
43
31
49
15
25
21
36
12
39
26
50
33
24
8
37
48
28
32
44
10
22
34
38
7
4
42
13
29
40
27
3
30
18
31
19
1
49
16
17
43
20
5
46
35
47
9
6
11
41
23
14
2
45
20
1
29
14
19
49
36
11
2
4
30
26
16
22
48
46
7
40
41
6
10
27
24
45
44
21
31
43
23
12
37
28
3
47
42
13
32
34
8
39
50
18
5
33
15
38
9
35
25
17
24
48
10
3
31
13
20
23
34
21
15
7
43
41
17
22
26
2
30
11
36
18
6
50
38
5
40
37
19
28
25
39
46
32
29
16
8
44
35
27
45
33
49
12
47
14
4
1
42
9
34
16
31
41
43
44
10
45
38
32
5
39
22
21
20
37
47
27
33
12
4
23
28
9
46
19
36
49
18
3
24
26
42
30
48
35
7
17
1
6
15
25
8
2
40
11
14
13
29
50
14
10
17
12
38
3
40
44
32
29
26
33
49
9
47
30
42
36
4
22
13
15
21
25
43
46
2
7
11
19
27
31
16
5
6
41
39
37
48
28
20
50
45
23
1
35
8
18
24
34
7
47
25
31
30
15
50
37
14
2
33
28
34
42
41
21
49
38
24
48
19
5
1
26
10
43
8
9
20
39
45
46
18
40
27
12
35
13
29
16
32
17
6
11
22
44
3
4
23
36
48
20
9
42
5
25
35
16
15
44
17
46
4
13
50
23
24
18
22
1
27
11
49
3
12
30
43
41
36
6
33
34
21
37
14
2
29
28
40
32
47
38
10
45
8
19
39
7
26
31
42
24
8
20
7
31
49
6
46
40
39
23
33
38
36
1
14
13
26
2
32
19
44
48
34
45
12
10
35
41
9
25
4
16
5
30
22
18
15
43
3
29
27
17
37
50
21
47
11
28
3
35
30
43
14
46
18
28
26
47
9
13
38
39
7
33
27
1
20
31
45
24
40
42
23
41
21
8
16
36
44
4
25
10
17
29
50
15
11
19
6
34
22
37
48
49
2
32
12
5
41
26
48
22
34
50
30
17
44
33
37
1
9
10
23
47
13
31
27
19
25
45
43
15
36
6
4
12
39
35
28
32
29
14
21
3
42
11
2
20
49
40
7
8
5
18
38
46
16
24
38
11
41
30
22
5
7
20
23
42
25
48
2
15
21
32
45
10
18
29
43
39
9
8
28
26
3
1
34
14
35
33
49
50
31
37
46
40
16
47
24
13
12
19
27
4
17
44
36
6
25
33
42
21
39
30
13
8
19
46
38
50
7
36
1
40
37
35
14
17
48
47
45
4
41
16
10
18
32
5
43
27
11
20
15
23
12
49
24
31
34
9
29
22
3
6
28
26
44
2
33
44
45
7
40
37
4
24
11
35
29
32
13
26
43
3
50
20
23
27
46
16
36
12
47
28
9
17
22
38
42
14
41
25
8
19
34
21
39
49
18
48
30
5
2
15
6
31
10
1
49
34
18
46
26
2
21
31
10
13
42
9
36
50
4
39
33
28
5
32
8
44
30
7
25
29
45
11
27
23
19
17
22
1
41
47
15
38
37
12
16
6
3
35
14
24
20
48
40
43
17
12
15
10
49
47
29
25
9
28
44
4
50
18
3
48
41
32
6
37
11
20
5
27
19
22
1
33
7
43
13
36
26
8
23
24
16
42
21
30
31
46
2
34
38
39
40
45
35
14
1
30
3
6
44
45
33
29
18
9
50
11
14
24
10
16
46
42
37
36
28
2
38
5
31
25
48
20
8
21
34
43
15
12
47
22
26
35
32
17
4
23
40
13
39
27
49
19
7
41
30
5
28
39
33
34
22
27
42
37
12
24
15
20
8
45
2
43
32
18
40
14
3
21
26
9
35
48
49
10
23
1
31
17
36
38
4
19
25
7
41
11
50
46
13
47
44
29
6
16
23
49
33
34
41
16
28
15
20
22
47
12
45
8
42
36
11
44
29
40
1
25
18
10
37
48
17
6
43
31
2
21
13
35
46
39
27
9
3
38
30
14
4
32
24
7
50
5
19
26
4
18
20
32
13
42
8
14
5
45
11
17
12
16
28
25
1
41
21
47
39
36
10
35
2
37
38
19
31
29
46
23
27
48
3
43
40
33
6
22
44
49
34
15
26
30
24
9
50
7
39
31
43
25
1
11
46
26
13
8
48
40
10
3
35
27
34
4
2
15
50
21
14
37
30
33
29
45
9
20
5
41
47
38
28
7
18
24
12
23
17
16
36
44
42
22
19
6
49
32
44
50
39
11
4
23
34
38
1
16
46
35
31
19
45
24
48
29
13
41
2
30
12
43
6
42
28
21
17
8
47
18
40
9
32
10
20
25
7
15
5
36
33
26
49
3
27
37
14
22
27
2
38
37
25
41
19
9
12
26
36
21
44
45
46
18
5
15
49
10
22
3
31
23
8
24
14
40
6
13
16
42
39
33
35
4
28
30
50
48
7
32
20
1
17
34
29
11
43
47
28
37
16
27
36
43
42
1
41
12
22
45
17
14
13
20
8
11
19
5
9
31
48
32
18
50
46
23
47
24
15
6
7
2
39
44
25
26
49
34
40
4
35
29
30
33
10
21
38
3
50
15
49
23
16
32
2
22
21
31
40
25
28
11
37
6
3
48
10
45
34
9
29
20
39
44
33
36
13
27
30
47
35
7
4
1
17
5
26
14
38
41
43
24
19
12
18
42
46
8
46
38
1
4
45
6
37
40
43
15
13
22
8
23
44
35
16
26
42
34
31
17
19
47
5
12
20
14
48
25
32
7
50
29
24
49
30
39
27
18
33
21
11
3
9
2
36
41
28
10
40
42
22
16
37
8
23
4
47
17
20
31
29
6
39
38
32
34
3
50
21
49
15
14
35
13
24
44
33
2
18
48
12
28
43
36
11
27
41
5
19
26
46
10
45
1
7
30
9
25
35
4
27
44
47
48
39
43
7
50
1
15
19
33
40
12
25
3
11
28
42
29
37
2
21
49
34
16
41
32
8
10
45
6
38
18
31
36
17
9
14
24
13
20
23
26
5
22
30
46
5
36
23
33
50
18
41
35
45
19
3
2
42
34
22
8
12
46
43
25
49
38
16
31
48
1
7
4
44
37
29
15
17
24
30
9
21
6
28
26
11
27
39
14
10
32
47
40
20
13
45
13
44
8
6
40
25
2
48
41
43
5
32
17
24
7
35
9
47
20
38
12
23
16
4
39
30
46
1
49
10
29
14
27
18
31
19
50
33
37
22
3
15
36
34
42
26
28
21
11
19
46
34
18
10
7
48
36
27
39
45
8
37
35
30
14
23
5
40
13
12
32
50
28
9
2
44
29
24
42
38
22
6
4
1
11
47
31
43
3
26
15
41
25
21
16
33
49
17
20
32
22
47
45
48
35
5
34
37
18
49
30
25
29
14
43
4
21
28
26
44
40
20
38
16
31
15
24
12
17
11
3
8
36
13
33
23
10
42
50
46
7
19
39
6
9
41
2
1
27
29
21
14
47
23
27
12
3
49
11
28
36
46
4
25
5
43
37
35
44
15
42
17
19
24
7
39
26
2
22
41
30
10
31
9
50
6
45
38
13
48
20
1
16
33
40
32
34
8
18
21
19
46
49
17
9
43
7
30
5
27
18
24
47
34
26
40
39
50
33
20
22
13
41
3
4
42
31
25
16
48
38
44
23
12
6
14
2
45
11
29
8
32
28
35
10
1
36
15
37
12
32
24
28
42
36
6
5
50
48
19
20
23
44
38
31
15
49
8
43
17
35
26
34
11
10
25
2
46
7
4
40
30
3
22
45
33
1
47
29
39
37
14
9
18
13
16
27
41
21
13
14
37
19
8
33
9
10
36
34
6
44
27
2
12
49
18
16
1
30
29
26
35
24
32
17
23
28
4
11
3
20
38
43
40
25
48
46
31
42
21
45
47
41
7
5
22
50
39
15
9
40
36
50
3
24
32
30
8
10
21
38
1
49
11
13
22
19
7
35
6
28
33
29
27
18
16
39
15
26
17
2
34
42
20
5
45
48
14
41
25
31
44
43
46
23
37
12
47
4
2
23
35
5
29
14
45
39
17
49
10
43
20
27
33
9
6
25
48
21
37
8
47
11
15
3
13
32
40
34
7
12
36
19
50
26
38
41
44
1
28
22
18
31
16
46
42
24
4
30
10
43
12
40
15
17
38
18
4
14
23
3
21
25
6
41
30
33
45
8
47
7
27
22
13
36
26
35
37
9
50
11
28
46
2
32
44
16
20
24
1
19
42
49
31
29
34
39
5
48
6
29
32
2
35
21
11
46
24
36
4
27
30
5
16
19
20
12
38
7
14
1
41
39
49
23
22
15
45
48
26
13
43
18
33
34
37
47
9
25
10
44
17
40
50
28
31
8
3
42
8
27
13
15
18
10
17
41
3
6
31
34
26
1
9
50
38
7
25
49
16
37
22
33
14
11
5
42
21
30
12
45
24
39
44
40
2
29
46
4
23
43
48
47
28
36
35
20
32
19
31
7
11
35
20
22
3
48
6
25
16
49
18
40
26
29
17
30
15
39
5
34
8
1
42
47
32
50
38
46
14
9
37
41
19
21
10
4
13
2
36
28
24
27
44
43
12
33
45
23
