30
6
40
17
49
28
27
7
39
38
32
22
47
43
19
10
15
50
46
23
5
48
18
9
1
14
11
37
42
33
35
16
20
21
34
29
41
2
4
45
8
24
26
36
12
31
13
25
3
44
4
3
5
13
2
29
6
19
28
20
7
16
41
12
27
15
44
14
22
1
24
46
17
48
45
8
18
39
50
47
40
35
32
26
37
42
36
43
34
30
9
10
31
23
25
21
11
49
33
38
7
41
50
26
11
48
15
49
2
27
24
10
39
37
31
22
19
8
12
9
18
33
23
30
40
32
47
13
28
4
6
1
35
45
25
46
5
14
36
44
16
42
38
21
20
17
43
3
34
29
22
28
4
49
32
26
16
12
40
43
18
42
6
46
5
38
29
47
31
14
41
10
11
44
50
35
37
34
2
1
21
24
48
15
19
20
13
3
23
33
27
30
25
7
36
8
45
17
9
39
37
8
11
48
26
25
14
47
31
3
35
17
5
32
2
34
28
39
16
46
33
43
7
49
29
20
6
30
4
50
22
9
23
44
36
27
24
12
19
41
13
1
21
42
10
45
15
38
18
40
18
17
2
24
46
19
44
35
25
21
43
47
3
31
11
42
41
6
36
16
26
28
34
40
33
39
49
27
10
45
38
50
5
20
29
1
9
32
30
8
37
13
23
4
14
48
7
15
22
12
47
45
19
18
24
12
1
33
6
16
34
29
40
7
8
17
31
23
44
42
3
50
32
36
20
27
25
41
14
15
9
5
2
11
26
30
49
22
10
21
43
39
28
38
4
37
46
48
13
35
43
9
47
1
28
24
31
13
35
7
14
6
42
30
49
29
21
45
39
38
23
41
4
46
17
15
50
5
26
44
36
37
19
34
11
48
3
8
22
40
12
2
16
18
32
20
25
10
27
33
44
14
26
29
21
31
47
8
16
35
2
18
7
48
15
4
36
24
9
27
32
6
46
17
22
34
19
38
5
40
39
20
33
13
45
28
1
23
3
10
42
12
37
50
41
25
30
43
11
49
26
25
21
36
33
38
7
50
29
24
8
37
48
28
32
44
10
22
34
45
42
4
39
13
15
40
27
3
30
18
31
19
1
49
16
17
43
20
5
12
35
47
9
6
11
41
23
14
2
46
15
1
29
14
19
49
36
11
5
4
30
26
16
22
48
31
7
40
24
6
10
27
37
45
44
21
41
47
23
12
20
28
3
17
42
13
32
34
8
39
50
18
43
33
46
38
9
35
25
2
24
48
10
3
31
13
20
23
34
36
15
7
43
41
17
49
26
2
30
11
21
18
6
50
38
37
40
25
19
28
5
39
46
32
33
16
8
44
35
27
22
45
29
12
47
14
4
1
42
9
34
16
31
41
43
44
10
45
38
32
5
39
22
21
37
40
47
27
33
12
4
23
28
20
46
19
36
49
18
9
24
26
42
30
48
35
7
17
1
6
15
25
8
2
3
11
14
13
29
50
50
10
17
12
38
3
40
44
32
29
26
33
49
9
47
30
42
36
4
22
13
15
21
25
43
46
2
7
11
19
27
31
16
5
6
41
39
37
18
28
20
48
45
14
1
35
8
23
24
34
39
47
25
31
30
15
26
37
14
2
33
28
34
42
41
21
49
38
17
24
19
5
1
7
10
43
8
9
20
46
45
48
18
40
27
12
35
13
29
16
32
50
6
11
22
44
3
4
23
36
48
20
6
42
5
22
35
16
9
44
17
46
4
13
50
23
24
18
1
25
27
11
49
3
12
30
43
2
36
41
33
34
21
37
14
15
29
28
40
32
47
38
10
45
8
19
39
7
26
31
42
24
8
20
7
9
49
22
46
40
39
34
33
38
36
41
14
13
26
2
30
19
44
6
32
45
12
10
35
48
1
25
4
16
5
23
28
18
15
43
3
29
27
17
37
50
21
47
31
11
3
35
30
43
14
46
18
28
26
22
9
13
38
39
7
33
27
1
20
31
45
24
40
42
23
41
21
8
16
36
44
4
25
47
17
2
50
15
11
19
6
34
49
37
48
10
29
32
12
5
41
26
48
22
34
50
30
17
44
33
37
1
9
10
23
47
13
31
27
19
25
45
43
15
36
6
4
12
39
35
28
32
29
14
21
3
42
11
2
20
49
40
7
8
5
18
38
46
16
24
38
11
41
30
22
34
37
32
23
42
25
48
2
20
21
36
45
10
18
29
43
39
9
8
28
26
3
1
7
5
49
33
15
50
31
14
46
40
16
47
24
35
12
19
27
13
17
44
4
6
25
33
42
21
39
30
13
20
15
46
38
50
32
36
1
18
23
35
14
17
48
47
45
4
41
16
10
40
29
3
43
27
11
19
7
37
12
49
24
31
34
9
5
22
2
6
28
26
44
8
20
44
45
7
40
37
4
24
33
1
29
32
13
27
43
3
50
46
23
48
35
16
36
12
26
28
9
17
22
38
42
14
41
25
8
19
34
21
39
49
2
11
30
5
18
15
6
31
10
47
49
34
18
46
12
2
21
31
7
13
42
9
36
50
4
39
33
28
5
32
8
44
30
26
25
24
45
11
27
23
19
17
22
1
41
47
15
38
37
14
10
6
3
35
40
29
20
16
48
43
17
12
15
10
37
41
19
25
49
28
44
4
50
18
29
48
9
30
6
47
11
20
5
27
7
22
1
33
32
43
13
36
26
8
23
24
16
42
21
3
31
46
2
34
38
39
40
45
35
14
1
30
3
6
44
45
33
29
18
15
50
11
14
24
10
16
46
42
37
36
28
2
38
5
31
25
48
20
8
21
34
43
9
12
47
22
26
35
32
17
4
23
40
13
39
27
49
19
7
41
6
5
28
39
10
1
22
27
42
31
12
24
15
26
18
45
2
43
32
37
40
14
3
21
49
9
35
48
34
11
23
8
17
36
20
38
4
19
25
7
41
33
50
30
13
47
44
29
46
16
23
49
33
34
41
16
28
15
20
30
47
12
45
8
3
11
22
44
29
40
1
25
42
10
37
13
17
18
43
31
2
21
6
35
46
39
27
9
48
38
36
14
4
32
24
7
50
5
19
26
16
18
20
32
13
42
8
14
11
45
1
5
12
47
28
25
37
41
21
4
39
36
10
35
2
17
38
19
31
29
46
23
27
48
3
43
40
33
6
22
44
49
34
15
26
30
24
9
50
7
11
31
43
25
1
39
46
26
13
8
48
40
10
16
35
27
34
4
2
15
50
21
14
29
30
33
32
45
9
20
37
41
47
38
28
7
18
24
12
23
17
5
36
44
42
22
19
6
49
3
36
50
39
11
4
23
34
38
1
5
46
35
31
19
45
24
48
29
13
41
2
30
12
43
6
42
28
21
17
8
47
44
40
9
32
10
20
25
7
15
18
16
33
26
49
3
27
37
14
22
27
2
38
37
25
47
24
9
12
26
23
21
44
45
46
19
5
15
49
10
36
3
31
41
8
29
14
43
6
13
16
42
39
33
35
4
22
30
50
48
7
32
20
1
17
34
18
11
40
28
28
37
16
27
36
43
42
1
41
12
22
45
26
14
13
20
8
11
19
3
9
31
48
32
18
50
46
23
47
24
15
6
7
2
39
44
25
5
49
34
40
4
35
29
30
33
10
21
38
17
5
15
49
23
16
32
50
46
21
14
40
25
28
11
20
6
3
48
10
18
34
9
29
37
39
44
33
36
13
27
30
47
31
7
4
8
17
1
26
35
38
41
22
24
19
12
2
42
43
45
46
38
1
4
15
6
45
40
22
37
13
43
8
23
44
35
16
26
42
34
31
17
19
47
5
12
20
14
48
25
32
7
50
29
24
49
30
39
27
18
33
21
11
3
9
2
36
41
28
10
40
42
22
16
9
8
23
21
47
17
20
31
29
6
39
13
32
34
3
50
7
49
15
14
35
38
24
44
33
2
4
18
12
28
43
36
11
27
41
5
19
26
46
10
45
1
48
30
37
25
35
40
27
44
47
4
39
43
48
50
11
15
19
33
42
12
25
3
41
28
46
29
24
2
21
49
34
16
37
32
8
10
45
6
38
18
31
36
17
9
14
7
13
20
23
26
5
22
30
1
14
36
23
33
50
18
41
42
45
19
3
2
35
34
22
8
12
17
43
5
49
38
25
31
48
1
7
4
44
37
29
15
30
24
10
9
21
6
28
26
11
27
39
46
16
32
47
40
20
13
45
13
44
8
6
40
25
2
43
41
36
23
11
17
24
7
35
9
47
20
38
12
27
16
4
5
30
46
1
49
10
29
14
22
18
31
19
50
33
37
39
3
15
48
34
42
26
28
21
32
19
46
34
38
45
7
48
36
27
39
10
8
37
35
30
14
6
5
40
13
12
32
50
28
9
23
44
29
24
42
3
22
49
4
1
11
47
31
43
2
26
15
41
25
21
16
33
18
17
20
32
22
7
45
48
35
5
34
37
18
49
30
25
29
14
43
4
21
28
26
44
40
20
38
47
31
15
24
12
17
11
3
8
10
13
33
23
16
42
50
46
36
19
39
6
9
41
2
1
27
29
21
14
47
23
27
12
3
17
11
28
36
46
4
25
5
43
37
35
44
15
42
2
19
24
7
39
26
49
22
41
30
10
31
9
50
6
45
38
13
48
20
1
16
33
40
32
34
8
18
21
19
46
9
17
5
43
39
30
47
27
41
24
2
34
26
40
16
50
33
20
22
13
18
3
4
42
31
25
7
48
38
44
23
12
6
14
10
45
11
29
8
32
28
35
49
1
36
15
37
12
32
24
28
42
36
2
5
50
48
19
20
23
44
38
1
18
49
8
43
17
35
26
34
11
10
31
6
46
39
25
40
13
3
22
45
33
7
47
29
30
37
14
9
15
4
16
27
41
21
13
4
37
19
8
33
9
10
36
34
6
44
27
3
12
32
1
20
11
30
29
26
35
24
14
2
23
28
45
16
18
49
38
43
40
25
48
46
31
42
21
17
47
41
7
5
22
50
39
15
9
39
36
50
3
20
32
30
8
10
21
38
1
49
40
28
11
19
7
35
6
13
33
23
27
18
16
22
41
26
17
2
34
42
15
5
45
48
14
46
25
31
44
43
29
24
37
12
47
4
2
23
35
5
29
14
17
4
10
49
45
19
20
15
33
9
39
25
48
21
37
8
47
11
16
3
13
32
40
34
7
12
36
27
50
26
38
41
44
1
28
22
18
31
43
46
42
24
6
30
10
43
12
40
27
17
38
18
4
9
41
3
21
25
6
37
30
33
45
8
47
7
16
22
13
36
26
35
15
14
50
11
28
46
2
32
44
29
20
24
1
19
42
49
31
23
34
39
5
48
33
29
32
2
35
21
11
6
24
23
4
27
30
5
16
46
20
12
38
7
14
1
41
39
19
48
22
15
3
10
26
13
43
18
49
34
37
47
9
25
45
44
17
40
50
28
31
8
36
42
8
27
13
15
18
10
29
41
3
6
31
14
17
1
9
50
38
7
25
49
16
37
22
33
34
11
5
42
21
30
12
45
24
39
44
40
2
26
46
4
23
43
48
47
28
36
35
20
32
19
31
7
9
35
20
11
3
48
19
25
16
49
18
40
26
2
17
32
15
39
22
34
8
1
42
47
29
50
38
6
14
46
37
41
30
21
10
4
13
36
5
28
24
27
44
43
12
33
45
23
