30
6
40
5
24
28
27
22
39
38
47
17
7
2
19
10
9
50
49
23
32
48
18
15
1
14
11
43
42
33
37
16
20
21
34
29
41
3
4
45
8
35
26
36
12
31
13
25
46
44
39
3
5
13
2
17
1
19
28
20
7
16
50
12
27
15
44
14
22
4
24
46
29
48
45
8
18
6
41
47
40
35
32
26
37
42
36
43
34
30
9
10
31
23
25
21
11
49
33
38
11
41
50
26
27
22
15
49
2
1
24
10
39
37
31
38
19
8
12
9
18
33
23
30
40
32
47
13
28
4
6
48
35
45
25
46
5
14
36
44
16
42
7
21
20
17
43
3
34
29
22
28
4
38
32
26
16
12
40
43
18
42
6
46
5
19
29
47
31
14
41
10
11
44
50
35
37
34
27
1
21
24
9
15
49
20
13
48
23
33
2
30
25
7
36
8
45
17
3
39
37
8
6
48
11
4
14
47
31
3
35
29
5
32
2
34
28
17
16
46
33
43
25
49
26
20
41
30
39
50
22
9
23
44
7
27
24
12
19
36
13
1
21
42
10
45
15
38
18
40
18
17
2
24
46
19
44
41
25
21
11
47
3
31
42
29
39
6
36
16
26
28
14
40
33
38
49
27
10
45
34
50
5
20
35
1
9
32
30
8
37
13
23
4
43
48
7
15
22
12
47
45
19
9
12
24
6
33
41
16
34
1
40
7
29
17
31
23
44
42
30
50
32
36
20
27
25
18
14
15
3
5
2
11
26
8
49
22
10
21
43
39
28
38
4
37
46
48
13
35
43
9
26
1
28
38
31
13
35
7
14
6
42
30
49
36
21
16
39
24
23
41
4
46
17
15
50
5
45
44
47
37
19
34
11
48
3
8
22
40
12
2
29
18
32
20
25
10
27
33
26
14
7
29
21
11
47
35
16
31
2
18
32
48
15
20
36
24
9
27
3
6
46
17
22
34
19
38
5
40
39
8
33
13
45
28
1
23
44
10
42
12
37
50
41
25
30
43
4
49
7
25
21
36
15
20
42
50
33
24
8
37
48
28
32
44
10
22
34
38
46
4
39
13
29
40
27
3
30
18
31
19
1
49
16
17
43
26
5
12
35
47
9
6
11
41
23
14
2
45
15
1
29
14
19
49
36
11
43
5
30
26
16
22
48
46
7
40
17
6
10
27
24
45
44
21
31
37
23
12
20
28
3
4
42
13
32
34
8
39
50
18
41
33
2
38
9
35
25
47
24
48
10
3
31
13
20
23
34
36
15
7
43
41
17
37
26
25
30
11
21
18
6
50
38
33
40
2
19
28
49
39
46
32
29
16
8
44
35
27
22
45
5
12
47
14
4
1
42
9
34
16
31
41
43
44
10
45
38
32
5
39
22
21
20
40
47
27
33
12
4
23
28
9
46
2
36
49
18
37
24
26
42
19
48
35
7
17
1
6
15
25
8
30
3
11
14
13
29
50
42
10
17
12
38
3
40
44
32
29
26
33
49
9
47
30
23
36
4
22
13
15
21
25
43
46
2
7
11
19
27
31
16
5
6
41
39
37
48
28
20
50
45
14
1
35
8
18
24
34
50
47
25
31
30
15
17
37
14
2
33
28
34
42
41
21
49
38
24
48
19
5
1
26
10
43
8
9
20
46
45
32
18
40
27
12
35
13
29
16
39
7
6
11
22
44
3
4
23
36
48
20
9
42
5
1
35
16
6
44
17
46
4
13
50
23
24
18
15
25
27
11
49
3
12
30
43
22
36
41
33
34
21
37
14
2
29
28
40
32
47
38
10
45
8
19
39
7
26
31
36
24
8
20
7
34
49
6
46
40
39
23
33
38
11
1
14
13
26
2
42
19
44
41
32
45
12
10
35
48
9
25
4
16
5
30
22
18
15
43
3
29
27
17
37
50
21
47
31
28
3
35
30
43
14
46
18
28
26
19
9
13
38
39
7
47
27
1
20
31
45
24
40
42
23
41
21
8
16
36
44
4
25
22
17
33
50
15
11
2
6
34
49
37
48
29
10
32
12
5
41
26
48
15
34
50
30
17
44
33
37
19
9
10
23
11
13
31
27
47
25
45
43
7
36
6
4
39
32
35
28
1
29
14
21
3
12
42
2
20
49
40
22
8
5
18
38
46
16
24
38
11
41
30
22
45
7
32
23
42
25
48
2
15
21
13
20
10
18
29
43
39
9
8
28
26
3
1
34
14
35
33
49
50
31
37
46
40
16
47
24
5
12
19
27
4
17
44
36
6
25
33
42
21
39
30
13
20
29
46
10
50
47
36
1
32
37
35
14
17
5
7
45
4
41
16
15
12
2
3
43
27
11
48
19
23
38
49
24
31
34
9
40
22
18
6
28
26
44
8
33
44
20
7
40
37
4
24
11
27
29
32
13
26
43
3
50
2
23
1
35
16
36
12
47
28
9
17
22
38
42
14
41
25
8
19
34
21
39
49
45
48
30
5
46
15
6
31
10
18
49
34
18
46
26
2
21
31
48
13
42
9
36
50
4
39
33
28
5
32
8
44
30
20
25
29
45
11
7
23
19
17
22
1
41
47
15
38
37
14
27
6
3
35
16
10
12
24
40
43
17
12
15
10
49
47
37
25
19
28
32
4
35
18
30
48
42
41
6
44
11
20
5
27
7
22
1
33
50
43
13
36
26
8
23
24
16
29
21
3
31
46
2
34
38
39
40
45
9
14
1
30
3
6
44
39
33
29
18
9
50
11
14
24
10
16
46
42
37
45
28
2
38
5
31
25
48
20
8
21
36
43
15
12
47
22
26
35
32
17
4
23
34
13
40
27
49
19
7
41
6
5
28
39
1
25
22
27
42
37
12
24
15
20
8
45
2
30
32
36
40
14
3
21
34
9
35
48
26
31
23
49
50
10
33
38
4
19
18
7
41
17
43
46
13
47
44
29
11
16
23
49
33
22
41
16
28
15
20
30
36
12
45
8
18
31
11
44
29
40
1
25
34
6
37
48
17
47
43
7
2
21
27
35
46
39
42
9
3
38
10
14
4
32
24
13
50
5
19
26
4
18
11
32
13
42
8
14
17
45
41
34
12
27
28
25
1
20
21
5
39
36
10
35
2
37
38
19
31
29
46
23
48
47
3
43
40
33
6
22
44
49
16
15
26
30
24
9
50
7
14
31
43
25
33
5
46
26
13
8
48
40
10
16
35
27
34
4
2
15
50
21
37
29
30
39
32
45
9
20
1
41
47
38
28
7
18
24
12
23
17
11
36
44
42
22
19
6
49
3
16
50
39
11
4
23
34
38
1
47
46
35
31
19
45
24
48
29
13
41
2
30
12
43
6
42
28
21
17
8
5
44
40
9
32
10
20
25
7
15
18
36
33
26
49
3
27
37
14
22
27
2
38
37
25
29
19
9
12
26
23
21
44
45
36
49
5
43
41
10
22
3
31
47
8
24
14
40
6
13
16
42
39
33
15
4
28
30
50
48
7
32
20
1
17
34
18
11
35
46
28
37
16
27
36
43
26
1
10
12
22
45
41
14
13
42
8
11
19
3
9
31
48
32
18
50
46
23
47
24
15
6
7
2
39
44
25
5
49
34
40
4
35
29
30
33
20
21
38
17
5
15
49
23
16
32
45
8
21
22
40
25
28
11
46
6
3
48
10
37
34
9
2
18
39
44
33
36
13
27
30
47
31
7
4
14
17
20
26
35
38
41
50
24
19
12
29
42
43
1
46
38
1
4
45
6
50
40
22
15
13
43
8
23
44
35
16
26
42
34
31
47
19
37
5
12
20
14
48
25
32
7
17
29
24
49
30
39
27
18
33
21
11
3
9
2
36
41
28
10
40
42
22
16
9
8
23
21
47
17
20
31
29
6
39
4
32
34
3
50
7
49
15
14
35
13
24
44
33
2
38
18
12
28
43
36
11
27
41
5
19
26
46
10
45
1
48
30
37
25
35
40
27
44
47
41
39
43
7
50
1
15
19
33
37
12
25
3
46
28
48
29
42
2
21
49
34
16
4
32
8
10
45
6
38
18
31
36
17
9
14
24
13
20
23
26
5
22
30
11
44
36
23
33
50
18
41
42
45
35
3
2
17
34
22
8
12
46
43
19
49
38
16
31
48
1
7
4
37
5
29
15
30
24
10
9
21
6
28
26
11
27
39
25
14
32
47
40
20
13
45
13
44
8
6
40
25
2
5
41
43
22
11
17
24
7
35
9
47
20
38
12
27
16
4
23
30
46
1
49
10
29
14
39
18
31
19
50
33
37
36
3
15
48
34
42
26
28
21
32
19
46
34
49
10
7
48
36
27
39
45
8
37
35
3
14
18
5
40
13
12
32
50
28
9
4
44
29
24
42
25
22
6
30
1
11
47
31
43
41
26
15
38
2
21
16
33
23
17
20
32
22
47
45
48
35
5
34
37
18
49
30
25
29
14
43
4
21
28
26
44
40
20
38
16
31
10
24
12
17
11
3
8
36
13
15
23
7
42
50
46
33
19
39
6
9
41
2
1
27
29
21
14
47
23
27
12
3
49
11
28
36
46
4
25
5
43
37
35
18
15
42
17
19
24
7
39
26
44
22
41
30
10
31
9
50
6
45
38
13
48
20
1
16
33
40
32
34
8
2
21
19
46
18
17
9
43
7
30
4
27
41
24
47
34
26
40
39
50
33
20
22
13
10
3
5
42
31
25
16
48
38
44
23
12
6
14
2
45
11
29
8
32
28
35
49
1
36
15
37
12
32
24
28
42
36
2
5
50
48
19
20
23
44
38
18
15
49
8
43
17
35
26
34
11
10
6
25
46
39
4
40
13
3
22
45
33
1
47
29
30
37
14
9
31
7
16
27
41
21
13
4
37
19
8
33
9
10
36
34
6
44
27
3
12
2
45
32
1
30
29
26
35
24
14
17
23
28
49
11
18
20
38
43
40
25
48
46
31
42
21
16
47
41
7
5
22
50
39
15
9
39
36
50
3
48
32
30
8
10
21
38
1
49
40
28
22
19
7
35
6
13
33
23
27
18
16
41
15
26
17
2
34
42
20
5
45
11
14
46
25
31
44
43
29
24
37
12
47
4
2
23
35
17
29
14
24
4
15
49
38
5
20
43
33
9
41
45
48
21
37
8
47
11
19
3
13
32
40
34
7
12
36
27
50
26
44
10
25
1
28
22
18
31
39
46
42
16
6
30
10
43
12
40
37
31
38
18
4
14
44
3
21
25
6
41
30
33
45
8
47
17
7
22
13
36
26
35
29
9
50
11
28
46
2
32
27
16
20
24
1
19
42
49
15
23
34
39
5
48
20
29
45
2
35
21
11
46
24
23
4
27
30
5
16
33
6
12
38
7
14
1
41
39
49
19
22
15
3
10
26
13
43
18
36
34
37
47
9
25
32
44
17
40
50
28
31
8
48
42
8
27
13
34
18
10
29
39
3
6
31
14
26
1
9
50
38
7
25
49
16
37
22
33
15
11
5
42
21
30
12
45
24
17
44
40
2
41
46
4
23
43
48
47
28
36
35
20
32
19
31
7
32
35
20
12
3
48
9
25
16
49
18
40
26
22
17
15
11
39
36
34
8
1
42
47
29
50
38
6
14
46
37
41
30
21
10
4
13
19
5
28
24
27
44
43
2
33
45
23
