25
12
29
26
10
28
23
37
21
33
9
19
40
8
11
43
13
41
17
38
42
34
39
32
45
7
6
24
47
16
27
35
4
18
1
2
14
3
36
46
50
20
30
49
44
22
5
48
31
15
39
46
1
28
29
49
47
25
5
17
18
2
27
14
21
48
9
11
10
15
3
42
23
19
16
34
24
43
6
13
50
44
32
8
26
45
38
33
40
37
4
7
20
22
30
36
31
12
41
35
48
10
11
16
41
9
43
38
44
14
42
23
7
6
50
31
39
25
24
40
28
3
45
34
2
5
29
26
21
15
17
8
30
20
46
27
13
12
37
22
1
47
18
33
36
49
35
4
19
32
33
17
9
20
47
38
41
21
26
46
32
25
28
23
1
12
4
7
6
48
18
40
44
24
15
22
36
2
50
37
14
30
39
35
45
13
42
16
49
10
11
34
31
43
8
19
29
3
27
5
27
20
36
33
1
31
25
23
49
9
17
13
32
42
47
15
40
22
11
37
16
19
46
48
39
35
8
44
2
6
5
29
28
3
21
4
30
18
45
24
41
43
7
34
12
26
38
14
50
10
26
7
42
43
11
32
48
14
4
24
6
49
44
28
2
36
45
50
8
33
30
47
18
39
1
3
16
31
10
23
20
40
34
5
41
9
35
38
29
27
12
19
22
13
46
21
37
17
15
25
38
45
31
27
50
42
9
10
29
39
16
3
21
49
12
37
6
2
5
24
23
41
43
40
44
8
13
46
19
11
22
33
15
36
30
34
4
20
17
47
26
1
48
35
25
7
28
18
32
14
12
5
32
36
4
19
27
40
7
41
24
43
6
9
17
30
37
21
45
13
11
2
48
47
46
31
42
50
18
39
8
22
29
23
10
38
16
34
1
14
15
35
3
26
33
28
25
49
20
44
13
23
34
50
20
44
7
47
18
48
38
15
3
24
30
10
17
45
27
6
31
46
12
36
19
29
5
14
42
4
11
39
37
21
32
49
41
28
8
1
33
25
40
16
9
35
22
43
26
2
36
8
40
39
16
17
26
1
13
3
21
30
23
37
42
5
14
35
47
9
22
20
10
33
4
2
28
29
44
24
48
34
41
19
31
46
43
6
12
7
38
32
25
45
15
50
27
11
49
18
22
41
19
24
48
3
49
26
27
1
2
47
15
4
7
50
44
9
18
30
21
29
40
10
25
6
38
8
14
31
16
43
11
28
17
39
33
46
20
23
5
12
35
37
32
42
36
34
45
13
6
11
37
10
33
5
44
29
16
4
27
50
41
46
14
21
22
15
12
28
26
45
42
49
36
13
43
1
39
9
47
20
23
7
40
35
17
25
18
8
31
3
32
2
38
48
19
30
24
34
18
27
33
32
22
14
20
50
8
29
5
28
37
17
39
16
12
13
34
19
49
44
1
30
31
46
35
15
38
45
42
24
40
6
7
26
11
36
21
41
47
4
43
10
48
25
3
2
23
9
28
2
17
19
24
10
15
33
30
13
22
44
16
45
36
20
29
14
38
43
39
50
35
26
11
12
9
32
25
7
18
41
3
48
42
37
40
1
27
31
49
23
6
47
34
46
8
5
21
4
24
36
22
25
9
13
10
30
37
42
12
14
11
18
49
4
26
44
21
31
1
6
5
8
40
20
27
34
35
2
15
19
43
45
28
48
39
29
23
32
16
46
50
17
7
3
41
47
38
33
23
37
47
5
21
43
22
8
24
12
41
29
33
39
15
38
16
27
25
32
40
1
28
4
49
50
11
7
13
18
9
17
46
30
36
10
48
2
42
34
14
44
26
3
35
31
20
19
6
45
16
34
8
15
46
35
3
24
28
47
44
9
36
38
13
11
20
5
29
2
17
23
32
6
26
42
14
39
48
12
1
10
50
43
25
7
27
49
4
40
19
21
41
31
18
37
30
45
33
22
37
15
6
49
30
1
42
27
10
11
46
39
34
19
26
2
31
38
14
7
41
28
36
25
50
18
33
5
32
48
40
47
13
22
20
3
45
44
24
21
43
29
12
8
4
16
17
9
35
23
30
50
13
2
6
22
24
42
43
34
20
11
31
35
29
49
5
23
9
4
32
16
3
12
8
14
48
25
45
10
28
38
18
40
27
21
37
47
19
26
17
36
15
39
41
1
33
44
46
7
2
21
15
34
42
12
8
4
41
31
30
48
17
50
18
13
49
36
39
11
33
35
25
20
7
24
45
22
23
46
43
1
6
16
9
47
29
26
32
5
3
28
37
14
19
38
40
10
44
27
42
6
38
14
18
21
32
36
17
43
49
35
50
10
45
22
41
39
44
20
12
5
47
3
24
16
25
9
1
19
33
46
2
34
8
23
31
37
30
11
27
48
29
4
13
40
15
7
28
26
3
24
28
12
14
45
2
11
9
30
7
20
13
32
16
47
8
4
26
42
46
21
38
50
23
41
37
36
34
49
6
5
31
15
44
29
19
35
10
33
48
39
27
18
22
43
1
40
25
17
20
3
27
13
44
6
5
49
42
26
8
4
35
21
40
18
50
16
30
41
2
33
31
9
37
32
34
28
29
36
23
11
19
46
48
12
25
22
47
38
7
15
14
24
17
10
45
1
43
39
4
33
24
17
26
23
36
28
48
16
10
22
25
43
41
6
47
32
2
8
20
49
34
13
9
30
39
35
31
40
38
18
27
42
15
5
21
7
44
45
29
37
1
46
14
11
12
50
3
19
43
1
2
35
34
33
30
44
32
21
45
42
22
26
6
27
48
20
31
49
29
7
17
16
38
15
23
18
28
5
19
13
10
39
37
41
50
8
14
36
46
24
4
11
47
12
9
25
40
3
44
43
10
45
37
40
18
13
35
27
28
12
30
48
25
39
7
31
16
23
9
36
49
42
33
19
3
47
20
14
4
26
17
50
6
22
46
21
15
29
32
41
34
1
5
8
11
38
2
24
35
47
23
38
40
39
13
15
45
20
48
6
12
36
46
34
43
30
19
18
25
27
8
1
22
28
21
3
5
41
24
7
14
11
50
31
2
32
26
4
10
49
9
44
37
33
16
29
17
42
5
16
12
40
38
24
29
3
14
23
13
27
46
33
19
32
21
6
43
26
50
22
7
45
47
17
10
41
15
42
35
49
44
1
4
20
18
31
48
2
25
9
11
28
39
30
34
8
37
36
19
35
41
30
28
36
37
45
1
8
23
18
48
34
32
42
11
26
20
5
38
25
22
44
43
47
17
16
27
33
7
14
9
4
3
15
49
10
13
39
40
50
24
12
31
2
46
6
29
21
47
9
25
11
5
7
1
43
46
37
40
41
38
31
22
28
15
24
13
17
48
18
19
14
10
33
4
21
8
32
34
42
20
27
29
16
26
50
35
3
44
45
49
36
2
6
39
23
12
30
1
38
21
31
19
30
50
2
22
35
39
16
45
5
20
14
28
29
49
12
47
43
15
37
17
10
32
40
3
34
36
48
33
25
18
6
7
41
46
13
9
8
23
27
26
24
44
42
4
11
9
26
3
4
13
34
19
22
39
38
36
45
24
41
28
17
46
42
23
21
43
31
16
7
29
25
49
6
11
27
37
50
8
33
12
30
15
14
5
35
2
40
44
20
1
18
10
32
47
48
50
14
26
37
15
25
33
6
47
2
43
38
39
22
44
3
23
49
46
45
10
9
24
28
5
21
31
48
12
20
30
27
16
17
11
18
34
4
7
19
36
13
42
41
40
29
32
35
1
8
45
18
30
8
49
50
12
9
19
15
35
46
42
3
33
24
36
17
41
1
44
10
4
29
48
40
2
37
16
26
13
21
7
47
39
43
23
27
11
6
34
31
38
25
28
32
14
22
5
20
31
30
20
3
43
27
40
7
23
6
34
36
10
47
24
45
38
28
42
35
14
13
33
15
32
37
50
4
17
8
2
9
1
49
16
25
12
5
22
44
18
11
19
29
21
39
26
41
48
46
15
48
50
9
45
29
16
20
38
44
37
26
5
13
34
41
33
3
36
27
35
8
11
17
14
23
40
10
7
25
21
12
49
2
47
28
1
19
43
18
39
30
46
32
42
4
6
24
22
31
11
25
49
21
17
2
4
48
15
45
1
10
9
44
38
26
19
46
32
29
34
14
20
41
35
39
18
23
40
3
31
16
47
12
5
33
36
24
50
30
22
27
8
6
43
13
7
37
42
28
21
31
14
41
25
11
45
32
12
7
3
37
49
16
43
35
1
10
15
22
13
39
30
5
34
26
19
20
9
17
46
4
24
38
2
42
44
23
28
48
8
6
36
40
27
47
50
33
18
29
34
4
5
47
35
37
38
39
20
40
15
17
19
12
48
8
30
18
28
14
7
32
6
2
27
45
44
49
24
50
29
36
26
31
43
1
3
11
25
42
13
22
33
9
23
41
21
46
10
16
32
19
16
46
2
48
35
12
11
25
47
31
8
1
27
23
34
43
22
50
24
15
29
18
6
36
7
38
33
44
39
28
45
41
49
14
20
40
3
17
21
42
5
30
10
9
4
26
13
37
46
22
18
44
39
15
28
34
25
49
26
7
14
30
23
33
32
40
1
3
36
38
27
35
13
11
41
42
4
29
10
45
21
24
19
50
6
43
31
9
37
5
2
48
20
17
47
16
8
12
40
32
45
23
7
4
46
16
2
36
14
24
47
15
35
19
18
1
33
39
27
37
26
31
41
44
22
12
49
38
3
6
25
29
13
8
9
42
34
50
20
17
10
21
11
5
48
28
30
43
8
44
39
7
12
16
21
35
3
5
19
40
29
11
10
46
27
34
50
36
15
48
37
23
18
4
26
13
30
1
25
2
38
14
22
17
32
45
41
28
6
33
47
42
24
20
43
31
9
49
14
42
48
29
36
47
17
46
40
18
31
33
4
25
37
1
2
19
7
34
8
30
41
22
3
27
12
11
43
21
45
32
35
26
38
44
28
13
9
49
24
10
16
5
50
15
23
20
39
6
17
49
35
22
8
46
34
19
31
28
25
32
20
7
9
29
42
37
3
16
4
24
21
27
12
38
1
45
41
43
44
23
5
13
33
40
10
48
2
15
30
26
39
50
6
14
18
36
11
47
41
28
44
42
23
8
31
17
50
32
4
1
43
2
5
25
3
33
40
10
6
26
14
11
20
48
46
30
22
47
12
37
36
9
35
19
24
15
39
16
45
18
13
7
29
27
49
21
34
38
7
29
43
1
3
41
6
18
36
50
11
21
26
20
31
44
10
48
35
25
5
4
9
38
30
49
47
27
46
28
32
15
22
37
34
24
8
39
33
12
23
2
17
19
16
45
42
13
14
40
29
39
7
18
32
26
11
41
34
19
33
5
1
27
8
40
24
47
4
46
45
12
13
43
21
9
20
17
37
35
49
31
48
10
14
36
22
30
6
25
42
38
28
23
3
44
2
15
16
50
10
13
46
48
31
18
39
5
6
22
29
8
2
40
4
7
25
12
37
44
19
17
50
21
28
43
15
33
26
30
41
3
42
32
23
11
47
9
16
20
35
14
45
38
49
34
24
27
36
1
49
40
4
6
27
20
14
31
33
10
50
34
18
29
3
9
35
8
48
47
37
11
2
46
42
1
30
19
36
22
26
25
12
44
24
32
5
17
38
43
28
16
21
15
45
23
13
39
7
41
