43
12
29
16
10
28
9
37
21
33
18
19
40
8
32
23
13
15
26
38
42
34
39
17
45
7
6
24
47
25
27
35
4
11
1
2
14
3
36
46
50
20
30
49
44
22
5
48
31
41
39
46
1
2
29
49
12
25
5
17
47
40
43
14
21
48
9
23
10
15
3
42
11
19
16
34
24
26
6
13
50
44
32
8
28
45
38
33
27
37
4
7
20
22
30
36
31
18
41
35
26
10
11
31
41
2
43
38
44
14
42
23
7
6
50
5
39
25
24
40
28
3
45
34
32
16
29
9
35
15
17
8
30
20
46
27
13
12
37
22
1
47
18
33
36
48
49
4
19
21
48
17
18
20
47
38
41
21
26
46
9
25
28
23
1
12
4
7
6
45
31
40
44
24
29
22
36
2
50
37
14
30
39
35
15
13
42
16
49
10
11
34
32
43
8
19
33
3
27
5
27
20
49
33
37
31
25
23
1
9
17
13
32
42
47
15
40
22
11
7
39
19
46
48
14
35
8
44
2
16
5
29
28
3
4
21
30
18
45
24
41
43
36
34
12
26
38
6
50
10
20
7
10
43
11
32
48
35
4
24
6
49
44
28
2
36
45
50
8
33
30
47
18
39
1
3
16
31
26
23
42
40
34
5
14
9
41
38
29
27
12
19
22
13
46
21
37
17
15
25
38
45
31
32
50
42
24
10
18
39
16
3
27
49
12
21
6
2
5
37
23
41
29
40
44
8
13
43
19
11
22
33
15
36
30
34
4
20
17
47
26
1
48
35
25
7
28
9
46
14
12
5
32
36
4
19
27
40
7
41
24
43
6
9
17
30
37
21
45
13
11
2
48
47
46
31
42
50
18
39
8
22
29
23
10
38
16
34
1
14
15
35
3
26
33
28
25
49
20
44
13
23
34
41
19
44
7
47
50
48
38
4
3
20
30
10
17
45
27
6
18
46
12
36
24
29
5
14
42
49
11
39
37
21
32
15
31
28
8
1
33
25
40
16
9
35
22
43
26
2
36
16
40
39
25
8
45
1
13
3
21
30
23
37
42
19
14
35
17
9
22
20
10
33
4
26
28
29
44
24
48
34
41
2
31
46
43
6
12
7
38
32
47
5
15
50
27
11
49
18
22
9
19
24
48
3
49
26
27
1
2
47
15
4
7
50
44
36
18
30
21
29
40
10
25
6
38
8
14
31
16
43
11
28
17
39
33
46
20
23
5
12
35
37
32
42
41
34
45
13
6
11
37
48
33
5
44
29
16
4
32
50
41
46
14
43
22
10
12
28
26
39
42
27
36
13
15
1
21
9
47
20
23
7
40
35
17
25
18
8
31
3
49
2
38
45
19
30
24
34
18
27
33
42
22
14
20
50
8
29
5
28
37
17
39
16
12
13
34
19
49
31
23
32
30
46
7
15
38
45
35
24
40
6
47
26
11
36
21
41
44
4
43
10
48
25
3
2
1
9
28
2
17
19
24
10
15
33
30
13
22
44
38
45
36
20
29
14
25
43
16
50
35
26
11
12
9
32
27
7
18
41
3
48
42
37
40
1
39
31
49
23
6
47
34
46
8
5
21
4
24
36
22
25
9
13
10
30
37
42
12
14
11
18
49
4
20
26
21
31
1
44
5
8
40
2
27
34
39
38
15
19
43
45
41
48
6
29
23
28
16
46
50
17
7
3
35
47
32
33
23
37
47
5
21
43
22
8
24
12
41
29
33
39
15
38
16
27
36
32
40
1
28
4
49
25
11
7
13
18
9
17
46
30
50
10
48
2
42
34
14
44
26
3
35
31
20
19
6
45
16
34
8
15
46
1
3
24
28
47
44
9
36
38
13
11
35
5
29
2
17
23
32
49
26
42
14
6
48
12
40
10
50
43
25
7
27
39
4
20
19
21
41
31
18
37
30
45
33
22
37
40
6
7
30
17
42
27
10
11
46
39
34
19
26
2
31
38
49
48
41
28
36
25
50
18
21
33
32
47
1
15
13
22
20
3
45
44
24
9
43
5
12
8
4
16
29
14
35
23
30
50
13
21
6
35
46
42
43
34
20
2
31
24
29
22
5
11
9
4
32
45
3
12
8
14
48
25
33
10
28
38
18
40
27
49
37
47
19
26
17
36
15
39
41
1
44
16
23
7
2
21
36
34
42
12
8
4
41
31
30
48
17
50
18
13
25
44
39
11
33
35
15
20
7
24
45
22
23
46
43
1
6
16
9
47
29
26
32
5
3
28
37
14
19
49
40
10
38
27
42
6
38
14
18
21
32
36
17
43
49
35
50
10
22
46
41
39
44
20
25
16
47
31
15
5
3
12
1
19
33
45
2
34
8
23
24
37
30
11
27
48
29
4
13
40
9
7
28
26
3
24
28
26
14
45
2
12
9
30
7
11
13
32
16
49
8
4
47
42
46
21
38
50
23
41
37
36
34
29
6
5
31
15
44
20
19
35
10
33
48
39
27
18
22
43
1
40
25
17
40
3
27
13
1
6
5
49
42
26
4
8
35
21
31
18
50
16
30
41
2
33
25
9
37
32
34
28
29
36
23
11
19
46
48
12
20
22
47
38
7
15
14
24
17
10
45
44
43
39
4
15
24
17
26
23
36
28
48
16
10
22
25
43
40
6
47
32
2
8
20
49
34
13
9
30
33
35
31
42
38
18
27
41
21
5
39
7
44
45
29
37
1
46
14
11
12
50
3
19
9
1
2
35
34
33
30
44
32
21
45
42
22
26
23
27
48
20
31
49
29
7
43
16
38
15
39
5
28
6
19
13
10
18
37
41
50
8
14
36
46
24
4
11
47
12
17
25
40
3
44
43
46
45
16
40
18
13
35
27
28
12
30
48
25
39
7
31
3
23
10
36
49
42
33
19
47
37
20
14
4
26
17
50
6
22
9
21
15
29
32
41
34
1
5
8
11
38
2
24
35
47
23
12
40
39
13
15
25
20
48
6
21
36
46
34
11
30
50
18
45
27
8
1
22
28
43
3
5
41
24
7
14
19
26
31
2
32
38
4
10
49
9
44
37
33
16
29
17
42
5
41
12
40
38
24
29
3
14
23
13
27
46
33
19
32
21
6
43
26
50
22
7
35
47
17
10
42
15
48
20
49
44
1
45
4
18
31
16
2
25
9
11
28
39
30
34
8
37
36
19
35
41
30
28
36
37
45
49
8
23
18
48
34
11
42
26
9
20
5
38
6
27
44
43
47
17
16
22
33
7
14
25
4
3
32
21
10
13
39
40
50
24
12
31
2
46
1
29
15
47
13
25
22
5
7
1
43
46
15
40
41
9
11
44
37
49
24
38
17
48
18
19
14
10
33
4
21
8
32
34
42
20
27
29
16
26
50
35
3
28
45
31
36
2
6
39
23
12
30
1
38
21
49
44
30
50
2
22
35
39
16
45
5
20
14
28
29
19
12
47
43
31
37
17
10
32
40
3
34
36
48
33
25
18
6
7
41
46
13
9
8
23
27
26
24
15
42
4
11
33
26
3
4
13
34
19
22
6
38
36
45
24
29
28
17
46
42
23
21
43
25
16
7
31
9
49
41
11
27
37
50
8
39
12
30
15
14
5
35
2
40
44
20
1
18
10
32
47
48
50
14
26
37
15
25
33
6
47
2
43
38
39
22
45
3
23
49
46
24
12
9
1
28
5
21
31
48
10
20
30
27
16
17
11
18
34
4
7
19
36
13
42
41
40
29
32
35
44
8
45
18
30
8
49
50
47
9
19
37
35
15
12
3
33
24
36
17
41
1
44
10
4
29
48
40
2
46
16
26
13
21
7
42
39
43
23
27
11
6
34
31
38
25
28
32
14
22
5
20
31
30
20
38
43
27
40
7
23
6
34
36
10
47
24
45
32
28
42
35
14
13
33
15
3
37
50
4
17
8
2
9
1
49
16
25
12
5
22
44
18
11
19
29
21
39
26
41
48
46
15
48
50
9
45
29
16
20
38
44
37
26
5
13
34
41
33
3
14
27
35
8
17
11
28
23
40
10
25
2
21
12
49
47
7
36
1
19
43
18
39
30
46
32
42
4
6
24
22
31
11
25
42
3
17
9
4
48
15
45
1
10
2
44
38
26
19
46
32
29
34
14
20
41
35
49
18
23
40
21
31
16
47
12
5
33
36
24
50
30
22
27
8
6
43
13
7
37
39
28
21
31
14
10
27
11
26
32
12
7
3
37
49
16
43
35
1
41
15
22
13
30
24
5
34
39
19
20
9
17
46
4
36
38
2
42
44
23
28
48
8
6
25
40
45
47
50
33
18
29
34
4
5
47
35
37
38
39
20
40
15
17
19
12
48
8
30
18
28
14
7
32
6
2
27
45
44
49
24
50
29
36
26
31
43
1
3
11
25
42
13
22
33
9
23
41
21
46
10
16
32
19
16
46
20
48
35
14
11
25
27
31
8
1
41
7
34
43
22
50
24
15
2
18
6
36
23
38
12
44
39
28
45
33
49
29
47
40
3
17
21
42
5
30
10
9
4
26
13
37
25
42
9
44
39
15
23
34
45
49
26
7
14
30
6
33
18
40
1
16
36
38
22
3
13
11
41
27
4
5
10
46
21
24
19
50
35
43
31
32
37
29
2
48
20
17
47
28
8
12
46
32
45
23
7
4
28
16
2
36
14
24
47
15
35
31
38
1
33
39
27
37
26
21
41
44
22
18
49
40
3
6
9
29
13
8
25
42
34
50
20
17
10
19
11
5
48
12
30
43
8
44
39
50
12
16
21
11
3
5
19
46
29
35
10
28
27
34
13
36
15
48
37
23
18
4
26
47
30
1
25
2
38
14
22
17
32
45
41
40
6
33
7
42
24
20
43
31
9
49
14
22
48
29
36
47
17
46
40
18
31
33
4
25
37
1
2
19
7
34
8
5
41
30
39
27
12
11
43
3
45
32
35
26
38
44
28
13
9
49
24
10
16
21
50
15
23
20
42
6
17
49
35
27
8
46
34
19
31
28
25
32
20
7
9
29
42
37
16
3
4
24
21
22
12
38
1
45
41
43
44
23
5
13
33
40
10
48
2
15
30
26
39
50
6
14
18
36
11
47
41
28
44
11
23
22
31
17
39
32
8
1
42
2
5
25
3
33
40
10
6
26
14
43
20
50
46
30
45
4
12
37
24
9
35
19
49
15
48
16
47
18
13
7
29
27
36
21
34
38
7
29
43
1
3
41
6
18
36
50
11
21
26
31
27
44
10
48
35
25
5
4
9
38
19
20
30
39
46
28
32
47
22
37
34
24
8
49
33
12
45
2
17
15
16
23
42
13
14
40
29
39
7
18
32
26
11
41
34
19
33
5
1
27
8
40
24
47
4
46
9
12
13
45
21
43
20
17
37
35
49
31
48
10
36
14
22
30
6
25
42
38
28
23
3
44
2
15
16
50
10
8
15
28
31
18
39
5
33
22
29
20
16
40
4
47
43
12
37
44
19
17
50
6
2
48
25
13
7
30
41
3
42
32
23
11
46
9
26
21
35
14
45
38
49
34
24
27
36
1
49
33
4
6
2
20
14
31
29
10
50
34
18
41
3
9
15
8
48
47
37
11
30
46
42
1
35
19
36
22
26
25
12
44
24
28
5
17
40
43
23
16
21
45
27
38
13
39
7
32
