25
12
29
16
10
28
23
37
21
33
32
19
40
8
41
43
13
44
17
38
42
34
39
18
45
7
6
24
47
9
27
35
4
11
1
2
14
3
36
46
50
20
30
49
26
22
5
48
31
15
39
46
1
28
29
49
27
25
18
17
47
11
42
14
21
48
9
23
10
15
3
5
2
19
16
34
24
43
6
13
50
44
32
8
26
45
38
33
40
37
4
7
20
22
30
36
31
12
41
35
49
10
11
5
41
2
43
38
44
7
42
23
35
6
50
31
39
26
24
40
28
3
45
34
32
16
29
9
25
15
17
8
30
20
46
27
13
12
37
22
1
47
18
33
36
48
14
4
19
21
48
17
15
20
47
38
41
21
26
46
18
25
28
23
1
12
4
7
13
45
33
40
44
24
31
22
36
2
50
37
14
30
39
35
32
9
42
16
49
10
11
34
6
43
8
19
29
3
27
5
27
1
4
33
44
31
25
23
49
9
17
47
32
42
39
15
40
22
11
20
16
19
46
48
14
35
8
37
2
6
5
29
28
3
21
13
30
18
45
24
41
43
36
34
12
26
38
7
50
10
47
7
9
43
11
32
48
35
4
14
6
49
44
28
2
36
45
50
8
33
30
31
18
39
1
3
16
26
10
23
40
20
34
5
42
29
24
38
17
27
12
19
22
13
46
21
37
41
15
25
38
45
31
21
50
42
46
10
39
24
16
3
9
49
12
37
6
2
5
17
23
41
43
40
29
8
13
44
19
11
22
33
15
36
30
34
4
20
27
47
26
1
48
35
25
7
28
18
32
14
12
5
32
36
4
19
26
40
7
41
24
43
6
9
17
30
37
21
45
13
11
2
27
47
46
31
42
50
18
39
8
22
29
23
10
38
16
34
1
14
15
35
3
48
33
28
25
49
20
44
13
23
34
22
20
44
7
47
50
48
38
15
3
24
30
10
17
45
27
6
31
46
12
36
19
29
25
14
42
41
18
39
37
21
4
32
11
28
8
1
33
5
40
16
9
49
35
43
26
2
36
8
40
39
16
17
47
1
13
3
21
30
23
37
45
5
14
35
25
9
22
20
10
33
4
2
28
29
44
24
48
34
41
19
31
46
43
6
12
7
38
32
42
26
15
50
27
11
49
18
22
41
19
24
48
3
49
26
27
1
36
2
15
4
7
50
44
9
18
47
21
29
40
10
25
6
38
8
14
31
16
43
11
28
17
39
33
46
20
23
5
12
35
37
32
42
30
34
45
13
6
11
37
27
33
5
44
29
16
4
8
50
41
46
14
49
22
15
12
28
26
45
42
17
36
13
43
1
39
21
47
48
23
7
40
35
20
25
18
9
31
3
32
2
38
10
19
30
24
34
18
27
33
31
22
14
20
50
8
29
5
28
37
17
6
16
12
13
34
19
49
47
30
32
44
46
35
15
38
45
11
24
40
42
7
26
39
36
21
41
23
4
43
10
48
25
3
2
1
9
28
2
17
19
24
10
15
33
30
13
22
44
38
45
36
20
29
14
6
43
18
50
35
26
11
39
9
32
27
7
42
41
3
48
12
37
40
1
16
31
49
23
25
47
34
46
8
5
21
4
24
36
22
25
9
13
10
30
37
42
12
14
11
18
49
4
26
41
21
31
1
39
5
8
40
20
27
34
35
2
15
19
43
45
28
48
6
29
23
32
16
46
50
17
7
3
44
47
38
33
46
37
47
38
21
43
22
8
24
12
41
29
33
39
15
23
16
27
3
32
40
1
28
4
49
50
11
7
13
18
9
17
25
30
36
10
48
2
42
34
14
44
26
5
35
31
20
19
6
45
16
34
8
15
46
1
3
24
28
47
44
9
36
38
13
11
35
5
29
2
17
23
32
6
26
42
14
39
48
12
20
10
50
43
25
7
27
30
4
40
19
21
41
31
18
37
49
45
33
22
37
15
6
49
30
48
42
27
10
11
46
39
34
19
26
2
31
38
14
7
41
28
36
25
50
18
47
33
32
4
1
40
13
22
20
3
45
44
24
21
43
29
12
8
5
16
9
17
35
23
30
50
13
12
6
35
24
42
43
34
2
46
31
11
29
21
5
33
9
4
32
44
3
49
8
14
48
25
45
10
28
38
18
40
27
20
37
47
19
26
17
36
15
39
41
1
22
16
23
7
33
21
27
34
42
12
8
4
41
31
30
48
7
50
18
13
49
25
39
11
36
35
15
20
2
24
45
22
23
46
43
1
6
16
9
47
17
26
32
5
3
28
37
14
19
38
40
10
44
29
42
6
38
14
18
21
32
36
17
43
49
35
50
10
11
22
41
39
44
3
25
16
47
31
15
5
7
12
1
19
33
46
2
34
8
23
9
37
30
20
27
48
29
4
13
40
45
24
28
26
3
24
28
50
14
45
2
11
9
30
7
20
13
32
16
46
8
4
26
42
12
21
38
27
23
41
37
36
34
29
6
5
31
15
44
49
19
35
10
33
48
39
47
18
22
43
1
40
25
17
20
3
45
13
1
6
5
49
42
26
27
4
8
21
40
18
50
16
30
41
2
33
25
9
37
32
34
28
29
36
23
11
19
46
48
12
31
22
47
38
7
15
14
24
17
35
10
44
43
39
4
33
24
17
26
23
36
28
48
16
10
22
25
43
42
6
47
32
2
8
20
49
21
13
9
30
15
35
31
40
38
18
27
39
34
5
41
7
44
45
29
37
1
46
14
11
12
50
3
19
43
39
2
35
34
33
30
44
32
21
45
1
22
26
23
27
48
20
31
49
29
7
9
16
38
15
5
18
28
42
19
13
10
6
37
41
50
8
14
36
46
24
4
11
47
12
17
25
40
3
44
43
10
45
37
40
18
13
5
27
28
12
30
48
25
39
7
31
16
23
9
36
49
42
33
19
3
47
20
14
35
26
17
50
6
22
46
21
15
29
32
41
34
1
4
8
11
38
2
24
35
47
23
11
40
39
13
15
25
20
48
6
12
36
46
34
43
30
19
18
45
27
8
1
22
28
21
3
5
38
24
7
14
41
50
31
2
32
26
4
10
49
9
44
37
33
16
29
17
42
5
16
12
40
38
24
45
3
14
23
13
27
46
33
19
32
20
6
43
26
50
22
7
35
47
17
10
42
15
48
4
49
44
1
41
21
18
31
29
2
25
9
11
28
39
30
34
8
37
36
19
35
41
30
28
22
37
45
6
8
23
18
48
34
27
42
21
36
20
5
38
25
11
44
43
47
17
16
26
33
7
14
9
4
3
15
49
10
13
39
40
50
24
12
31
2
46
1
29
32
9
13
25
10
5
7
1
43
46
15
40
41
17
31
22
47
11
24
38
37
48
18
19
14
28
33
4
21
8
32
34
42
20
27
29
16
26
50
35
3
44
45
49
36
2
6
39
23
12
30
1
38
21
48
19
30
50
2
22
35
39
16
45
5
20
14
28
29
49
12
47
43
31
37
17
10
32
40
3
34
36
15
33
25
18
6
7
41
46
13
9
8
23
27
44
24
26
42
4
11
31
26
3
4
13
34
19
22
12
38
9
45
24
29
28
17
46
42
23
21
43
6
16
7
10
25
49
41
11
27
37
50
8
33
14
30
15
39
5
35
2
40
44
20
1
18
36
32
47
48
50
14
26
37
15
25
33
6
47
2
43
38
39
22
44
3
23
49
46
24
10
9
1
28
5
21
31
48
12
20
30
45
16
17
11
18
34
4
7
19
36
13
27
41
40
29
32
35
42
8
45
18
30
8
49
50
12
9
19
37
35
42
21
3
33
24
36
17
41
1
44
10
4
29
48
40
2
46
16
26
13
47
7
14
39
43
23
27
11
6
34
31
38
25
28
32
15
22
5
20
26
30
20
32
43
27
40
7
23
6
34
36
10
47
24
45
38
28
42
35
14
13
33
15
3
37
50
4
17
8
2
9
1
49
16
25
12
5
22
44
18
11
19
29
21
39
41
31
48
46
15
48
50
9
45
29
16
20
38
44
37
26
5
13
34
41
33
3
36
27
35
8
17
11
24
23
40
10
7
25
21
12
49
2
47
28
1
19
43
18
39
30
46
32
42
4
6
14
22
31
11
25
42
41
17
9
4
48
15
45
1
10
2
44
38
26
19
46
32
29
34
14
20
21
35
49
18
23
40
3
31
16
47
12
5
33
36
24
50
30
22
27
8
6
43
13
7
37
39
28
21
31
14
26
25
11
29
32
45
39
3
37
49
16
43
35
1
10
15
22
13
30
24
5
34
12
19
20
9
17
46
4
36
38
2
42
44
23
28
48
8
6
7
40
27
47
50
33
18
41
34
4
5
47
35
37
38
39
20
40
15
17
19
12
48
8
30
18
28
14
7
32
6
2
27
45
44
49
24
50
29
36
26
31
43
1
3
11
25
42
13
22
33
9
23
41
21
46
10
16
32
19
16
46
2
8
35
12
11
25
20
31
27
1
47
7
34
43
22
50
24
15
48
41
6
36
23
38
33
44
39
28
45
18
49
14
29
40
3
17
21
42
5
30
10
9
4
26
13
37
23
42
36
44
39
15
9
34
29
49
26
7
14
30
32
33
18
40
1
48
46
38
22
45
13
11
41
5
4
16
10
27
21
24
19
50
35
43
31
28
37
25
2
3
20
17
47
6
8
12
40
32
18
23
7
4
28
16
2
36
14
24
47
15
35
19
25
1
33
39
27
37
26
12
41
44
22
31
49
30
3
6
38
29
13
8
21
42
34
50
20
17
10
45
11
5
48
9
46
43
8
44
39
7
12
16
21
14
3
5
19
40
29
35
10
38
27
34
50
36
15
48
37
23
18
4
26
13
30
1
25
2
46
47
22
17
32
45
41
11
6
33
31
42
24
20
43
28
9
49
14
22
48
29
36
47
17
46
40
18
31
33
4
25
37
1
2
19
7
34
8
42
41
3
39
27
12
11
43
5
45
32
35
26
38
44
28
13
9
49
24
10
16
21
50
15
23
20
30
6
17
49
35
3
8
46
34
19
31
28
25
32
20
7
9
29
42
37
47
16
4
24
23
22
12
38
1
45
41
43
44
21
5
13
33
40
10
48
2
15
30
26
39
50
6
14
18
36
11
27
41
28
44
42
23
36
31
17
1
32
4
8
43
2
5
25
3
11
40
10
6
26
14
50
20
48
46
30
22
49
12
37
24
9
35
19
47
15
39
16
45
18
13
7
29
27
33
21
34
38
7
29
43
1
3
41
6
18
36
50
11
21
26
20
31
44
10
48
35
25
5
4
34
38
30
9
39
27
46
28
32
23
22
37
15
24
8
49
33
12
47
2
17
19
16
45
42
13
14
40
29
9
7
18
32
26
11
41
34
19
33
5
1
27
8
40
24
47
4
46
39
12
13
30
21
43
20
17
37
35
49
31
48
10
45
36
22
14
6
25
42
38
28
23
3
44
2
15
16
50
10
20
46
2
31
18
39
5
33
22
29
13
16
40
4
28
15
12
37
44
19
17
50
43
7
26
30
6
21
47
41
3
42
32
23
11
25
9
48
8
35
14
45
38
49
34
24
27
36
1
2
40
49
6
27
20
14
31
35
10
50
34
18
41
3
9
32
8
48
30
37
11
29
46
42
1
33
19
36
22
26
25
12
44
24
4
5
17
38
43
28
16
21
15
45
23
13
39
7
47
