43
12
29
16
10
28
9
37
21
33
18
19
40
8
11
23
13
44
26
38
42
34
39
17
32
7
6
24
47
25
27
35
4
41
1
2
14
3
36
46
50
20
30
49
45
22
5
48
31
15
39
46
1
2
29
49
23
25
5
17
27
11
28
14
21
48
9
26
10
15
3
47
43
19
16
34
24
12
6
13
50
44
32
8
42
45
38
33
40
37
4
7
20
22
30
36
31
18
41
35
49
10
11
32
41
35
43
38
44
7
42
23
16
6
50
5
39
9
24
40
28
3
45
34
2
31
29
26
25
15
17
8
30
20
46
27
13
12
37
22
1
47
18
33
36
48
14
4
19
21
9
17
18
20
47
38
41
21
26
46
13
25
35
23
1
12
4
7
6
48
33
40
44
24
15
22
36
2
50
37
14
30
39
11
32
28
42
16
49
10
45
34
31
43
8
19
29
3
27
5
27
16
4
33
44
31
25
23
6
9
17
47
32
42
12
15
40
22
11
20
39
19
46
48
14
35
8
37
2
21
5
29
28
3
7
13
30
18
45
24
41
43
36
34
26
49
38
1
50
10
47
7
42
43
11
32
48
35
4
24
6
49
44
28
2
36
45
50
8
33
30
31
18
39
1
3
16
41
10
23
20
40
34
5
26
9
29
38
17
27
12
19
22
13
46
21
37
14
15
25
38
45
31
21
50
42
12
10
18
37
16
3
43
49
32
46
6
2
5
24
23
41
17
40
29
8
13
44
19
11
22
33
15
36
30
34
4
20
27
47
26
1
48
35
25
7
28
39
9
14
12
5
32
36
4
19
27
40
7
41
24
43
6
9
17
30
37
21
45
13
11
2
31
47
46
48
42
50
18
39
8
22
29
23
10
38
16
34
1
14
15
35
3
26
33
28
25
49
20
44
13
23
34
22
20
44
7
47
50
48
38
15
3
41
30
10
17
45
27
6
31
46
12
36
19
29
5
14
42
49
18
39
37
21
4
32
24
28
8
1
11
25
40
16
9
35
33
43
26
2
36
8
40
39
16
17
26
1
13
3
21
30
23
37
45
42
14
35
19
9
22
20
10
33
4
5
28
29
44
24
48
34
41
47
31
46
43
6
12
7
38
32
25
15
2
50
27
11
49
18
22
41
19
24
48
3
49
26
27
1
36
2
15
4
7
50
44
30
18
47
21
29
40
10
25
6
38
8
14
31
16
43
11
28
17
39
33
46
20
23
5
12
35
37
32
42
9
34
45
13
6
11
37
10
33
5
44
29
16
4
8
50
41
46
14
43
22
15
12
28
9
45
42
49
36
13
21
1
27
48
47
20
23
7
40
35
17
25
18
39
31
3
32
2
38
26
19
30
24
34
18
27
33
7
22
14
20
50
8
29
5
28
37
17
42
16
12
13
34
19
49
39
30
32
31
46
35
15
38
45
1
24
40
6
47
26
11
36
21
41
44
4
43
10
48
25
3
2
23
9
28
2
17
19
24
10
15
33
30
13
22
44
27
45
36
20
29
14
25
43
18
50
35
26
11
16
9
32
39
7
42
41
3
48
12
37
40
1
38
31
49
23
6
47
34
46
8
5
21
4
24
36
22
25
9
13
10
30
37
42
12
14
11
18
49
4
26
41
21
31
1
38
5
8
40
39
27
34
35
2
15
19
43
45
28
48
6
29
23
20
16
46
50
17
7
3
44
47
32
33
48
37
47
3
21
43
22
8
24
12
41
29
33
39
15
38
16
27
36
32
40
1
28
4
49
23
11
7
13
18
9
17
46
30
50
10
25
2
42
34
14
44
26
5
35
31
20
19
6
45
16
34
8
15
46
1
3
24
28
47
44
9
36
38
13
11
20
5
29
2
17
23
32
31
26
42
14
39
48
12
35
10
50
43
25
7
27
49
4
40
19
21
41
6
18
37
30
45
33
22
37
1
6
5
30
48
42
27
10
11
46
39
34
19
26
2
31
38
14
7
41
28
36
25
50
18
15
33
32
9
40
47
13
22
20
3
45
44
24
21
43
29
12
8
4
16
49
17
35
23
30
50
13
11
6
22
46
42
43
34
2
20
31
24
29
21
5
33
9
4
32
44
3
12
8
14
48
25
45
10
28
38
18
40
27
49
37
47
19
26
17
36
15
39
41
23
35
16
1
7
33
21
15
34
42
12
8
4
41
31
30
48
17
50
18
13
38
25
39
11
36
35
27
20
7
24
45
22
23
46
43
1
6
16
9
47
49
26
32
5
3
28
37
14
19
2
40
10
44
29
42
6
38
14
18
21
32
36
17
43
49
35
50
10
31
28
41
39
44
45
16
7
47
3
24
20
25
5
1
19
33
15
2
34
8
23
9
37
30
11
27
48
29
4
13
40
22
12
46
26
3
24
28
12
14
45
2
11
9
30
7
46
13
32
16
49
8
4
47
42
26
21
38
50
23
41
37
36
34
29
6
5
31
15
44
20
19
35
10
33
48
39
27
18
22
43
1
40
25
17
20
3
27
13
1
6
5
49
42
26
31
4
8
21
40
18
50
16
30
41
2
33
25
9
37
32
34
28
29
36
23
11
19
46
48
12
35
22
47
38
7
15
14
24
17
45
10
44
43
39
4
40
24
17
26
23
36
28
48
16
10
22
25
43
41
6
47
32
2
8
20
49
34
13
9
30
39
35
31
42
38
18
27
33
15
5
21
7
44
45
29
37
1
46
14
11
12
50
3
19
23
9
2
35
34
33
30
44
32
21
45
42
22
26
39
27
48
20
31
49
29
6
1
16
38
15
7
43
28
5
19
13
10
18
37
41
50
8
14
36
46
24
4
11
47
12
17
25
40
3
44
43
10
45
37
40
18
13
35
27
28
12
30
48
25
39
7
31
16
23
46
36
49
42
33
19
3
9
20
14
4
26
17
50
6
22
47
21
15
29
32
41
34
1
5
8
11
38
2
24
35
47
45
41
40
39
13
15
12
20
48
6
38
36
46
34
11
23
50
18
25
27
8
1
22
28
43
3
5
30
24
7
14
19
21
31
2
32
26
4
10
49
9
44
37
33
16
29
17
42
5
20
12
40
38
24
29
3
14
23
4
27
46
33
19
32
35
6
43
26
50
22
7
41
47
17
10
42
15
16
13
49
44
1
45
21
18
31
48
2
25
9
11
28
39
30
34
8
37
36
19
35
41
30
28
2
37
45
49
8
23
18
48
34
6
22
21
36
20
5
38
42
11
44
43
47
17
16
26
33
7
14
25
4
3
15
39
10
13
32
40
50
24
12
31
1
46
9
29
27
2
13
25
28
5
7
1
43
46
15
40
41
9
31
22
37
10
24
38
17
48
18
19
14
44
33
4
21
8
32
34
42
20
27
29
16
26
50
35
3
47
45
49
36
11
6
39
23
12
30
1
38
21
31
19
30
50
2
22
35
39
16
45
5
20
14
28
29
49
12
47
43
15
37
17
10
32
40
3
34
36
48
33
25
18
6
7
41
46
13
9
8
23
27
44
24
26
42
4
11
31
26
3
4
13
34
19
22
33
38
9
45
24
29
28
17
46
42
23
21
12
25
16
7
10
43
49
6
11
27
37
50
8
39
41
30
15
14
5
35
2
40
44
20
1
18
36
32
47
48
50
14
26
37
15
25
33
6
47
2
43
38
39
22
44
3
23
49
46
1
10
9
24
27
5
21
31
48
12
20
30
45
16
17
11
18
34
4
7
19
36
13
42
41
40
29
32
35
28
8
45
18
30
8
49
50
47
9
19
14
35
1
12
3
33
24
36
17
41
37
44
10
4
29
48
40
2
13
16
26
21
46
7
42
39
43
23
27
11
6
34
31
38
25
28
32
15
22
5
20
26
30
20
38
43
27
40
7
23
6
34
36
10
47
24
45
32
28
42
35
14
13
33
15
3
37
50
4
17
8
2
9
1
49
16
25
12
5
22
44
18
11
19
29
21
39
41
31
48
46
15
48
50
9
45
29
16
20
38
44
37
26
5
13
34
41
33
3
17
27
35
8
23
21
28
25
40
10
7
47
11
12
49
2
14
36
1
19
43
18
39
30
46
32
42
4
6
24
22
31
11
25
49
42
17
9
4
48
15
45
1
10
21
44
38
26
19
46
32
29
34
14
20
6
35
2
18
23
40
41
31
16
47
12
5
33
36
24
50
30
22
27
8
3
43
13
7
37
39
28
21
31
14
26
25
11
24
32
45
39
3
37
49
16
43
35
1
10
15
22
13
30
29
5
34
12
19
20
9
17
46
4
36
38
2
42
44
23
28
48
8
6
7
40
27
47
50
33
18
41
34
4
5
47
35
37
38
39
20
40
15
17
19
12
48
8
30
18
28
14
7
32
6
2
27
45
44
49
24
50
29
36
26
31
43
1
3
11
25
42
13
22
33
9
23
41
21
46
10
16
32
19
16
46
2
8
35
12
11
25
20
31
7
1
27
47
34
43
22
50
24
15
48
18
6
36
23
38
33
44
39
28
45
14
49
29
41
40
3
17
21
42
5
30
10
9
4
26
13
37
25
42
36
44
39
15
28
34
29
49
26
7
14
30
23
33
18
40
1
3
45
16
22
35
13
11
41
27
4
38
10
32
21
24
19
50
46
43
31
9
37
5
2
48
20
17
47
6
8
12
46
32
9
23
7
4
45
16
2
36
14
24
47
15
35
19
25
1
33
39
27
37
26
11
41
44
22
18
49
40
3
6
38
29
13
8
31
42
34
50
20
17
10
21
12
5
48
28
30
43
8
44
39
50
12
16
21
14
3
5
19
40
29
11
10
31
27
34
13
36
15
48
37
23
18
4
26
46
30
1
25
2
9
35
22
17
32
45
41
28
6
33
47
42
24
20
43
7
38
49
14
22
48
29
36
47
17
46
40
18
32
33
4
25
37
1
2
19
7
34
8
5
41
30
39
27
12
11
43
3
45
21
35
26
38
44
28
13
9
49
24
10
16
31
50
15
23
20
42
6
17
49
35
27
8
46
34
19
31
28
25
32
20
7
9
29
42
37
3
16
4
24
21
22
12
38
1
45
41
43
44
23
5
13
33
40
10
48
2
15
30
26
39
50
6
14
18
36
11
47
41
28
44
49
23
36
31
17
1
32
47
8
42
2
5
25
3
11
40
10
6
26
14
43
20
50
46
30
22
4
12
37
24
9
35
19
48
15
39
16
33
18
13
7
29
27
45
21
34
38
7
29
43
1
3
41
6
18
36
50
11
21
26
20
47
44
15
48
35
25
5
4
9
38
45
49
30
31
46
28
32
27
22
37
34
24
8
39
33
12
23
2
17
19
16
10
42
13
14
40
29
39
7
18
32
26
11
41
34
19
33
5
1
27
8
40
24
47
4
46
43
12
13
45
21
9
20
17
37
35
49
31
48
10
36
14
22
30
6
25
42
38
28
23
3
44
2
15
16
50
10
15
46
48
31
18
39
5
25
22
29
13
2
40
4
7
43
12
37
44
19
17
50
28
30
26
33
47
21
6
41
3
42
32
23
11
20
9
16
8
35
14
45
38
49
34
24
27
36
1
40
33
23
6
27
20
14
31
39
10
50
34
18
35
3
9
49
8
48
30
37
11
2
46
42
1
47
19
36
22
26
25
12
44
24
4
5
17
29
43
28
16
21
45
15
38
13
41
7
32
