25
12
29
16
10
28
23
37
21
33
32
19
40
8
41
43
13
15
26
38
42
34
39
17
45
7
6
24
47
9
27
35
4
11
1
2
14
3
36
46
50
20
30
49
44
22
5
48
31
18
39
46
1
2
29
49
28
25
27
17
18
42
43
14
21
48
9
23
10
15
3
47
11
19
16
34
24
5
6
13
50
44
32
8
26
45
38
33
40
37
4
7
20
22
30
36
31
12
41
35
21
10
11
48
41
9
43
38
44
7
42
23
16
6
50
31
39
25
24
40
28
3
45
34
49
5
29
26
14
15
17
8
30
20
46
27
13
12
37
22
1
47
18
33
36
2
35
4
19
32
48
17
18
20
47
38
41
21
26
46
13
25
28
23
1
12
4
7
6
45
33
40
44
24
32
22
36
2
50
37
14
30
39
35
15
9
42
16
49
10
11
34
31
43
8
19
29
3
27
5
27
1
49
33
37
31
25
23
6
9
17
47
32
42
39
15
40
22
11
20
16
19
46
48
7
35
8
44
2
4
5
29
28
3
21
13
30
18
45
24
41
43
36
34
12
26
38
14
50
10
26
7
42
43
11
32
48
29
4
24
6
49
44
28
2
36
45
50
8
33
30
31
18
39
1
3
16
41
10
23
35
40
9
5
47
14
20
38
34
27
12
19
22
13
46
21
37
17
15
25
38
45
31
12
50
42
46
10
18
37
16
3
9
49
40
21
6
2
5
17
23
41
29
32
24
8
13
43
19
11
22
33
15
36
30
34
4
20
27
47
26
1
48
35
25
7
28
39
44
14
12
5
32
36
4
19
27
40
7
41
24
43
6
9
17
30
37
21
45
13
11
2
1
47
46
31
42
50
22
39
8
48
18
23
10
38
16
34
29
14
15
35
3
26
33
28
25
49
20
44
13
23
34
32
19
44
7
47
50
48
38
15
3
25
30
10
17
45
27
6
18
46
12
36
31
29
5
14
42
41
20
39
37
21
4
49
24
28
8
1
33
11
40
16
9
35
22
43
26
2
36
8
40
39
25
17
26
1
13
3
21
30
23
37
47
42
14
35
16
9
22
20
10
18
4
2
28
29
44
24
48
34
41
33
31
46
43
6
12
7
38
32
5
19
45
50
27
11
49
15
22
41
19
24
48
3
49
26
1
14
9
2
15
4
7
50
44
36
18
47
21
29
40
10
25
6
38
8
27
31
16
43
11
28
17
39
33
46
20
23
5
12
35
37
32
42
30
34
45
13
6
11
37
10
33
5
44
43
16
4
8
50
41
46
14
49
22
9
12
28
26
45
42
27
36
13
15
1
17
21
47
20
23
7
40
35
29
25
18
39
31
3
32
2
38
48
19
30
24
34
18
27
33
11
22
14
20
50
8
29
5
28
37
17
6
16
12
13
34
19
49
7
30
31
44
46
35
15
38
45
42
24
40
39
32
26
47
36
21
41
23
4
43
10
48
25
3
2
1
9
28
2
17
19
24
10
15
33
30
13
22
44
27
45
36
20
29
14
25
43
39
50
35
26
11
16
9
32
12
7
18
41
3
48
42
37
40
1
38
31
49
23
6
47
34
46
8
5
21
4
24
36
22
25
9
13
10
30
37
42
12
14
11
18
49
4
38
41
21
31
1
6
5
8
40
26
27
34
35
2
15
19
43
45
28
48
39
29
23
20
16
46
50
17
7
3
44
47
32
33
49
37
47
3
21
43
22
8
24
12
41
29
33
39
15
23
16
27
38
32
40
1
28
4
48
50
11
7
13
18
9
17
46
30
36
10
25
2
42
34
14
44
26
5
35
31
20
19
6
45
16
34
8
15
46
35
3
24
28
47
44
9
36
38
13
11
20
5
29
2
17
23
32
30
26
42
14
6
48
12
1
10
50
43
25
7
27
39
4
40
19
21
41
31
18
37
49
45
33
22
37
33
6
5
30
48
42
27
10
11
46
39
34
19
26
2
31
38
14
7
41
28
36
25
50
18
47
9
32
49
40
15
13
22
20
3
45
44
24
21
43
29
12
8
4
16
17
1
35
23
30
50
13
22
6
1
12
42
43
34
2
20
31
35
29
46
5
3
9
4
32
44
37
11
8
14
48
25
33
10
28
38
24
40
27
21
49
47
19
26
17
36
15
39
41
45
18
16
23
7
40
21
36
34
42
12
8
4
41
31
30
48
7
50
18
13
15
44
39
11
25
35
27
20
2
24
45
22
23
46
43
1
6
16
9
47
17
26
32
5
3
28
37
14
19
49
33
10
38
29
42
6
38
14
18
21
32
36
17
43
49
35
50
10
11
5
41
39
44
24
12
16
47
3
15
20
25
31
1
19
33
22
2
34
8
23
46
37
30
28
27
48
29
4
13
40
45
7
9
26
3
24
28
26
14
45
2
12
9
30
7
11
13
32
16
47
8
4
49
42
46
21
38
50
23
41
37
36
34
29
6
5
31
15
44
20
19
35
10
33
48
39
27
18
22
43
1
40
25
17
20
3
27
13
1
6
5
49
42
26
4
8
35
21
45
18
50
16
30
41
2
33
25
9
37
32
34
28
29
36
23
11
19
46
48
12
31
22
47
38
7
15
14
24
17
10
40
44
43
39
4
15
24
17
26
23
36
28
48
16
10
22
25
43
42
6
47
32
2
8
20
49
34
13
9
30
39
35
31
40
38
18
27
41
50
5
21
7
44
45
29
37
1
46
14
11
12
33
3
19
43
42
2
35
34
33
30
44
32
21
45
1
22
26
23
27
48
20
31
49
29
5
17
16
38
15
7
39
28
6
19
13
10
18
37
41
50
8
14
36
46
24
4
11
47
12
9
25
40
3
44
43
10
45
16
40
18
13
35
27
28
12
30
48
25
39
7
31
47
23
9
36
49
42
33
19
3
46
20
14
4
26
17
50
6
22
37
21
15
29
32
41
34
1
5
8
11
38
2
24
35
47
23
41
40
39
13
15
12
20
48
6
38
36
46
34
11
30
50
18
43
27
8
1
22
28
21
3
5
25
24
7
14
19
45
31
2
32
26
4
10
49
9
44
37
33
16
29
17
42
5
13
12
40
38
24
29
3
14
23
20
27
46
33
19
32
21
6
43
26
50
22
7
35
47
17
10
42
15
48
45
49
44
1
41
4
18
31
16
2
25
9
11
28
39
30
34
8
37
36
19
35
41
30
28
36
37
45
39
8
23
18
48
34
32
22
49
26
20
5
38
42
2
44
43
47
17
16
21
33
7
14
25
4
3
15
6
10
13
11
40
50
24
12
31
1
46
9
29
27
47
9
25
28
5
7
1
11
46
15
40
41
17
31
22
38
43
24
13
37
48
18
19
14
10
33
4
21
8
32
34
42
20
27
29
16
26
50
35
3
44
45
49
36
2
6
39
23
12
30
1
38
21
49
44
30
50
2
22
35
39
16
45
5
20
14
28
29
19
12
47
43
31
37
17
10
32
40
3
34
36
46
33
25
18
6
7
41
48
13
9
8
23
27
15
24
26
42
4
11
9
26
3
4
13
34
19
22
25
38
36
45
24
41
28
17
46
42
23
21
31
39
16
7
29
43
49
33
11
27
37
50
8
6
12
30
15
14
5
35
2
40
44
20
1
18
10
32
47
48
50
14
26
37
15
25
33
6
47
2
43
38
39
22
44
3
23
49
46
1
10
9
24
12
5
21
31
48
45
20
30
27
16
17
11
18
34
4
7
19
36
13
42
41
40
29
32
35
28
8
45
18
30
8
49
50
47
9
19
1
35
46
12
3
33
24
36
17
41
48
44
10
4
29
14
40
2
37
16
26
13
21
7
42
39
43
23
27
11
6
34
31
38
25
28
32
15
22
5
20
2
30
20
38
43
27
40
7
23
6
34
36
10
47
24
45
32
28
42
35
14
13
33
15
3
37
50
4
26
8
11
9
1
49
16
25
12
5
22
44
18
17
19
29
21
39
41
31
48
46
15
48
50
9
45
29
16
20
38
44
37
26
5
13
34
41
33
11
36
27
35
8
3
21
28
23
40
10
25
47
2
12
49
14
7
17
1
19
43
18
39
30
46
32
42
4
6
24
22
31
11
25
9
42
17
2
4
48
15
45
1
10
21
44
38
26
19
46
32
29
34
14
20
41
35
49
18
23
40
3
31
16
47
12
5
33
36
24
50
30
22
27
8
6
43
13
7
37
39
28
33
31
14
7
27
11
24
32
5
39
3
37
49
16
43
35
1
10
15
22
13
30
21
45
34
12
19
20
9
17
46
4
29
38
2
42
44
23
28
48
8
6
25
40
26
47
50
36
18
41
34
4
5
47
35
37
38
39
20
40
15
17
19
12
48
8
30
18
28
14
7
32
6
2
27
45
44
49
24
50
29
36
26
31
43
1
3
11
25
42
13
22
33
9
23
41
21
46
10
16
32
19
16
46
20
8
35
14
11
25
27
31
42
1
12
7
34
43
22
50
24
15
48
33
6
36
23
38
18
44
39
28
45
2
49
29
41
40
3
17
21
5
47
30
10
9
4
26
13
37
46
16
45
44
39
15
9
34
29
49
26
7
14
30
27
33
25
40
1
3
36
38
22
28
13
11
41
18
4
5
10
23
21
24
19
50
35
43
31
32
37
42
2
48
20
17
47
6
8
12
31
32
46
23
7
4
45
16
2
36
14
24
47
15
35
19
18
1
33
39
27
37
26
40
41
44
22
12
49
38
3
6
34
29
13
8
9
42
17
50
20
25
10
21
11
5
48
28
30
43
8
44
39
31
12
16
21
35
3
5
19
40
29
11
10
37
27
34
17
36
15
48
14
23
18
4
26
13
30
1
25
2
38
47
22
28
32
45
41
9
6
33
7
42
24
20
43
50
46
49
14
22
48
29
36
47
17
46
40
18
31
33
4
24
37
1
2
19
7
34
8
25
41
5
39
27
12
11
43
30
21
32
35
26
38
44
28
13
9
49
45
10
16
3
50
15
23
20
42
6
17
49
35
27
8
46
34
19
31
28
25
32
20
7
9
29
42
37
3
16
4
24
23
22
12
38
1
45
41
43
44
47
5
13
33
40
10
48
2
15
30
26
39
50
6
14
36
18
11
21
41
28
44
50
23
22
31
17
45
32
47
4
8
2
5
25
3
33
40
10
6
26
43
49
20
48
46
30
39
42
12
37
36
9
35
19
11
15
1
16
24
18
13
7
29
27
14
21
34
38
7
29
43
1
3
41
6
18
36
50
11
21
26
20
31
44
10
48
35
25
5
4
9
38
19
39
30
27
46
28
32
45
22
37
34
24
8
49
33
12
47
2
17
15
16
23
42
13
14
40
29
39
7
18
32
26
11
41
34
19
33
5
1
27
8
40
24
47
4
46
45
12
13
43
21
9
20
17
37
35
49
31
48
10
14
36
22
30
6
25
42
38
28
23
3
44
2
15
16
50
10
20
15
21
31
18
39
5
33
22
29
13
2
40
4
28
26
12
37
44
19
17
50
6
30
25
43
47
7
16
41
3
42
32
23
11
48
9
46
8
35
14
45
38
49
34
24
27
36
1
23
40
4
6
2
20
14
31
49
10
50
34
18
29
3
9
35
8
48
30
37
11
15
46
42
1
33
19
36
22
26
25
12
44
24
32
5
17
39
43
28
16
21
45
27
38
13
41
7
47
