25
12
29
32
10
28
26
37
21
33
9
19
40
8
11
23
13
44
17
38
42
34
39
41
45
7
6
24
47
16
27
35
4
18
1
2
14
3
36
46
50
20
30
49
15
22
5
48
31
43
39
46
1
28
29
49
23
25
5
17
27
2
43
14
21
48
9
26
10
15
3
42
11
19
16
34
24
47
6
13
50
44
32
8
12
45
38
33
40
37
4
7
20
22
30
36
31
18
41
35
26
10
11
21
41
48
43
38
44
7
42
23
16
6
50
31
39
9
24
40
28
3
45
34
49
5
29
12
25
15
17
8
30
20
46
27
13
14
37
22
1
47
18
33
36
2
35
4
19
32
48
17
18
20
47
38
41
21
26
46
13
25
28
23
1
12
4
7
6
45
33
40
44
24
29
22
36
2
50
37
14
30
39
35
32
15
42
16
49
10
11
34
31
43
8
19
9
3
27
5
27
13
49
33
37
31
25
23
39
9
17
47
32
42
6
15
40
22
11
20
16
19
46
48
14
35
8
44
2
4
5
29
28
3
21
36
30
18
45
24
41
43
7
34
12
26
38
1
50
10
47
7
42
43
11
32
48
35
4
24
6
49
44
28
2
36
45
50
8
33
30
31
18
39
1
3
16
41
10
23
20
40
9
5
26
17
29
38
34
27
12
19
22
13
46
21
37
14
15
25
38
45
31
27
50
42
9
10
29
37
16
3
17
49
39
21
6
2
5
24
23
41
43
40
44
8
13
18
19
11
22
33
15
36
30
34
4
20
46
47
26
1
48
35
25
7
28
12
32
14
12
5
32
36
4
19
27
40
7
41
24
43
6
9
17
30
37
21
45
13
11
2
1
47
46
31
42
50
22
39
8
48
18
23
10
38
16
34
29
14
15
35
3
26
33
28
25
49
20
44
13
23
34
49
19
44
7
47
50
48
38
20
3
24
30
10
17
45
27
6
18
46
12
36
31
29
15
14
42
41
11
39
37
21
4
32
25
28
8
1
33
5
40
16
9
35
22
43
26
2
36
8
40
39
2
17
47
1
13
3
21
15
23
37
42
5
14
35
26
9
22
20
10
30
4
16
28
29
44
24
48
34
41
33
31
46
43
6
12
7
38
32
25
19
45
50
27
11
49
18
22
20
19
24
48
3
49
26
1
14
2
30
15
4
7
50
44
36
18
47
21
29
40
10
25
6
38
8
27
31
16
43
11
28
17
9
33
46
39
23
5
12
35
37
32
42
41
34
45
13
6
11
37
10
33
5
44
29
16
4
8
50
41
46
14
43
22
15
12
28
26
39
42
27
36
13
21
1
17
49
47
20
23
7
40
35
48
25
18
9
31
3
32
2
38
45
19
30
24
34
18
27
33
11
22
14
20
50
8
29
5
28
37
17
31
16
12
13
34
19
49
6
23
32
30
46
47
15
38
45
35
24
40
42
7
26
39
36
21
41
44
4
43
10
48
25
3
2
1
9
28
2
17
19
24
10
15
33
30
13
22
44
38
45
36
20
29
25
16
43
39
50
35
26
11
12
9
32
14
7
18
41
3
48
42
37
40
1
27
31
49
23
6
47
34
46
8
5
21
4
24
36
22
25
9
13
10
30
37
42
12
14
11
18
49
4
20
41
21
31
1
44
5
8
40
32
27
34
35
2
15
19
43
45
28
48
6
29
23
39
16
46
50
17
7
3
26
47
38
33
46
37
47
5
21
43
22
8
24
12
41
29
33
39
15
38
16
27
3
32
40
1
28
4
48
23
11
7
13
18
9
17
36
30
50
10
49
2
42
34
14
44
26
25
35
31
20
19
6
45
16
34
8
15
46
1
3
24
28
47
44
9
36
38
13
11
35
5
29
2
17
23
32
49
26
42
14
31
48
12
40
10
50
43
25
7
27
39
4
20
19
21
41
6
18
37
30
45
33
22
37
40
6
48
30
9
42
27
10
11
46
39
34
19
26
2
49
38
14
7
41
28
36
25
50
18
5
33
32
47
1
15
13
22
20
3
45
44
24
21
43
17
12
8
4
16
29
31
35
23
30
50
13
2
6
35
12
42
43
34
18
1
31
20
29
22
5
3
9
4
32
16
37
11
8
14
48
25
45
10
28
38
46
40
27
21
24
47
19
26
17
36
15
39
41
49
44
33
23
7
49
21
36
34
42
12
8
4
41
31
30
48
7
50
18
13
15
33
39
11
25
35
27
20
2
24
45
22
23
46
43
1
6
16
9
47
17
26
32
5
3
28
37
14
19
38
40
10
44
29
42
6
38
14
18
21
32
36
17
43
31
35
50
10
22
49
41
39
44
16
12
7
47
3
28
9
25
5
1
19
33
45
2
34
8
23
20
37
30
11
27
48
29
4
13
40
15
24
46
26
3
24
28
26
14
45
2
12
9
30
7
11
13
32
16
47
8
4
49
42
46
21
38
50
23
41
37
36
34
29
6
5
31
15
44
20
19
35
10
33
48
39
27
18
22
43
1
40
25
17
20
3
27
13
1
6
5
49
42
26
4
8
35
21
32
18
50
16
30
41
2
33
25
9
37
40
34
28
29
36
23
11
19
46
48
12
31
22
47
38
7
15
14
24
17
10
45
44
43
39
4
42
24
17
26
23
36
28
48
16
10
22
25
43
41
6
47
32
2
8
20
49
34
13
9
30
33
35
31
40
38
18
27
39
15
5
21
7
44
45
29
37
1
46
14
11
12
50
3
19
43
1
2
35
34
33
30
44
32
21
45
42
22
26
23
27
48
20
31
49
29
5
17
16
38
15
7
39
28
9
19
13
10
6
37
41
50
8
14
36
46
24
4
11
47
12
18
25
40
3
44
43
10
45
16
40
18
13
35
27
28
12
30
48
25
39
7
31
36
23
9
47
49
42
33
19
3
46
20
14
4
26
17
50
6
22
37
21
15
29
32
41
34
1
5
8
11
38
2
24
35
47
23
50
40
39
13
15
12
20
48
6
21
36
46
34
11
30
38
18
45
27
8
1
22
28
43
3
5
25
24
7
14
19
41
31
2
32
26
4
10
49
9
44
37
33
16
29
17
42
5
41
12
40
38
24
29
3
14
23
20
27
46
33
19
32
21
6
43
26
50
22
7
35
47
17
10
42
15
30
13
49
44
1
45
4
18
31
16
2
25
9
11
28
39
48
34
8
37
36
19
35
41
30
28
22
37
6
27
8
23
18
48
34
40
42
26
11
20
5
38
36
2
44
43
47
17
16
21
33
7
14
25
4
3
49
9
10
13
32
45
50
24
12
31
1
46
39
29
15
2
22
25
38
5
7
1
43
46
15
40
41
9
11
47
37
31
24
13
17
48
18
19
14
10
33
4
21
8
32
34
42
20
27
29
16
26
50
35
3
28
45
49
36
44
6
39
23
12
30
1
38
21
31
44
30
50
2
22
35
39
16
45
5
20
14
28
29
19
12
47
43
15
37
17
10
32
40
3
34
36
46
33
25
18
6
7
41
48
13
9
8
23
27
26
24
49
42
4
11
9
33
3
4
13
34
19
22
6
38
36
45
24
29
28
17
46
42
23
21
31
25
16
7
39
43
49
26
11
27
37
50
8
41
14
30
15
12
5
35
2
40
44
20
1
18
10
32
47
48
50
14
26
37
15
25
33
45
47
2
43
38
39
22
44
3
23
49
46
1
10
9
24
6
5
21
31
48
12
20
30
27
16
17
11
18
34
4
7
19
36
13
42
41
40
29
32
35
28
8
45
18
30
8
49
50
46
9
19
1
35
40
12
3
33
24
36
17
41
37
44
10
4
29
15
25
2
13
16
26
42
21
7
47
39
43
23
27
11
6
34
31
38
48
28
32
14
22
5
20
31
30
20
3
43
27
40
7
23
6
34
36
10
47
24
45
38
28
42
35
14
13
33
15
32
37
50
4
26
8
2
9
1
49
16
25
12
5
22
44
18
11
19
29
21
39
17
41
48
46
15
48
50
9
45
29
16
20
38
44
37
26
5
13
34
41
33
23
25
27
35
8
14
17
24
2
40
10
7
3
21
12
49
11
47
28
1
19
43
18
39
30
46
32
42
4
6
36
22
31
11
25
9
41
17
2
4
48
15
45
1
10
42
44
38
26
19
46
32
29
34
14
20
21
35
49
18
23
40
6
31
16
47
12
5
33
36
24
50
30
22
27
8
3
43
13
7
37
39
28
21
31
14
12
25
11
24
32
33
39
3
37
49
16
43
35
1
10
15
22
13
45
30
5
34
26
19
20
9
17
46
4
29
38
2
42
44
23
28
48
8
6
36
40
27
47
50
7
18
41
34
4
5
47
35
37
38
39
20
40
15
17
19
12
48
8
30
18
28
14
7
32
6
2
27
45
44
49
24
50
29
36
26
31
43
1
3
11
25
42
13
22
33
9
23
41
21
46
10
16
32
19
16
46
20
8
35
14
11
25
47
31
27
1
12
7
34
43
22
50
24
15
48
33
6
36
23
38
18
44
39
28
45
2
49
29
41
40
3
17
21
42
5
30
10
9
4
26
13
37
23
16
46
44
39
15
45
34
18
49
26
7
14
30
27
33
25
40
1
48
36
38
3
22
13
11
41
9
4
42
10
32
21
24
19
50
35
43
31
28
37
29
2
5
20
17
47
6
8
12
40
32
45
23
7
4
28
16
2
36
14
24
47
15
35
19
18
1
33
39
27
37
26
12
41
44
22
43
49
38
3
6
34
29
13
8
46
42
17
50
20
25
10
31
11
5
48
9
30
21
8
44
39
7
12
16
21
11
3
5
19
46
29
35
10
28
27
34
50
36
15
48
31
23
18
4
26
37
30
1
25
2
38
14
22
13
32
45
41
40
6
33
47
42
24
20
43
17
9
49
14
39
48
29
36
47
17
46
40
18
32
33
4
25
37
1
2
19
7
34
8
30
41
31
3
27
12
11
43
5
45
22
35
26
38
44
28
13
9
49
24
10
16
21
50
15
23
20
42
6
17
49
35
22
8
46
34
19
31
28
25
32
20
7
9
29
42
37
47
3
4
24
21
18
12
38
1
45
41
43
44
23
5
13
33
40
10
48
2
15
30
26
39
50
6
14
36
16
11
27
41
28
44
42
23
36
31
17
45
32
49
4
8
2
5
25
3
14
40
10
6
26
22
43
20
50
46
30
39
48
12
37
24
9
35
19
11
15
1
16
47
18
13
7
29
27
33
21
34
38
7
29
43
1
3
41
6
18
36
50
11
21
26
31
45
44
10
48
35
25
5
4
9
38
19
20
39
27
46
28
32
47
22
37
34
24
8
49
33
12
23
2
17
15
16
30
42
13
14
40
29
9
7
18
32
26
11
41
34
19
33
5
1
27
8
40
24
47
4
46
43
12
13
45
21
39
20
17
37
35
49
31
48
10
36
14
22
30
6
25
42
38
28
23
3
44
2
15
16
50
10
26
15
16
31
18
39
5
25
22
29
13
2
40
4
46
43
12
37
44
19
17
50
28
7
48
30
6
33
21
41
3
42
32
23
11
47
9
20
8
35
14
45
38
49
34
24
27
36
1
33
15
4
6
27
20
14
31
49
10
50
34
18
41
3
9
32
8
48
30
37
11
29
46
42
1
35
19
36
22
26
25
12
44
24
39
5
17
38
43
40
16
21
45
2
23
13
28
7
47
