9
31
48
8
43
15
22
50
12
16
17
24
41
5
1
49
7
26
39
21
19
29
10
38
13
28
32
42
47
46
30
27
3
25
40
35
45
23
11
36
14
4
20
18
37
6
44
33
2
34
32
25
10
3
16
6
43
26
23
12
8
46
5
7
2
40
11
45
17
24
13
34
36
39
29
14
9
44
18
38
47
35
50
37
27
30
19
41
20
48
33
28
1
21
49
31
22
4
42
15
22
21
29
47
27
32
30
24
39
26
7
31
40
2
41
46
36
25
34
43
1
8
5
14
35
42
50
38
12
6
49
37
44
17
11
13
15
45
48
4
9
10
23
16
18
3
19
28
20
33
1
41
49
42
33
13
11
38
24
19
40
6
47
31
27
45
29
34
9
39
44
22
18
35
4
30
12
5
2
7
23
14
43
16
8
10
20
21
28
32
36
3
48
25
46
17
50
26
15
37
45
12
24
21
6
41
44
36
22
9
4
5
28
35
14
47
42
30
18
7
34
10
3
27
2
43
48
39
33
32
1
50
29
19
23
49
46
8
15
20
37
38
13
11
26
40
31
17
16
25
42
28
9
2
26
12
15
20
47
21
35
27
46
18
29
34
3
13
4
6
24
25
14
7
41
16
1
33
32
31
38
43
5
39
44
17
48
40
36
37
50
45
22
30
10
11
8
49
23
19
17
40
11
22
5
39
25
46
13
29
33
30
10
6
12
3
44
15
1
41
14
18
16
42
34
48
4
8
31
36
37
2
24
50
9
23
7
20
19
21
43
32
45
49
28
47
38
35
26
27
6
4
35
16
12
49
13
40
41
28
15
33
27
14
8
29
19
23
42
38
3
46
17
43
48
7
47
25
1
24
31
22
20
10
34
5
2
30
21
18
39
26
37
32
45
36
9
50
44
11
38
27
20
1
22
24
32
45
16
33
29
21
6
13
10
31
8
47
14
30
11
12
40
28
44
46
3
19
48
23
15
5
26
41
17
50
43
39
37
49
18
35
25
4
34
7
42
2
36
9
7
23
44
26
20
2
21
9
18
13
45
22
4
17
40
10
38
49
15
50
32
16
41
48
43
27
35
28
46
42
14
12
31
29
36
19
37
3
33
47
8
30
34
6
11
1
39
24
25
5
26
50
40
36
34
19
29
8
48
49
46
3
11
1
30
22
20
35
24
5
37
17
2
18
45
6
25
31
13
44
7
16
39
42
33
14
27
32
4
12
23
41
38
9
43
28
15
21
47
10
29
5
7
32
2
14
47
18
46
36
39
34
44
37
11
42
9
19
28
12
31
45
26
4
23
40
15
3
17
1
24
6
30
21
38
33
50
22
8
10
20
13
41
35
27
25
48
16
49
43
24
38
1
30
46
8
6
17
28
5
26
47
7
39
18
27
10
40
16
36
25
3
21
37
32
34
29
15
45
13
35
11
41
31
20
9
4
19
2
42
49
33
44
48
50
22
12
43
14
23
44
10
22
9
13
35
49
27
42
48
37
29
50
8
25
33
16
36
32
46
41
11
20
19
30
5
6
26
28
43
4
21
12
1
7
40
24
38
34
3
47
2
31
15
14
23
45
18
17
39
15
30
25
11
24
50
38
44
2
14
49
32
39
45
31
43
48
3
8
33
20
42
4
34
47
21
23
18
5
16
19
9
22
35
46
6
36
10
7
26
41
12
17
40
1
27
28
29
37
13
18
36
21
35
8
38
34
2
9
11
28
13
24
23
15
25
31
12
27
45
49
32
48
47
20
33
22
46
26
14
17
10
1
4
5
29
6
44
41
40
3
7
19
43
39
37
16
42
30
50
11
33
42
10
30
16
40
49
17
15
43
41
9
4
6
35
2
7
37
27
5
38
13
44
39
12
20
23
19
48
3
8
28
32
47
26
1
31
45
25
22
29
46
34
21
50
14
36
24
18
25
1
17
19
7
20
8
23
10
39
36
35
14
22
46
4
41
27
12
3
47
24
15
16
50
45
28
21
6
49
44
31
40
26
32
48
9
42
43
2
29
11
18
37
5
34
33
30
13
38
13
16
33
45
42
10
4
32
27
2
23
25
12
34
43
50
18
8
40
31
39
14
1
5
37
15
46
49
9
47
21
26
19
20
48
38
29
11
3
28
44
6
35
7
24
30
36
41
22
17
21
6
27
12
45
23
18
29
20
8
38
7
13
43
39
1
46
14
36
44
9
40
47
26
33
25
37
34
30
4
5
42
35
11
41
28
16
48
50
17
24
49
32
3
15
19
2
10
31
22
35
3
8
7
19
17
14
15
21
37
2
43
49
28
23
39
1
32
5
22
26
4
30
13
42
29
18
24
11
40
25
41
47
48
45
31
12
36
38
44
10
27
9
46
20
33
6
34
50
16
41
26
50
28
18
1
19
48
15
34
3
44
2
30
45
11
14
31
10
32
4
27
38
36
12
17
5
43
35
21
46
20
37
6
24
22
33
29
47
13
40
39
16
42
9
8
23
25
7
49
27
24
15
25
39
18
9
12
29
3
47
28
33
20
37
26
17
50
6
42
21
7
11
45
46
10
30
36
38
2
16
4
23
34
49
44
40
35
14
1
31
22
43
8
48
5
13
19
32
41
30
22
4
5
14
3
27
33
6
23
10
42
1
47
7
24
28
39
20
11
36
35
49
21
26
37
38
48
25
29
2
34
46
9
19
16
31
17
12
41
45
50
15
44
40
13
43
32
18
8
36
42
39
40
38
9
48
31
11
1
44
15
32
46
49
28
13
16
21
20
27
23
43
2
19
3
17
47
8
50
22
18
25
45
4
12
41
33
29
30
34
37
6
24
35
26
10
7
5
14
8
11
36
4
21
44
2
47
35
43
34
14
30
26
3
41
23
1
49
25
7
37
33
20
10
31
40
45
50
9
28
19
15
24
12
27
22
46
17
29
16
18
39
13
38
42
5
6
48
32
47
35
31
37
4
40
3
25
5
46
24
38
29
36
20
23
49
22
7
16
48
15
19
30
8
2
33
32
44
41
18
39
17
43
14
21
34
6
42
27
28
9
50
1
13
10
11
45
12
26
40
47
32
18
10
48
45
16
34
30
5
17
31
12
44
9
15
41
22
13
42
33
23
8
11
4
7
37
39
19
43
36
2
14
26
3
35
49
46
50
1
20
28
38
6
29
25
27
21
24
43
18
6
44
11
46
1
37
26
42
14
9
48
49
17
16
21
10
19
47
12
30
32
41
31
35
27
13
40
20
50
45
38
36
22
2
3
5
25
23
4
34
33
29
7
15
24
8
39
28
14
45
41
23
35
37
17
5
32
40
20
26
3
21
9
48
6
43
44
4
38
1
28
46
18
22
49
50
7
33
39
15
11
8
25
36
10
13
16
19
27
31
42
2
12
24
34
47
29
30
39
8
3
6
41
29
50
21
37
20
1
49
42
32
34
19
45
44
13
15
35
36
31
17
28
38
10
12
23
25
26
48
27
2
30
24
14
7
18
9
5
46
40
22
16
43
47
11
33
4
3
29
2
13
23
28
33
14
7
35
41
11
8
44
5
32
43
17
48
9
45
26
22
12
27
36
21
10
37
18
6
49
4
15
39
42
38
16
30
31
25
24
47
50
19
20
40
1
34
46
31
14
38
24
44
7
35
28
36
50
32
20
19
42
16
8
25
33
47
37
23
43
46
10
17
39
13
27
49
26
48
1
34
18
29
11
30
9
40
22
21
15
4
45
41
12
3
5
6
2
19
49
30
33
17
25
39
4
43
32
21
1
23
3
26
14
22
20
50
18
10
2
9
15
5
47
16
11
41
37
29
40
36
46
42
34
13
24
6
38
48
8
7
28
31
35
27
12
45
44
48
43
23
29
37
5
20
35
33
4
27
50
25
16
32
15
12
28
11
34
2
13
44
22
7
19
31
40
24
10
8
30
14
3
6
47
49
1
26
45
46
42
36
41
17
38
18
39
9
21
16
15
37
46
48
30
31
1
44
41
25
10
21
29
42
12
39
11
33
26
50
28
35
9
24
8
14
22
20
17
36
13
45
7
18
32
47
43
27
34
19
5
3
23
2
4
49
38
40
6
50
20
16
43
49
11
36
10
19
22
18
39
17
15
28
6
26
4
31
29
30
41
25
24
40
23
45
14
34
35
13
44
32
38
21
37
5
2
9
33
12
1
27
47
42
48
7
46
8
3
10
2
47
50
15
33
5
34
25
27
31
12
43
40
38
20
37
21
29
28
8
39
24
6
22
9
19
17
4
3
11
46
42
49
16
41
26
18
32
7
13
48
30
14
23
45
35
44
1
36
46
48
43
49
25
34
12
3
50
31
19
36
26
27
22
13
33
37
2
17
15
9
39
40
38
18
8
1
16
45
41
32
7
5
35
20
42
28
24
6
30
14
11
10
44
21
29
23
4
47
23
9
26
15
47
43
46
6
31
44
42
40
18
38
48
37
27
29
41
10
28
19
45
33
25
11
34
2
36
39
20
17
16
22
50
8
32
4
49
35
7
21
24
5
30
14
1
13
3
12
5
7
19
34
31
22
37
41
38
6
11
18
16
10
35
36
24
46
45
48
17
47
12
49
3
50
42
4
15
30
32
23
21
13
1
25
28
14
44
8
26
43
2
33
29
39
20
9
27
40
34
32
45
48
3
26
7
43
8
24
50
16
38
19
13
17
47
2
25
35
18
20
27
23
15
44
39
30
14
5
9
29
49
33
10
4
21
37
1
11
6
40
12
36
22
46
41
31
28
42
49
34
28
20
9
4
41
42
40
7
48
2
36
33
21
18
50
38
35
14
22
31
8
25
6
32
26
16
29
12
45
24
13
30
3
46
23
15
39
43
11
19
5
27
47
44
17
37
10
1
33
17
14
38
1
42
28
7
49
18
12
48
45
50
19
21
32
5
3
23
6
44
37
31
9
41
24
29
27
22
34
25
10
47
43
39
11
26
13
16
15
36
8
20
4
2
30
40
46
35
2
13
18
39
28
21
16
22
45
17
30
4
37
25
33
5
40
42
46
1
43
6
50
32
14
20
36
9
10
11
27
38
8
12
31
7
44
34
23
24
35
47
29
19
3
49
26
15
41
48
12
37
5
14
36
47
10
30
1
38
9
23
34
11
4
44
35
18
26
2
40
50
6
29
49
24
43
20
42
15
33
28
48
27
13
45
39
25
22
46
17
16
21
31
8
41
32
3
19
7
28
46
34
31
50
36
26
39
30
25
22
45
35
41
24
7
4
9
43
19
33
48
42
11
21
13
44
6
3
27
10
47
18
40
15
1
8
12
5
14
2
23
49
17
32
16
37
20
38
29
37
44
46
27
40
31
42
13
3
10
6
19
20
48
47
38
30
24
23
8
16
49
29
1
36
26
11
41
21
34
12
7
9
28
2
15
25
50
35
5
32
17
14
39
33
18
4
22
43
45
20
19
13
17
32
27
23
11
4
45
16
8
15
24
50
2
5
48
30
40
29
21
34
3
1
49
41
7
22
28
42
33
6
44
37
43
18
47
10
39
38
25
26
12
36
9
46
14
35
31
4
39
12
41
29
45
24
19
14
47
13
37
22
9
36
30
34
6
38
49
46
5
7
50
16
1
2
35
43
8
40
3
33
23
28
18
17
27
31
15
42
44
10
26
25
32
21
48
11
20
