9
18
48
8
43
15
22
50
12
16
17
24
41
5
1
49
7
26
39
21
19
29
10
38
13
28
32
42
47
46
30
27
3
25
40
35
45
23
11
36
37
4
20
14
31
6
44
33
2
34
32
25
10
3
16
6
43
26
23
12
8
45
5
7
2
39
11
1
17
24
13
40
36
29
41
14
9
44
18
38
47
19
50
37
27
30
4
34
20
48
33
28
35
21
49
31
22
46
42
15
22
21
29
47
27
33
30
24
39
26
7
31
40
2
41
46
36
25
37
43
1
8
5
14
35
42
50
38
12
23
6
32
44
17
11
45
15
49
48
4
9
10
34
16
18
3
19
28
20
13
1
41
49
38
33
7
11
14
50
20
40
6
47
31
36
45
25
34
9
39
44
22
18
35
4
30
12
5
2
43
23
37
19
16
8
10
17
21
28
32
15
3
48
13
46
42
29
26
27
24
45
37
39
21
6
41
44
20
22
9
4
5
28
35
14
47
42
30
18
7
12
10
3
27
2
43
48
31
33
32
1
34
29
19
23
49
46
8
15
24
36
38
13
11
26
40
50
17
16
25
6
42
9
2
26
12
15
13
47
21
41
27
46
28
29
34
3
35
4
48
24
25
14
7
18
16
8
33
32
31
38
43
5
39
44
17
1
40
36
37
50
45
22
30
10
11
20
49
23
19
17
3
11
22
5
39
25
46
13
29
33
30
10
6
12
38
44
15
1
41
14
18
16
42
34
48
4
8
31
36
37
2
24
50
9
23
7
20
19
21
43
32
45
49
28
47
40
35
26
27
27
4
35
16
12
49
13
40
41
28
37
33
6
14
8
29
19
23
42
38
3
46
17
43
48
7
47
15
25
24
31
22
20
10
34
5
2
30
21
18
39
26
1
32
45
36
9
50
44
11
38
27
20
1
22
24
32
45
36
33
29
21
16
13
10
31
8
47
14
30
11
12
40
28
23
46
3
19
48
44
15
5
26
41
17
50
43
39
6
49
18
35
25
4
34
7
42
2
37
9
7
23
44
26
32
21
2
9
18
13
45
22
4
17
40
10
38
49
15
5
34
16
41
48
43
27
35
28
46
42
14
12
31
29
36
19
20
3
33
47
8
30
37
6
11
1
39
24
25
50
26
50
40
35
34
19
29
8
48
49
46
3
11
1
30
22
20
12
24
31
37
21
2
18
45
9
39
36
13
16
7
14
17
42
33
25
27
32
4
6
23
41
38
5
43
28
15
44
47
10
29
13
5
32
2
14
47
18
46
36
39
34
44
37
11
42
9
19
28
12
31
45
26
4
21
40
7
3
17
1
24
6
30
23
38
15
50
22
8
10
20
25
41
35
27
33
48
16
49
43
15
38
1
30
46
8
6
17
24
5
26
47
7
39
18
27
10
40
16
32
25
36
21
37
33
34
29
4
45
20
35
11
41
14
31
9
48
19
2
42
49
13
44
3
50
22
12
43
28
23
44
10
22
37
13
35
49
27
42
48
19
29
34
9
25
33
16
36
32
46
41
11
20
50
30
5
6
26
28
7
4
21
38
1
45
40
24
12
43
3
47
2
31
15
14
23
8
18
17
39
20
30
25
11
24
50
38
44
2
14
49
32
39
45
31
43
48
3
8
33
16
42
4
34
47
21
23
18
5
13
19
9
22
35
46
6
36
10
7
26
41
12
17
40
1
27
28
29
15
37
18
36
21
40
8
38
34
2
9
11
35
13
50
23
15
25
31
37
27
45
49
32
48
47
20
33
22
46
26
14
17
10
1
4
5
29
6
44
41
12
3
7
19
43
39
24
16
42
30
28
2
33
42
10
30
16
40
49
17
15
27
41
9
4
19
35
43
7
6
11
5
38
13
44
39
12
20
23
1
48
3
8
28
32
47
26
37
31
45
25
22
29
46
34
21
50
14
36
24
18
25
1
17
19
7
20
8
28
10
39
36
35
14
22
46
4
23
27
12
3
47
24
15
41
50
45
43
21
6
49
44
31
40
26
32
48
9
42
16
2
29
11
18
37
5
34
33
30
13
38
13
16
33
45
20
10
4
19
27
2
23
43
12
34
48
50
18
8
40
25
17
14
1
3
37
15
46
32
9
47
42
26
35
21
29
38
39
11
31
28
44
6
49
7
24
30
36
41
22
5
21
6
27
12
45
23
50
29
20
8
38
7
13
43
39
40
46
14
36
44
9
35
47
26
3
25
1
34
30
4
5
42
33
11
41
28
16
48
37
17
24
49
32
18
15
19
2
10
31
22
35
28
7
39
19
11
17
33
21
37
15
26
49
8
23
3
1
32
5
22
45
4
30
13
42
29
18
24
14
40
25
41
47
48
2
31
12
36
38
44
10
27
9
46
20
43
6
34
50
16
41
26
50
28
18
1
19
48
15
34
3
44
2
30
45
11
14
31
10
36
4
27
38
32
12
17
5
43
35
21
39
20
37
6
24
22
33
29
47
13
40
46
16
42
9
8
23
25
7
49
11
24
15
25
42
18
9
12
29
3
47
28
33
20
37
26
17
50
34
49
21
7
35
45
32
10
30
39
38
2
16
4
23
27
6
44
40
46
14
1
31
22
43
8
48
5
13
19
36
41
30
22
4
5
14
3
27
25
6
23
10
42
1
47
7
24
28
39
20
50
36
34
49
21
26
37
38
48
11
29
2
35
46
9
19
16
31
17
12
41
45
33
15
44
40
13
43
32
18
8
36
39
14
42
38
5
48
31
11
1
44
15
24
46
49
28
13
16
21
20
27
23
43
2
19
3
17
47
8
50
22
18
25
45
4
12
41
33
29
30
34
37
6
9
35
26
10
7
32
40
8
11
36
4
21
44
1
47
35
19
34
46
30
26
3
41
2
13
49
42
7
37
33
20
10
31
40
45
50
9
28
23
15
24
12
27
22
43
17
29
16
18
39
25
38
14
5
6
48
32
47
35
31
24
25
40
3
32
4
46
2
38
29
36
20
23
30
22
7
16
48
15
19
17
8
41
33
49
44
37
18
39
12
43
14
21
34
6
42
27
28
9
50
1
13
10
11
45
5
26
40
47
32
18
10
48
45
16
34
30
5
17
31
12
44
9
15
41
22
13
42
33
23
8
11
4
49
37
39
19
43
36
2
46
7
3
35
38
26
20
1
50
28
24
6
29
25
27
21
14
43
12
6
44
11
46
18
37
26
42
28
9
48
49
17
1
21
10
19
47
38
30
32
16
31
35
27
13
40
41
50
45
14
36
22
2
3
5
25
23
4
34
33
29
7
15
24
8
39
20
14
45
41
23
35
37
21
38
5
40
20
16
32
18
9
48
6
43
26
4
39
1
28
46
44
22
24
50
7
33
49
15
11
8
25
36
10
13
3
19
27
31
42
2
12
17
34
47
29
30
39
8
3
6
41
29
46
21
37
43
1
20
42
32
34
19
45
44
13
15
35
17
50
30
28
38
10
12
23
25
26
48
27
2
49
24
14
7
18
9
5
40
36
22
16
4
31
11
33
47
3
29
2
41
23
28
33
5
7
35
25
11
8
44
43
32
40
17
48
9
6
26
22
12
27
36
21
10
37
18
13
49
4
15
39
42
38
16
30
31
14
24
47
50
19
20
45
1
34
46
31
14
38
7
44
17
35
36
28
50
24
25
19
42
16
8
32
33
47
37
23
43
46
10
29
39
13
27
49
26
48
1
34
18
20
11
30
9
40
22
21
15
4
45
41
12
3
5
6
2
19
49
30
33
17
25
39
4
43
32
21
1
23
3
26
14
22
20
50
18
10
2
9
15
5
47
16
11
41
6
29
40
36
31
42
34
13
24
46
38
48
8
7
28
37
35
27
12
45
44
48
5
37
29
36
27
20
35
33
4
14
50
25
16
32
15
12
28
11
6
2
13
44
22
7
19
31
40
24
10
8
30
43
3
26
47
49
1
34
45
46
42
23
41
17
38
18
39
9
21
16
15
19
46
48
30
31
1
44
41
43
10
21
29
42
12
39
4
33
26
50
28
11
9
24
8
14
22
20
17
36
13
45
7
18
32
47
35
27
34
25
5
3
23
2
37
49
38
40
6
50
20
16
43
49
13
36
10
19
22
18
39
17
15
28
6
26
11
31
29
30
41
25
24
40
23
45
14
34
35
46
44
32
38
21
37
5
2
9
33
12
1
27
47
42
48
7
4
8
3
10
2
47
50
15
9
5
34
25
27
31
12
43
40
33
20
37
21
44
28
8
39
24
6
22
26
19
17
4
3
11
46
42
49
16
41
29
18
32
7
13
48
30
38
23
45
35
14
1
36
46
48
43
49
37
34
12
3
16
31
32
36
26
27
22
13
33
6
2
17
15
9
39
40
38
18
25
1
19
45
41
50
7
5
35
20
42
28
24
8
30
14
11
10
44
21
47
23
4
29
23
9
26
15
47
43
14
6
31
44
42
40
18
38
5
37
27
29
41
10
28
19
45
33
46
11
34
2
36
39
20
17
16
22
50
8
32
4
49
35
7
21
24
48
30
25
1
13
3
12
5
7
8
34
31
22
37
41
38
6
11
23
3
10
35
36
24
46
45
27
20
47
12
49
17
50
42
25
15
30
32
16
21
13
1
18
28
14
44
40
26
43
2
33
29
39
4
9
19
48
34
32
45
48
3
26
7
43
8
24
50
14
38
19
13
17
47
2
25
35
18
20
27
23
15
44
28
30
16
5
9
29
49
33
10
4
21
37
1
11
6
39
40
36
22
46
41
31
12
42
49
34
28
20
9
4
41
42
40
7
48
2
36
33
21
18
50
38
35
14
22
31
8
25
6
32
26
16
29
12
45
24
13
30
3
46
23
15
39
43
11
19
5
27
47
44
17
37
10
1
33
17
24
14
1
42
28
7
49
18
12
48
45
50
38
21
41
5
3
23
32
44
37
31
9
6
15
29
27
22
34
25
10
47
43
39
11
26
13
16
19
36
8
20
4
2
30
40
46
35
24
40
18
13
28
2
16
22
32
17
30
4
37
25
27
5
34
42
46
1
43
6
31
39
14
20
36
9
10
11
21
38
8
12
48
7
44
45
23
50
35
47
29
19
3
49
26
15
41
33
12
19
23
36
39
47
10
30
1
38
9
18
27
11
4
44
35
45
29
2
40
50
6
5
49
24
37
20
42
15
33
28
48
34
13
43
26
25
22
46
17
16
21
31
8
41
32
3
14
7
28
46
34
31
50
36
26
39
30
45
22
49
35
21
24
7
29
9
43
19
33
48
42
11
25
13
44
6
3
27
10
47
18
40
15
1
8
41
5
14
2
23
12
17
32
16
37
20
38
4
37
44
46
27
40
31
42
15
3
10
6
19
20
48
47
16
4
24
23
8
26
49
29
1
36
2
11
41
21
34
12
7
9
28
30
13
25
50
35
5
32
17
14
39
33
18
38
22
43
45
42
43
13
17
4
32
23
11
45
25
16
8
15
24
50
2
5
48
30
40
29
3
34
19
1
49
41
7
22
28
27
33
6
44
37
14
18
47
10
39
38
20
26
12
36
9
46
21
35
31
4
31
12
9
29
45
24
23
14
47
13
37
22
41
6
30
49
18
38
34
46
5
7
36
16
1
2
35
43
8
40
3
39
20
28
33
19
27
50
15
42
44
10
26
25
32
21
48
11
17
