9
37
48
8
43
15
22
50
12
16
17
24
41
5
1
49
7
45
39
21
19
29
10
38
13
28
32
42
47
46
30
27
3
25
40
35
26
23
11
36
14
4
20
18
31
6
44
33
2
34
32
25
10
3
16
6
43
19
23
12
8
45
5
7
2
39
11
1
17
24
13
40
36
29
41
14
9
4
18
38
47
35
50
37
27
30
20
46
34
48
33
28
26
21
49
31
22
44
42
15
22
21
29
47
27
33
30
24
39
26
7
31
40
2
41
37
36
25
46
43
1
8
5
14
35
42
50
38
12
23
6
32
44
17
11
45
15
34
48
4
9
10
49
16
18
3
19
28
20
13
1
41
49
43
33
27
50
14
36
8
40
6
47
31
19
45
20
34
9
39
11
22
18
35
4
30
12
5
2
44
23
15
13
16
7
10
17
21
28
32
29
3
48
25
46
42
38
26
37
24
45
31
24
21
6
41
44
20
22
9
4
5
28
35
14
47
42
30
18
7
34
10
3
27
2
43
48
39
33
32
1
37
29
19
23
49
46
8
15
12
36
38
13
11
26
40
50
17
16
25
6
18
9
2
26
12
15
13
47
21
35
27
42
41
29
34
3
22
4
49
24
25
14
7
8
16
28
33
32
31
38
43
5
39
44
17
48
40
36
37
50
20
1
30
10
11
45
46
23
19
17
42
11
22
5
39
25
46
13
29
15
36
10
6
12
3
44
38
1
41
14
18
16
30
34
48
4
8
31
40
37
2
24
50
9
23
7
20
19
21
43
32
45
49
28
47
33
35
26
27
15
4
35
16
12
49
13
25
41
28
37
33
27
14
8
29
19
23
42
38
3
46
17
43
48
7
47
21
1
24
31
22
20
10
34
5
2
30
6
18
39
26
40
32
45
36
9
50
44
11
38
27
20
1
22
24
32
45
16
33
29
21
6
13
10
31
8
47
14
30
44
12
40
28
23
46
3
19
48
11
15
5
26
41
17
50
43
39
37
49
18
35
25
4
34
7
42
2
36
9
7
23
44
26
20
21
2
9
18
13
45
22
4
17
40
10
38
49
15
5
32
16
41
48
43
27
35
28
46
42
14
12
31
29
36
19
34
3
33
47
8
30
37
6
11
1
39
24
25
50
26
50
40
39
34
19
29
8
48
20
46
3
11
1
30
22
12
6
24
31
37
17
2
18
45
36
49
44
13
16
7
14
35
42
33
25
27
32
4
5
23
41
38
9
43
28
15
21
47
10
29
5
7
32
2
14
47
18
46
36
39
23
13
37
11
42
9
19
44
12
31
45
26
4
25
40
34
3
17
1
24
6
30
21
38
15
50
22
8
10
20
43
41
35
27
33
48
16
49
28
24
38
1
30
46
8
6
17
32
5
26
47
7
39
18
27
10
40
16
36
25
3
21
37
33
34
29
15
45
20
35
11
41
14
31
9
4
19
2
42
49
13
44
48
50
22
12
43
28
23
44
10
22
38
13
35
49
27
42
48
28
34
2
9
25
33
16
37
32
46
41
11
20
50
30
5
6
36
43
7
4
21
19
1
29
40
24
12
26
3
47
45
31
15
14
23
8
18
17
39
20
30
25
11
24
50
38
44
2
14
49
32
39
45
31
43
48
3
8
33
16
42
4
34
47
21
23
18
5
13
19
9
22
35
46
6
36
10
7
26
41
12
17
40
1
27
28
29
15
37
18
36
21
35
8
38
34
2
9
11
23
13
24
28
15
25
31
12
27
45
49
32
48
47
20
33
22
46
26
14
17
10
1
4
5
29
6
44
41
50
3
7
19
43
39
37
16
42
30
40
27
33
8
10
42
16
40
49
17
15
2
41
9
4
6
35
43
7
37
11
5
38
13
44
39
12
20
23
19
48
3
30
28
32
47
26
1
31
45
25
22
29
46
34
21
50
14
36
24
18
25
1
33
19
7
20
8
32
10
39
36
35
14
22
46
4
29
27
12
3
47
24
15
17
50
45
43
26
6
49
44
31
40
23
41
48
9
42
16
2
28
11
18
37
5
34
21
30
13
38
13
16
42
45
25
10
21
33
27
2
32
29
12
34
3
50
18
35
40
48
17
14
1
5
37
15
46
31
9
47
49
26
39
20
8
38
19
11
43
28
44
6
23
7
24
30
36
41
22
4
21
6
27
12
45
23
1
29
20
41
38
7
3
43
39
40
46
14
36
44
9
35
47
26
18
25
8
34
30
4
5
42
33
11
37
28
16
48
50
17
24
49
32
13
15
19
2
10
31
22
35
3
43
14
19
7
11
40
21
37
33
25
49
8
23
9
1
32
5
22
26
4
30
13
42
29
18
24
28
36
39
41
47
48
2
31
12
45
38
44
10
27
15
46
20
17
6
34
50
16
41
26
50
28
18
1
19
48
15
34
3
44
46
30
45
11
14
31
10
32
4
27
38
39
12
17
5
43
35
21
16
20
37
6
24
22
33
29
47
13
40
2
36
42
9
8
23
25
7
49
11
24
15
25
39
18
9
12
29
3
47
16
33
20
37
26
17
50
28
34
21
7
35
45
46
10
30
49
38
2
42
4
23
27
6
44
40
36
14
1
31
22
43
8
48
5
13
19
32
41
30
22
4
5
14
3
27
15
6
23
10
42
1
47
7
38
28
24
20
25
36
34
49
21
26
37
39
48
11
29
2
50
46
9
19
16
31
17
12
41
45
33
35
44
40
13
43
32
18
8
36
40
39
42
38
9
48
31
11
1
44
15
32
46
49
28
13
16
21
20
27
23
50
2
19
3
17
47
8
43
22
18
25
45
4
12
41
33
29
30
34
37
6
24
35
26
10
7
14
5
8
11
36
4
21
2
46
47
35
44
34
14
30
26
5
41
23
13
49
42
7
37
33
20
10
31
1
45
50
9
28
19
15
24
12
27
22
43
17
29
16
18
39
3
38
25
40
6
48
32
47
35
31
24
30
40
3
28
4
46
43
38
29
36
20
23
41
8
7
16
48
15
19
22
17
2
33
32
44
37
18
39
12
34
14
21
45
6
42
27
25
9
50
1
13
10
11
49
5
26
40
47
32
18
10
48
45
16
34
30
5
17
31
12
44
24
15
41
22
13
42
33
23
8
11
4
7
37
39
19
43
36
2
26
49
3
35
38
20
9
1
50
28
14
6
29
25
27
21
46
43
28
6
44
11
46
18
37
26
42
27
9
48
49
17
1
21
10
19
47
12
30
32
16
31
35
38
13
40
41
50
45
14
36
22
2
3
5
25
23
4
34
33
29
7
15
24
8
39
20
14
45
41
23
35
37
17
26
5
40
20
49
44
18
9
48
6
43
38
4
39
1
28
46
32
22
27
50
7
33
21
16
11
8
25
36
10
13
3
19
15
31
42
2
12
24
34
47
29
30
39
8
3
6
41
29
4
21
37
49
1
30
50
32
27
19
45
44
13
15
35
36
31
42
28
38
10
12
23
25
26
48
17
2
20
24
14
7
18
40
5
46
34
22
16
9
47
11
33
43
3
29
19
41
36
28
33
23
7
35
25
11
8
44
43
32
40
17
48
9
45
26
22
12
27
6
21
10
37
18
13
49
4
15
39
42
38
16
30
31
46
24
47
50
2
20
5
1
34
14
31
14
38
7
44
17
35
36
28
50
24
20
19
42
16
8
25
33
47
37
23
43
46
10
29
39
13
27
49
26
48
1
34
18
32
11
30
9
40
22
21
15
4
45
41
12
3
5
6
2
19
49
30
33
17
25
39
4
43
32
21
1
23
3
26
14
22
20
50
18
10
2
9
15
5
47
16
11
41
6
29
40
36
46
42
34
13
24
31
38
48
8
7
28
37
35
27
12
45
44
48
12
23
29
37
5
20
35
33
4
14
50
25
16
32
15
30
28
11
6
2
13
44
36
7
19
31
40
24
10
8
34
43
3
26
47
49
1
46
45
27
42
22
41
17
38
18
39
9
21
16
15
2
46
48
30
31
1
44
19
41
10
21
29
42
12
39
11
33
26
50
28
43
9
24
8
14
22
20
17
36
13
45
7
18
32
47
35
27
34
37
5
3
23
25
4
49
38
40
6
50
20
16
13
49
11
36
10
19
22
18
39
17
15
28
6
26
48
31
29
30
41
25
24
40
23
45
14
34
35
46
44
32
38
21
37
5
2
9
33
12
1
27
47
42
43
7
4
8
3
10
2
47
50
15
44
5
34
25
27
31
12
43
40
33
20
37
21
26
28
8
39
24
6
22
9
19
17
4
3
11
46
42
49
16
41
29
18
32
7
13
48
30
38
23
45
35
14
1
36
46
48
37
49
32
34
12
3
50
31
19
43
26
27
22
13
33
36
2
17
15
9
39
40
38
18
25
1
16
45
41
8
7
5
35
20
42
28
24
6
30
14
11
10
44
21
29
23
4
47
23
9
26
37
47
43
14
6
31
25
42
40
18
38
34
46
27
29
41
10
28
19
45
33
44
11
15
2
36
39
20
17
16
22
50
8
32
4
49
35
7
21
24
5
30
48
1
13
3
12
5
7
17
34
31
22
37
41
38
6
11
18
16
10
35
36
24
46
45
27
20
47
12
49
3
50
42
25
15
30
32
23
21
13
1
43
28
14
44
8
26
40
2
33
29
39
4
9
19
48
34
32
45
48
3
26
7
43
8
24
50
28
38
19
13
17
47
2
25
35
18
20
27
23
15
44
40
30
14
5
9
29
49
33
10
4
21
37
1
11
6
39
16
36
22
46
41
31
12
42
49
34
28
20
9
13
41
42
40
7
48
2
36
33
21
18
50
4
35
14
22
31
8
25
6
32
26
16
29
12
45
24
38
30
3
46
23
15
39
43
11
19
5
27
47
44
17
37
10
1
33
17
14
15
1
42
28
7
49
18
12
48
45
50
38
21
32
5
3
23
6
44
37
31
9
41
24
29
27
22
34
25
10
47
43
39
11
26
13
16
19
36
8
20
4
2
30
40
46
35
2
13
18
40
28
31
16
22
24
17
30
46
37
21
48
5
4
42
34
1
43
6
11
32
14
20
36
9
10
50
25
38
8
12
45
7
44
27
23
39
35
47
29
19
3
49
26
15
41
33
12
19
5
36
23
47
10
30
1
38
9
26
34
11
4
44
35
39
29
2
40
50
6
3
49
24
37
20
42
15
33
28
48
43
13
14
18
25
22
46
17
16
21
31
8
41
32
45
27
7
28
46
34
31
50
36
26
39
30
45
22
4
35
25
24
7
49
9
43
19
33
48
42
11
21
13
44
6
3
27
10
47
18
40
15
1
8
41
5
14
2
23
12
17
32
16
37
20
38
29
37
44
46
27
40
4
42
5
3
10
6
19
20
48
47
16
2
15
23
8
38
49
29
1
36
26
11
41
21
34
12
7
9
28
30
13
25
50
35
24
32
17
14
39
33
18
31
22
43
45
42
39
13
17
4
32
23
11
45
43
16
8
15
24
50
2
5
26
30
40
29
21
34
19
1
49
41
7
22
28
27
33
6
44
48
18
37
47
10
20
38
25
9
12
36
14
46
3
35
31
4
43
12
9
29
45
24
38
14
47
13
37
22
23
36
30
34
18
6
50
46
5
7
41
16
1
2
35
25
8
40
3
27
31
28
33
39
49
21
15
42
44
10
26
19
32
20
48
11
17
