9
31
48
8
43
15
22
50
12
16
17
24
41
5
1
49
7
45
39
21
19
29
10
38
13
28
32
42
47
46
30
27
3
25
40
35
26
23
11
36
14
4
20
18
37
6
44
33
2
34
32
25
10
3
16
6
43
26
23
12
8
46
5
7
2
19
11
39
17
24
13
40
36
29
41
14
9
4
18
38
47
35
50
37
27
30
1
45
20
48
33
28
34
21
49
31
22
44
42
15
22
21
33
47
27
13
30
24
39
26
7
31
40
2
41
46
36
25
29
43
1
8
5
14
35
42
50
38
12
23
6
37
44
17
11
45
15
34
48
4
9
10
49
16
18
3
19
28
32
20
1
41
49
38
33
7
50
19
24
43
40
6
47
31
27
45
20
34
9
39
44
22
18
35
4
30
12
5
2
11
23
15
42
16
8
10
17
21
28
32
13
3
48
25
46
37
29
26
36
14
45
39
24
21
6
41
44
23
22
9
4
5
28
35
14
47
42
30
18
7
17
10
3
27
2
43
48
36
33
32
1
34
29
19
20
49
46
8
15
50
37
38
13
11
26
40
31
12
16
25
20
28
9
2
26
12
15
13
47
21
41
27
42
22
29
34
3
1
4
49
24
25
14
7
18
16
8
33
32
31
38
43
5
39
44
17
48
40
36
37
50
6
35
30
10
11
45
46
23
19
17
42
11
22
5
39
25
46
13
29
33
30
10
6
12
3
44
15
1
41
14
18
16
36
34
48
4
8
31
40
37
2
24
50
9
23
7
20
19
21
43
32
45
49
28
47
38
35
26
27
27
4
35
16
12
49
13
40
41
28
37
33
3
14
8
29
19
23
42
38
6
46
17
43
48
7
47
15
25
24
31
22
20
10
34
5
2
30
21
18
39
26
1
32
45
36
9
50
44
11
38
27
20
1
22
24
32
45
16
33
29
21
6
13
10
31
8
47
14
30
11
12
40
28
23
46
3
19
48
44
15
5
36
41
17
50
43
39
26
49
18
35
25
4
34
7
42
2
37
9
7
23
44
26
32
5
2
9
18
13
45
22
4
17
40
10
38
49
15
50
20
16
41
48
43
27
35
21
46
42
14
12
31
29
36
19
34
3
33
47
8
30
37
6
11
1
39
24
25
28
26
50
40
35
34
19
29
8
48
20
46
3
11
1
30
22
12
6
24
31
37
17
2
18
45
36
49
44
13
5
7
16
14
42
33
25
27
32
4
39
23
41
38
9
43
28
15
21
47
10
29
43
7
32
2
14
47
18
46
36
39
34
13
37
11
42
9
19
44
12
31
45
26
4
21
40
28
3
17
1
24
6
30
23
38
15
50
22
8
10
20
25
41
35
27
33
48
16
49
5
24
38
1
30
46
8
6
17
4
5
26
47
7
39
18
27
10
40
16
36
25
2
21
37
3
34
29
28
45
13
35
11
41
14
32
9
20
19
31
42
49
33
44
48
50
22
12
43
15
23
44
10
22
43
13
35
49
27
42
48
28
26
2
9
25
33
16
36
32
46
41
11
20
50
30
5
6
29
19
7
4
21
38
1
37
40
24
12
34
3
47
45
31
15
14
23
8
18
17
39
15
30
25
11
24
50
38
44
2
14
49
32
39
45
31
43
48
3
8
33
34
42
4
17
47
21
23
18
5
37
19
9
22
35
46
6
36
10
7
26
41
12
16
40
1
27
28
29
20
13
18
36
21
40
8
38
34
2
50
11
23
13
24
28
15
25
31
35
27
45
49
32
48
47
20
33
22
46
26
14
17
10
1
4
5
29
6
44
41
12
3
7
19
43
39
9
16
42
30
37
2
33
37
10
39
16
40
49
17
15
27
41
9
4
42
35
43
7
6
11
5
38
13
30
44
12
20
23
1
48
3
8
28
32
47
26
19
31
45
25
22
29
46
34
21
50
14
36
24
18
25
1
17
19
7
20
8
32
10
39
36
35
14
23
46
4
41
27
12
3
47
24
15
22
50
45
43
26
6
49
44
31
40
21
29
48
9
42
16
2
28
11
18
37
5
34
33
30
13
38
13
16
8
45
20
10
17
5
27
2
35
49
12
34
3
50
18
4
40
25
32
14
1
42
37
15
46
31
9
47
21
26
19
43
48
38
29
11
6
28
44
39
23
7
24
30
36
41
22
33
21
6
27
12
45
23
18
29
20
8
38
7
50
43
39
1
46
14
36
44
9
3
47
26
33
25
40
34
30
4
5
42
35
11
41
28
16
48
37
17
24
49
32
13
15
19
2
10
31
22
35
40
2
7
19
3
11
33
21
37
15
45
49
8
23
9
1
32
5
22
39
4
30
13
42
29
18
24
28
36
25
41
47
48
26
31
12
43
38
44
10
27
17
46
20
14
6
34
50
16
41
26
50
28
18
1
19
48
15
34
3
44
46
30
45
11
14
31
10
32
4
27
38
16
12
17
5
43
35
21
39
20
37
6
24
22
33
29
47
13
40
2
36
42
9
8
23
25
7
49
11
24
15
25
42
18
9
12
29
3
47
36
33
20
37
26
17
50
46
34
21
7
35
45
32
10
30
39
38
2
16
4
23
27
6
44
40
49
14
1
31
22
43
8
48
5
13
19
28
41
30
22
4
5
14
33
27
38
6
23
10
25
1
47
7
39
28
11
20
42
36
35
49
21
26
37
24
48
34
29
2
3
46
9
19
16
31
17
12
41
45
50
15
44
40
13
43
32
18
8
36
5
39
42
38
9
48
31
11
1
44
15
32
46
49
28
13
16
21
20
27
23
50
2
19
3
17
47
8
43
22
18
25
45
4
12
41
33
29
30
34
37
6
24
35
26
10
7
14
40
8
11
36
4
21
2
1
47
35
19
34
42
30
26
33
41
23
13
49
5
7
37
44
20
10
31
25
45
50
9
28
14
15
24
12
27
22
46
17
29
16
18
39
3
38
43
40
6
48
32
47
35
31
37
30
40
3
28
32
46
2
38
29
36
20
23
4
12
7
16
48
15
19
24
8
41
33
49
44
22
18
39
43
34
14
21
45
6
42
27
25
9
50
1
13
10
11
17
5
26
40
47
32
18
10
48
45
16
34
30
5
17
31
12
44
24
15
41
22
13
42
33
23
8
11
4
7
37
39
19
43
36
2
26
49
3
35
38
50
9
1
20
28
14
6
29
25
27
21
46
43
18
6
44
11
46
14
37
26
42
19
9
48
49
38
16
21
10
28
47
12
30
32
41
31
35
1
13
40
20
50
45
27
36
22
2
3
5
25
23
4
34
33
29
7
15
24
8
39
17
14
45
41
23
35
37
21
36
5
40
20
16
44
18
9
48
6
43
38
4
26
1
28
46
39
22
15
50
7
33
49
32
11
8
25
24
10
13
3
19
27
31
42
2
12
17
34
47
29
30
39
8
3
6
41
29
4
21
37
49
1
20
27
32
36
40
45
44
13
15
35
34
31
19
28
38
10
12
23
25
26
48
17
2
30
43
14
7
18
24
5
46
9
22
16
42
50
11
33
47
3
29
23
41
36
28
33
14
7
35
43
11
8
44
6
32
40
17
19
9
45
26
22
12
27
2
21
10
37
18
13
49
4
15
39
42
38
16
30
31
46
24
47
50
25
20
5
1
34
48
31
14
38
36
44
17
35
25
28
50
24
18
19
42
16
8
32
33
47
37
23
43
46
10
29
39
13
27
49
26
48
1
34
20
7
11
30
9
40
22
21
15
4
45
41
12
3
5
6
2
19
37
30
33
17
25
39
4
43
32
21
1
23
3
26
14
22
20
50
18
10
36
9
15
5
47
16
11
41
6
29
40
12
46
42
34
13
24
2
38
48
8
7
28
31
35
27
49
45
44
48
12
5
29
37
27
20
35
33
4
14
50
25
16
32
15
34
28
11
6
2
13
43
44
7
19
31
40
24
10
8
30
26
3
23
47
49
1
46
45
36
42
22
41
17
38
18
39
9
21
16
15
42
46
48
30
31
1
44
41
25
10
21
29
43
12
39
37
33
26
50
28
11
9
24
8
14
22
20
17
36
13
45
7
18
32
47
35
27
34
19
5
3
23
2
4
49
38
40
6
50
20
16
13
49
11
36
10
19
22
18
39
17
15
28
6
26
48
31
29
30
41
25
34
40
23
45
14
43
35
46
44
32
38
21
37
5
2
9
33
12
1
27
47
42
24
7
4
8
3
10
2
47
50
15
44
5
34
25
27
31
12
43
40
13
20
37
21
26
28
8
39
24
6
22
9
19
17
11
3
42
46
33
49
16
41
4
18
32
7
29
48
30
38
23
45
35
14
1
36
46
48
19
49
25
34
12
3
36
31
32
29
26
27
22
13
33
8
2
17
15
9
39
40
38
18
37
1
16
45
41
50
7
5
35
20
42
28
24
6
30
14
11
10
44
21
47
23
4
43
23
9
26
15
47
43
46
6
31
44
42
40
18
38
48
37
27
29
41
10
28
19
45
33
14
11
34
2
36
39
20
17
16
22
50
8
32
4
49
35
7
21
24
5
30
25
1
13
3
12
5
7
43
34
31
22
37
41
38
6
11
23
16
10
35
36
24
46
45
48
3
47
12
49
17
50
42
25
15
30
32
19
21
13
1
18
28
14
44
8
26
40
2
33
29
39
20
9
27
4
34
32
45
48
3
26
7
43
8
24
50
28
38
19
5
17
47
2
25
35
18
20
27
23
15
44
39
30
14
16
9
29
49
33
10
4
21
37
1
11
6
13
40
36
22
46
41
31
12
42
49
34
28
20
9
4
41
42
40
7
48
2
36
33
21
18
50
22
35
14
38
31
8
25
6
32
26
16
29
12
45
24
13
30
3
46
23
15
39
43
11
19
5
27
47
44
17
37
10
1
33
17
14
24
1
42
28
7
49
18
12
48
45
50
19
21
29
5
3
23
22
44
37
31
9
6
38
32
27
41
34
25
10
47
43
39
11
26
13
16
15
36
8
20
4
2
30
40
46
35
4
13
18
39
28
21
16
22
45
17
30
14
37
25
34
5
2
42
48
1
43
6
33
32
46
20
36
9
10
50
11
38
8
12
31
7
44
27
23
40
35
47
29
19
3
49
26
15
41
24
12
3
29
14
23
47
10
30
1
38
9
43
34
11
4
44
35
26
37
2
40
50
6
5
49
24
27
20
42
15
33
28
48
18
13
36
39
25
22
46
17
16
21
31
8
41
32
45
19
7
28
46
34
31
50
36
26
39
30
45
22
4
35
21
24
7
49
9
43
19
33
48
42
11
25
13
44
6
3
27
10
47
18
40
15
1
8
41
5
14
2
23
12
17
32
16
37
20
38
29
37
44
46
27
40
31
42
15
3
10
6
19
20
48
47
38
30
24
23
8
16
49
29
1
36
26
11
41
21
34
12
7
9
28
2
13
25
50
35
5
32
17
14
39
33
18
4
22
43
45
42
19
13
17
4
32
23
11
9
25
16
8
15
24
50
2
5
18
30
40
29
21
34
39
1
49
41
7
22
28
27
33
6
44
45
14
37
47
10
20
38
43
26
12
36
48
46
3
35
31
6
49
12
9
29
45
24
20
14
47
13
37
22
41
17
30
25
38
34
27
46
5
7
3
16
1
2
35
4
8
40
23
39
31
28
33
18
36
43
15
42
44
10
26
19
32
21
48
11
50
