9
37
48
8
43
15
22
50
12
16
17
24
41
5
1
49
7
45
39
21
19
29
10
38
13
28
32
42
47
46
30
27
3
25
40
35
26
23
11
36
14
4
20
18
31
6
44
33
2
34
32
25
10
3
16
6
43
40
23
12
8
46
5
7
2
39
11
1
17
24
13
35
36
44
29
14
9
26
18
38
47
19
50
37
27
30
45
41
20
48
33
28
34
21
49
31
22
4
42
15
22
21
33
47
27
13
30
24
39
26
7
31
40
2
41
37
36
25
48
43
1
34
5
14
35
42
50
38
12
20
6
8
44
17
11
45
15
49
46
4
9
10
23
16
18
3
19
28
32
29
1
41
49
38
33
7
11
13
24
8
40
6
47
31
36
45
25
34
9
39
17
22
18
35
4
30
12
5
2
44
23
50
42
16
37
10
29
21
28
32
15
3
48
27
46
43
20
26
19
14
45
12
24
21
6
41
44
36
50
9
4
5
28
35
14
47
42
30
18
7
20
10
3
27
2
43
48
39
33
32
1
34
29
19
23
49
46
8
15
22
37
38
13
11
26
40
31
17
16
25
24
13
9
2
26
12
15
20
47
21
48
27
42
41
29
34
3
35
4
49
22
25
14
7
46
16
28
33
32
31
38
43
5
39
44
17
18
40
36
37
50
6
1
30
10
11
8
45
23
19
17
42
11
22
5
39
25
46
13
29
15
36
10
6
12
3
44
38
1
41
14
18
16
30
34
48
4
8
31
27
37
2
24
50
9
23
7
20
19
21
43
32
45
49
28
47
40
35
26
33
6
4
35
16
12
49
13
25
41
28
18
33
27
14
8
29
19
23
42
38
3
46
17
43
48
7
47
21
1
24
31
22
20
10
34
5
2
30
37
40
39
26
15
32
45
36
9
50
44
11
38
27
20
1
22
24
32
45
36
33
29
21
6
13
10
31
8
47
14
30
11
12
40
28
44
46
3
19
48
23
15
5
26
41
17
50
43
39
16
49
18
35
25
4
34
7
42
2
37
9
7
23
44
26
20
21
50
9
18
13
45
22
4
17
40
10
38
49
15
5
32
16
41
48
43
27
35
2
46
42
14
12
31
29
36
19
34
3
33
47
8
30
37
6
11
1
39
24
25
28
26
50
40
35
34
19
29
8
48
44
46
3
11
1
30
22
20
12
24
36
37
17
2
18
45
6
31
49
13
5
7
16
39
42
33
14
27
32
4
9
23
41
38
25
43
28
15
21
47
10
29
28
5
32
2
14
47
18
46
36
39
34
44
37
11
42
9
19
7
12
31
45
26
4
23
40
25
3
17
1
24
6
30
21
38
15
50
22
8
10
20
13
41
35
27
33
48
16
49
43
15
38
1
13
46
8
6
17
32
5
26
47
7
39
18
27
10
40
16
31
25
2
21
37
3
34
29
4
45
36
35
11
41
14
30
9
20
19
48
42
49
33
44
24
50
22
12
43
28
23
44
10
22
43
13
35
9
27
42
48
37
49
2
8
25
33
16
26
32
46
41
11
20
29
30
5
6
36
28
50
4
21
19
1
7
40
24
12
34
3
47
45
31
15
14
23
38
18
17
39
20
30
25
11
24
50
38
44
2
14
49
32
39
45
31
43
48
3
8
33
34
42
4
17
47
21
23
18
5
37
19
9
22
35
46
6
36
10
7
26
41
12
16
40
1
27
28
29
15
13
18
36
21
40
8
38
34
2
28
11
35
13
50
23
15
25
31
24
27
45
49
32
48
47
20
33
22
46
26
14
17
10
1
4
5
29
6
44
41
12
3
7
19
43
39
9
16
42
30
37
42
33
37
10
39
16
40
49
17
15
2
41
9
4
6
35
43
7
44
11
5
38
13
22
8
12
20
23
19
48
3
30
28
32
47
26
1
31
45
25
27
29
46
34
21
50
14
36
24
18
25
1
17
19
7
20
8
32
10
39
36
35
14
22
46
4
23
27
12
3
47
24
15
16
50
45
43
29
6
49
44
31
40
26
41
48
9
42
21
2
28
11
18
37
5
34
33
30
13
38
13
16
29
45
25
10
17
5
27
2
32
4
12
34
42
50
18
6
40
48
39
14
1
3
37
15
46
31
9
47
21
26
33
23
8
38
19
11
43
28
44
20
49
7
24
30
36
41
22
35
21
6
27
12
1
23
33
29
20
41
38
7
13
43
39
40
46
14
36
44
9
8
47
26
18
25
37
34
30
4
5
42
35
11
45
28
16
48
50
17
24
49
32
3
15
19
2
10
31
22
35
43
8
39
19
3
7
15
21
37
33
45
49
28
23
9
1
32
5
22
26
4
30
13
42
29
18
24
14
40
11
41
47
48
2
31
12
36
38
44
10
27
17
46
20
25
6
34
50
16
41
26
50
28
18
1
19
48
15
34
3
44
46
30
45
11
14
31
10
42
4
27
38
32
12
17
5
43
35
21
16
20
37
6
24
22
33
29
47
39
40
2
36
13
9
8
23
25
7
49
11
24
15
25
42
18
49
12
29
3
47
16
33
9
37
26
17
50
46
27
21
7
35
45
32
10
30
28
38
2
39
4
23
20
6
44
40
34
14
1
31
22
43
8
48
5
13
19
36
41
30
22
4
5
14
9
27
33
6
23
10
42
1
47
7
38
28
11
20
50
36
3
49
21
26
37
39
48
24
29
2
15
46
34
19
16
31
17
12
41
45
25
35
44
40
13
43
32
18
8
36
18
39
42
38
5
48
31
11
1
44
15
24
46
49
28
13
16
21
32
27
23
50
2
19
3
17
47
8
43
22
14
25
45
4
12
41
33
29
30
34
37
6
9
35
26
10
7
20
40
8
11
36
4
21
44
1
47
35
19
34
23
30
26
33
41
2
13
49
25
7
37
43
20
10
31
40
45
50
9
28
3
15
24
12
27
22
46
17
29
16
18
39
42
38
14
5
6
48
32
47
35
31
30
4
40
3
28
45
46
25
38
29
36
20
23
49
8
37
16
48
15
19
24
41
2
33
32
44
7
18
39
34
43
14
21
17
6
42
27
22
9
50
1
13
10
11
12
5
26
40
47
7
18
10
48
45
16
34
30
5
17
31
12
44
24
15
41
22
13
42
33
23
8
11
4
49
37
39
19
43
36
2
9
32
3
35
38
26
20
1
50
28
14
6
29
25
27
21
46
43
19
6
44
11
46
18
37
26
42
14
9
48
49
17
1
21
10
28
47
12
30
32
41
31
35
38
13
40
16
50
45
27
36
22
2
3
5
25
23
4
34
33
29
7
15
24
8
39
20
14
45
41
23
32
37
21
26
5
40
20
18
16
15
9
48
6
43
38
4
44
1
28
46
39
22
27
50
7
33
49
35
11
8
25
24
10
13
3
19
36
31
42
2
12
17
34
47
29
30
39
8
3
6
41
29
4
21
37
20
1
30
34
32
43
19
45
44
13
15
35
40
31
42
28
38
10
12
23
25
26
48
17
2
49
36
14
7
18
50
5
46
9
22
16
24
47
11
33
27
3
29
2
41
23
28
46
14
7
35
43
11
8
44
48
32
40
17
6
9
33
26
22
12
27
36
21
10
37
18
25
49
4
15
39
42
38
16
30
31
13
24
47
50
19
20
45
1
34
5
31
14
38
7
44
17
35
19
22
50
28
20
32
42
16
8
34
33
47
37
23
43
46
10
25
39
13
27
49
26
48
1
36
18
29
11
30
9
40
24
21
15
4
45
41
12
3
5
6
2
19
31
30
33
17
25
39
4
43
32
21
1
23
3
26
14
22
20
50
18
10
36
9
15
5
47
16
11
41
6
29
40
12
46
42
34
13
24
2
38
48
8
7
28
37
35
27
49
45
44
48
5
14
29
30
27
20
35
33
4
23
50
25
16
32
15
12
28
11
6
2
13
44
36
7
19
24
40
34
10
8
37
43
3
26
47
49
1
31
45
46
42
22
41
17
38
18
39
9
21
16
15
42
46
48
30
31
1
44
43
41
10
21
29
19
12
39
4
33
26
50
28
11
9
24
8
14
22
20
17
36
13
45
7
18
32
47
35
27
34
25
5
3
23
2
37
49
38
40
6
50
20
16
15
49
11
36
10
19
22
24
39
17
18
28
6
26
48
31
29
30
41
25
34
40
23
45
14
43
35
13
44
32
38
21
37
5
2
9
33
12
1
27
47
42
4
7
46
8
3
10
2
47
50
15
33
5
34
25
27
31
12
43
40
13
20
37
21
26
28
8
39
24
6
22
9
19
17
11
3
42
46
14
49
16
41
4
18
32
7
29
48
30
38
23
45
35
44
1
36
46
48
43
49
36
34
12
3
16
31
19
29
26
27
22
13
33
37
2
17
15
9
39
40
38
18
8
1
25
45
41
32
7
5
35
20
42
28
24
6
30
14
11
10
44
21
50
23
4
47
23
9
26
37
47
43
2
6
31
25
42
40
18
38
34
46
27
29
41
10
28
19
45
33
14
11
15
44
36
39
20
17
16
22
50
8
32
4
49
35
7
21
24
5
30
48
1
13
3
12
5
7
19
34
31
22
37
41
38
6
11
43
3
10
35
36
24
46
45
20
16
47
12
49
17
50
42
25
15
30
32
23
21
13
1
18
28
14
44
8
26
40
2
33
29
39
4
9
27
48
34
32
45
48
3
26
14
43
8
24
50
28
38
19
5
17
47
2
25
35
18
20
27
23
15
44
7
30
16
13
9
29
49
33
10
4
21
37
1
11
6
39
40
36
22
46
41
31
12
42
49
34
28
20
9
4
41
42
40
7
27
2
36
33
21
18
50
22
35
14
38
31
8
25
6
32
26
16
29
12
45
24
13
30
3
46
23
15
39
43
11
19
5
48
47
44
17
37
10
1
33
17
32
14
35
42
28
7
49
18
12
48
45
50
38
21
30
5
3
23
6
44
37
31
9
41
1
15
27
22
34
25
10
47
43
39
11
26
13
16
19
36
8
20
4
2
29
40
46
24
2
40
18
24
28
31
16
22
4
17
30
14
37
25
27
5
32
42
34
1
43
6
33
39
21
20
36
9
10
11
46
38
8
12
48
7
44
45
23
13
35
47
29
19
3
49
26
15
41
50
12
39
23
36
45
47
10
30
1
38
9
26
19
11
4
44
35
18
29
2
40
50
6
5
49
24
34
20
42
15
33
28
48
27
13
43
37
25
22
46
17
16
21
31
8
41
32
3
14
7
28
46
34
31
50
36
26
39
30
49
22
25
35
21
24
7
29
9
43
19
45
48
42
11
33
13
44
6
3
41
10
47
18
40
15
1
8
27
5
14
2
23
12
17
32
16
37
20
38
4
37
44
46
27
40
2
42
38
3
10
6
19
20
48
47
16
4
15
23
8
24
49
29
1
36
26
11
41
21
34
12
7
9
28
31
13
25
50
35
5
32
17
14
39
33
18
30
22
43
45
4
3
13
17
37
32
23
11
9
45
16
8
15
24
50
2
5
39
30
40
29
21
34
19
1
49
41
7
22
28
27
33
6
44
20
25
48
47
10
18
38
43
26
12
36
42
46
14
35
31
27
49
12
9
29
45
24
23
14
47
13
37
22
20
3
30
41
36
19
34
46
5
7
50
16
1
2
35
4
8
40
18
38
31
28
33
39
43
6
15
42
44
10
26
25
32
21
48
11
17
