9
18
48
8
43
15
22
50
12
16
17
24
41
5
1
49
7
45
39
21
19
29
10
38
13
28
32
42
47
46
30
27
3
25
40
35
26
23
11
36
37
4
20
14
31
6
44
33
2
34
32
25
10
3
16
6
43
26
23
12
8
34
5
7
2
1
11
4
17
24
13
40
36
29
44
14
9
39
18
38
41
19
50
37
27
30
45
46
20
48
33
28
35
21
49
31
22
47
42
15
22
21
29
47
27
13
30
24
39
26
7
31
40
2
41
37
36
25
6
43
1
34
5
14
35
42
50
38
12
23
46
8
44
17
11
33
15
45
48
4
9
10
49
16
18
3
19
28
32
20
1
41
49
42
33
7
17
13
50
8
40
6
47
31
36
45
20
34
9
39
11
22
18
35
4
30
12
5
2
44
23
15
43
16
29
10
19
21
28
32
25
3
48
24
46
14
38
26
27
37
45
37
24
21
6
41
44
20
22
9
4
5
28
35
14
47
42
30
18
7
39
10
3
27
2
43
48
31
33
32
1
34
29
19
23
49
46
8
15
12
36
38
13
11
26
40
50
17
16
25
6
42
9
2
26
3
15
28
47
21
24
27
13
20
29
34
41
22
4
48
12
25
14
7
46
16
8
33
32
31
38
43
5
39
44
17
18
40
36
37
50
35
1
30
10
11
45
49
23
19
17
3
11
22
5
39
25
46
13
29
15
30
10
6
12
38
44
26
1
41
14
18
16
42
34
48
4
8
31
27
37
2
24
50
9
23
7
20
19
21
43
32
45
49
28
47
40
35
36
33
15
4
35
16
12
49
13
40
41
28
25
33
27
14
8
29
19
23
42
38
17
46
7
43
48
6
47
21
1
24
31
22
20
10
34
5
2
30
3
18
39
26
37
32
45
36
9
50
44
11
38
27
20
1
22
24
32
45
11
33
29
21
6
13
10
31
8
47
14
30
44
12
40
28
23
46
3
19
48
36
15
5
35
41
17
50
43
39
26
49
18
16
25
4
34
7
42
2
37
9
7
23
44
26
20
5
21
9
18
13
45
22
4
17
40
10
38
49
15
50
32
16
41
48
43
27
35
2
46
42
14
12
31
29
36
19
37
3
33
47
8
30
34
6
11
1
39
24
25
28
26
50
40
14
34
19
29
8
48
49
46
3
11
1
30
22
12
35
24
5
37
17
2
18
45
9
31
44
13
20
7
16
39
42
33
36
27
32
4
6
23
41
38
25
43
28
15
21
47
10
29
13
7
32
2
14
47
18
46
36
39
43
44
37
11
42
9
19
28
12
31
45
26
4
21
40
34
3
17
1
24
6
30
23
38
15
50
22
8
10
20
25
41
35
27
33
48
16
49
5
24
38
1
36
46
8
6
17
32
5
26
47
7
39
18
27
10
40
16
31
25
3
21
37
33
34
29
15
45
13
35
11
41
14
30
9
4
19
2
42
49
20
44
48
50
22
12
43
28
23
44
10
22
43
45
35
9
27
42
48
49
26
2
8
25
33
16
38
32
46
41
11
20
50
30
5
6
36
28
7
4
21
19
1
37
40
24
12
34
3
47
13
31
15
14
23
29
18
17
39
20
30
25
11
24
50
38
44
2
14
19
32
39
45
31
43
48
3
8
33
34
42
4
17
47
21
23
18
5
37
49
9
22
35
46
6
36
10
7
26
41
12
16
40
1
27
28
29
15
13
12
36
21
35
8
38
34
2
9
11
28
13
24
23
15
25
31
18
27
45
49
32
48
47
20
33
22
46
26
14
17
10
1
4
5
29
6
44
41
50
3
7
19
43
39
37
16
42
30
40
11
33
43
10
30
16
40
49
17
15
27
41
9
4
6
35
2
7
44
42
5
38
13
39
8
12
20
23
19
48
3
37
28
32
47
26
1
31
45
25
22
29
46
34
21
50
14
36
24
18
25
1
17
19
7
20
8
33
10
39
36
35
14
22
46
4
23
27
12
3
47
24
15
32
50
45
28
26
6
49
44
31
40
43
41
48
9
42
16
2
29
11
18
37
5
34
21
30
13
38
13
16
8
45
25
10
4
19
27
2
35
49
12
34
17
50
18
39
40
6
3
14
1
5
37
15
46
32
9
47
21
26
42
31
48
38
20
11
43
28
44
33
23
7
24
30
36
41
22
29
21
6
27
12
35
23
33
29
20
41
38
7
50
43
39
40
46
14
36
44
9
8
47
26
18
25
1
34
30
4
5
42
13
11
45
28
16
48
37
17
24
49
32
3
15
19
2
10
31
22
35
39
2
7
19
12
50
15
21
37
33
45
49
28
23
3
1
32
5
22
26
4
30
13
42
29
18
24
11
40
25
41
47
48
8
31
17
36
38
44
10
27
9
46
20
43
6
34
14
16
41
26
50
28
18
1
19
48
15
34
3
44
46
30
45
11
14
31
10
32
4
27
38
16
12
17
5
43
35
21
39
20
37
6
24
22
33
29
47
13
40
2
36
42
9
8
23
25
7
49
42
24
15
25
32
18
49
12
29
3
47
36
33
9
37
26
17
50
46
34
21
7
11
45
39
10
30
28
38
2
16
4
23
27
6
44
40
35
14
1
31
22
43
8
48
5
13
19
20
41
30
22
4
5
14
33
27
25
6
23
10
42
1
47
7
39
28
24
20
11
36
35
49
21
26
37
38
48
34
29
2
3
46
9
19
16
31
17
12
41
45
50
15
44
40
13
43
32
18
8
36
28
39
40
38
32
48
31
5
1
44
15
42
46
49
9
13
16
21
20
27
23
43
2
19
3
17
47
8
11
22
14
25
45
4
12
41
33
29
30
34
37
6
18
35
26
10
7
50
24
8
11
36
4
21
2
14
47
35
19
34
46
30
26
3
41
43
1
49
25
7
37
44
20
10
31
40
45
50
9
28
23
15
24
12
27
22
5
17
29
16
18
39
13
38
42
33
6
48
32
47
35
31
30
4
40
3
32
24
46
2
38
29
36
20
23
25
8
37
16
48
15
19
22
41
7
33
49
44
43
18
39
17
34
14
21
12
6
42
27
28
9
50
1
13
10
11
45
5
26
40
47
32
18
10
48
45
16
34
30
5
17
31
12
44
24
15
41
22
13
42
33
23
8
11
4
7
37
39
19
43
36
2
26
20
3
35
49
50
9
1
46
28
38
6
29
25
27
21
14
43
12
6
44
11
46
1
37
26
42
18
9
48
49
5
28
21
10
7
47
20
30
32
41
31
35
27
13
40
16
50
45
14
36
22
2
3
38
25
23
4
34
33
29
19
15
24
8
39
17
14
45
41
23
39
37
18
5
36
40
20
16
32
15
9
48
6
43
26
4
38
1
28
46
3
22
49
50
7
33
47
35
11
8
25
24
10
13
21
19
27
31
42
2
12
17
34
44
29
30
39
8
3
6
41
29
46
21
37
20
1
4
34
32
42
19
45
44
13
15
35
36
50
30
28
38
10
12
23
25
26
48
27
2
49
43
14
7
18
24
5
40
17
22
16
9
31
11
33
47
3
29
33
41
13
28
2
14
7
35
23
11
8
44
48
32
40
17
19
9
45
26
22
12
27
36
21
10
37
18
6
49
4
15
39
42
38
16
30
31
46
24
47
50
25
20
5
1
34
43
31
14
38
24
44
17
35
36
28
50
32
18
19
42
16
8
29
33
47
37
23
43
46
10
25
39
13
27
49
26
48
1
34
20
7
11
30
9
40
22
21
15
4
45
41
12
3
5
6
2
19
49
30
33
17
25
39
4
43
32
21
1
23
3
26
14
22
20
50
18
10
2
9
15
5
47
16
11
41
6
29
40
36
46
42
34
13
24
31
38
48
8
7
28
37
35
27
12
45
44
48
43
5
29
23
27
20
35
33
4
14
50
25
16
32
15
34
28
11
36
2
13
31
44
7
19
37
40
24
10
8
30
12
3
26
47
49
1
46
45
6
42
22
41
17
38
18
39
9
21
16
15
42
46
48
30
31
1
44
25
37
10
21
29
43
12
39
11
33
26
50
28
35
9
24
8
14
22
20
17
36
13
45
7
18
32
47
41
27
34
19
5
3
23
2
4
49
38
40
6
50
20
16
15
49
11
36
10
19
22
43
39
17
18
28
6
26
48
31
29
30
41
25
34
40
23
45
14
4
35
13
44
32
38
21
37
5
2
9
33
12
1
27
47
42
24
7
46
8
3
10
2
47
50
15
44
5
34
25
27
31
12
43
40
33
20
37
21
38
28
8
39
24
6
22
11
19
17
14
3
42
46
26
49
16
41
29
18
32
7
13
48
30
9
23
45
35
4
1
36
46
48
37
49
36
34
12
3
16
31
41
29
26
27
22
13
33
6
2
17
15
9
39
40
38
18
25
1
43
45
19
32
7
5
35
20
42
28
24
8
30
14
11
10
44
21
47
23
4
50
23
9
26
37
47
43
11
6
31
44
42
40
18
38
34
46
27
29
41
10
28
19
45
33
14
2
15
25
36
39
20
17
16
22
50
8
32
4
49
35
7
21
24
5
30
48
1
13
3
12
5
7
23
34
31
22
37
41
38
6
11
20
3
10
35
36
24
46
45
27
16
47
12
49
17
50
42
4
15
30
32
18
21
13
1
25
28
14
44
40
26
43
2
33
29
39
8
9
19
48
34
32
45
48
3
26
7
43
8
24
50
28
38
19
13
17
47
2
25
35
18
20
27
23
15
44
39
30
16
5
9
29
49
33
10
4
21
37
1
11
14
6
40
36
22
46
41
31
12
42
49
34
28
20
9
4
41
42
40
7
48
2
36
33
21
18
50
13
35
14
22
31
8
25
6
32
26
16
29
12
45
24
38
30
3
46
23
15
39
43
11
19
5
27
47
44
17
37
10
1
33
17
14
38
1
42
28
7
49
18
12
48
45
50
19
21
32
5
3
23
6
44
37
31
9
41
24
29
27
22
34
25
10
47
43
39
11
26
13
16
15
36
8
20
4
2
30
40
46
35
2
40
18
13
28
21
16
22
45
17
30
14
37
25
27
5
4
42
48
1
43
6
33
24
32
20
36
9
10
50
11
38
8
12
31
7
44
34
23
39
35
47
29
19
3
49
26
15
41
46
27
5
19
39
37
47
10
30
1
38
9
23
16
11
4
44
35
12
29
2
40
50
6
36
49
24
43
20
42
15
33
28
48
18
13
14
34
25
22
46
17
45
21
31
8
41
32
3
26
7
28
46
34
31
50
36
26
39
30
45
22
25
35
21
24
7
49
9
43
19
33
48
42
11
29
13
44
6
3
41
10
47
18
40
15
1
8
27
5
14
2
23
12
17
32
16
37
20
38
4
37
44
46
27
40
31
42
38
3
10
6
19
20
48
47
16
30
15
23
8
24
49
29
1
36
26
11
41
21
34
12
7
9
28
2
13
25
50
35
5
32
17
14
39
33
18
4
22
43
45
18
19
13
17
42
9
23
11
4
43
16
8
15
24
50
2
5
37
30
40
29
21
34
3
1
49
41
7
22
28
27
33
6
44
32
45
48
47
10
20
38
39
26
12
36
25
46
14
35
31
4
31
12
9
29
45
24
23
14
47
13
37
22
41
38
30
3
36
34
49
46
5
17
19
16
1
2
35
25
8
40
50
33
21
28
18
39
43
6
15
42
44
10
26
7
32
20
48
11
27
