18
37
48
8
43
15
22
50
12
16
17
24
41
5
1
49
7
45
39
21
19
29
10
38
13
28
32
42
47
46
30
27
3
25
40
35
26
23
11
36
14
4
20
9
31
6
44
33
2
34
32
25
10
3
16
6
43
26
23
12
8
34
5
7
2
40
11
4
17
24
13
35
36
44
39
14
9
29
18
38
47
19
50
37
27
30
20
41
46
48
33
28
1
21
49
31
22
45
42
15
22
21
33
47
27
13
30
24
39
26
7
31
40
2
41
37
36
25
6
43
1
8
5
14
35
42
50
38
12
23
49
32
44
17
11
45
15
46
48
4
9
10
34
16
18
3
19
28
20
29
1
41
49
42
33
7
14
20
11
8
40
6
47
31
17
45
43
34
9
39
44
22
18
35
4
30
12
5
2
36
23
15
13
16
29
10
37
21
28
32
27
3
48
25
46
24
38
26
19
50
45
12
37
21
6
41
44
36
50
9
4
5
28
35
14
47
42
30
18
7
24
10
3
27
2
43
48
31
33
32
1
34
29
19
23
49
46
8
15
39
22
38
13
11
26
40
20
17
16
25
42
28
9
2
26
12
15
13
47
21
24
27
6
41
29
34
3
22
4
49
45
25
14
7
18
16
1
33
32
31
38
43
5
39
44
17
48
40
36
37
50
20
35
30
10
11
8
46
23
19
17
3
11
22
5
39
25
46
13
29
15
30
10
6
12
38
44
36
1
41
14
18
16
42
34
48
4
8
31
40
37
2
24
50
9
23
7
20
19
21
43
32
45
49
28
47
33
35
26
27
15
4
35
16
12
49
13
25
41
28
37
33
27
14
8
29
19
23
42
38
17
46
7
43
48
6
47
21
1
24
31
22
20
10
34
5
2
30
3
18
39
26
40
32
45
36
9
50
44
11
38
27
20
1
22
24
32
45
36
33
29
21
16
13
10
31
8
47
14
30
11
12
40
28
23
46
3
19
48
44
15
5
35
41
17
50
43
39
26
49
18
6
25
4
34
7
42
2
37
9
7
23
44
26
20
21
50
9
18
13
45
22
4
17
40
10
38
49
15
5
32
16
41
48
43
27
35
2
46
42
14
12
31
29
36
19
34
3
33
47
8
30
37
6
11
1
39
24
25
28
26
50
40
35
34
19
29
8
48
20
46
3
11
1
30
22
49
39
24
36
37
17
2
18
45
9
31
44
13
6
7
16
43
42
33
14
27
32
4
12
23
41
38
5
25
28
15
21
47
10
29
13
23
32
2
14
47
18
46
36
39
28
34
37
11
42
9
19
44
12
31
45
26
4
25
40
7
3
17
1
24
6
30
21
38
15
50
22
8
10
20
33
41
35
27
43
48
16
49
5
24
38
1
30
46
8
6
17
32
5
26
47
7
39
18
27
10
40
16
31
25
36
21
37
33
34
29
15
45
20
35
11
41
14
48
9
4
19
2
42
49
13
44
3
50
22
12
43
28
23
44
10
22
7
13
35
9
27
42
48
19
26
2
8
25
33
16
38
32
46
41
11
20
50
30
5
6
36
28
43
4
21
34
1
49
40
24
12
37
3
47
45
31
15
14
23
29
18
17
39
20
30
25
11
24
50
38
44
2
14
49
32
39
45
31
43
48
3
8
33
34
42
4
19
47
21
23
18
5
37
13
9
22
35
46
6
36
10
7
26
41
12
16
40
1
27
28
29
15
17
12
36
21
40
8
38
34
2
28
11
35
13
24
23
15
25
31
18
27
45
49
32
48
47
20
33
22
46
26
14
17
10
1
4
5
29
6
44
41
50
3
7
19
43
39
9
16
42
30
37
6
33
39
10
30
16
40
49
17
15
27
41
9
4
42
35
2
7
19
11
5
38
13
22
44
12
20
23
43
48
3
8
28
32
47
26
1
31
45
25
37
29
46
34
21
50
14
36
24
18
25
1
17
19
7
20
8
33
10
39
36
35
14
22
46
4
32
27
12
3
47
24
15
16
50
45
28
26
6
49
44
31
40
23
41
48
9
42
43
2
29
11
18
37
5
34
21
30
13
38
13
16
5
45
32
10
21
19
27
2
33
43
12
34
48
50
18
35
40
25
3
14
1
29
37
15
46
49
9
47
6
26
42
20
8
38
17
11
31
28
44
39
23
7
24
30
36
41
22
4
21
6
27
12
35
23
1
29
20
45
38
7
13
43
39
3
46
14
36
44
9
40
47
26
41
25
8
34
30
4
5
42
33
11
37
28
16
48
50
17
24
49
32
18
15
19
2
10
31
22
35
43
8
15
19
3
2
40
21
37
14
45
49
28
23
9
1
32
5
22
39
4
30
13
42
29
18
24
11
7
25
41
47
48
26
31
12
36
38
44
10
27
17
46
20
33
6
34
50
16
41
26
50
28
18
1
19
48
15
34
3
44
46
30
45
11
14
31
10
32
4
27
38
39
12
17
5
43
35
21
16
20
37
6
24
22
33
29
47
13
40
2
36
42
9
8
23
25
7
49
11
24
15
25
42
18
49
12
29
3
47
16
33
9
37
26
17
50
28
6
21
7
35
45
32
10
30
39
38
2
27
4
23
46
20
44
40
34
14
1
31
22
43
8
48
5
13
19
36
41
30
22
4
5
14
33
27
38
6
23
10
42
1
47
7
39
28
11
20
34
36
3
49
21
26
37
25
48
24
29
2
50
46
9
19
16
31
17
12
41
45
35
15
44
40
13
43
32
18
8
36
39
32
43
38
5
48
31
9
1
44
15
42
46
49
28
13
16
21
20
27
23
50
2
19
3
17
47
8
11
22
18
25
45
4
12
41
33
29
30
34
37
6
24
35
26
10
7
14
40
8
11
36
4
21
2
33
47
35
19
34
46
30
26
3
41
23
1
49
42
7
37
44
20
10
31
40
45
50
9
28
14
15
24
12
27
22
43
17
29
16
18
39
13
38
25
5
6
48
32
47
35
31
24
4
40
3
5
22
46
2
38
29
36
20
23
34
12
37
16
48
15
19
30
8
7
33
28
44
41
18
39
17
43
14
21
45
6
42
27
25
9
50
1
13
10
11
49
32
26
40
47
7
18
10
48
45
16
34
30
5
17
31
12
44
24
15
41
22
13
42
33
23
8
11
4
49
37
39
19
43
36
2
26
32
3
35
38
20
9
1
50
28
14
6
29
25
27
21
46
43
18
6
44
11
46
17
37
26
42
28
9
48
49
27
1
21
10
7
47
20
30
32
41
31
35
38
13
40
16
50
45
12
36
22
2
3
5
25
23
4
34
33
29
19
15
24
8
39
14
14
45
41
23
39
37
18
32
5
40
20
49
44
15
9
48
6
43
38
4
26
1
28
46
3
22
27
50
7
33
21
35
11
8
25
24
10
13
16
19
36
31
42
2
12
17
34
47
29
30
39
8
3
6
41
29
4
21
37
49
1
20
50
32
36
19
45
44
13
15
35
34
31
17
28
38
10
12
23
25
26
48
27
2
30
43
14
7
18
40
5
46
9
22
16
42
47
11
33
24
3
29
2
41
23
28
46
14
7
35
25
11
8
44
5
32
40
17
48
9
33
26
22
12
27
36
21
10
37
18
19
49
4
15
39
42
38
16
30
31
6
24
47
50
43
20
45
1
34
13
31
14
38
36
44
17
35
28
24
50
18
25
32
42
16
8
20
33
47
37
23
43
46
10
29
39
13
27
49
26
48
1
19
34
7
11
30
9
40
22
21
15
4
45
41
12
3
5
6
2
19
49
30
33
17
25
39
4
43
32
21
1
23
3
26
14
22
20
50
18
10
2
9
15
46
47
16
11
41
5
29
40
36
31
42
34
13
24
6
38
48
8
7
28
37
35
27
12
45
44
48
31
24
29
36
44
20
35
33
4
23
50
25
16
32
15
12
28
11
27
2
13
43
5
7
19
37
40
14
10
8
30
26
3
6
47
49
1
34
45
46
42
22
41
17
38
18
39
9
21
16
15
42
46
48
30
31
1
44
25
41
10
21
29
43
12
39
37
33
26
50
28
11
9
24
8
14
22
20
17
36
13
45
7
18
32
47
35
27
34
19
5
3
23
2
4
49
38
40
6
50
20
16
13
49
11
36
10
19
22
43
39
17
18
28
6
26
15
31
29
30
41
25
24
40
23
45
14
34
35
46
44
32
38
21
37
5
2
9
33
12
1
27
47
42
48
7
4
8
3
10
2
47
50
15
9
5
34
25
27
31
12
43
40
33
20
37
21
26
28
8
39
24
6
22
11
19
17
4
3
42
46
14
49
16
41
29
18
32
7
13
48
30
38
23
45
35
44
1
36
46
48
29
49
25
34
12
3
16
31
32
36
26
27
22
13
33
8
2
17
15
9
39
40
38
18
43
1
19
45
41
37
7
5
35
20
42
28
24
6
30
14
11
10
44
21
50
23
4
47
23
9
26
14
47
43
11
6
31
44
42
40
18
38
34
46
27
29
41
10
28
19
45
33
5
2
15
25
36
39
20
17
16
22
50
8
32
4
49
35
7
21
24
48
30
37
1
13
3
12
5
7
19
34
31
22
37
41
38
6
11
18
3
10
35
36
24
46
45
48
16
47
12
49
17
50
42
4
15
30
32
23
21
13
1
25
28
14
44
8
26
43
2
33
29
39
40
9
27
20
34
32
45
48
3
26
7
43
8
24
50
14
38
19
6
17
47
2
25
35
18
20
27
23
15
44
39
30
16
13
9
29
49
33
10
4
21
37
1
11
28
40
12
36
22
46
41
31
5
42
49
34
28
20
9
4
41
42
40
7
48
2
36
33
21
18
50
13
35
14
22
31
8
25
6
32
26
16
29
12
45
24
38
30
3
46
23
15
39
43
11
19
5
27
47
44
17
37
10
1
33
17
14
38
1
42
28
7
49
18
12
48
45
50
19
21
29
5
3
23
6
44
37
31
9
41
24
32
27
22
34
25
10
47
43
39
11
26
13
16
15
36
8
20
4
2
30
40
46
35
2
40
18
39
28
32
16
22
45
17
30
4
37
21
13
5
25
42
46
1
43
6
33
34
14
20
36
9
10
50
11
38
8
12
31
7
44
27
23
24
35
47
29
19
3
49
26
15
41
48
27
5
43
37
45
47
10
30
1
38
9
23
19
11
4
44
35
26
29
2
40
50
6
3
49
24
34
20
42
15
33
28
48
18
13
36
39
25
22
46
17
16
21
31
8
41
32
14
12
7
28
46
34
31
50
36
26
39
30
41
22
29
35
25
24
7
4
9
43
19
12
48
42
11
21
13
44
6
3
27
10
47
18
40
15
1
8
45
5
14
2
23
49
17
32
16
37
20
38
33
37
44
46
27
40
31
42
15
3
10
6
19
20
48
47
16
30
24
23
8
38
49
29
1
36
26
11
41
21
34
12
7
9
28
2
13
25
50
35
5
32
17
14
39
33
18
4
22
43
45
9
42
13
17
37
27
23
11
4
43
16
8
15
24
50
2
5
48
30
40
29
21
34
32
1
49
41
7
22
28
39
33
6
44
45
18
19
47
10
20
38
25
26
12
36
14
46
3
35
31
4
19
12
9
29
45
24
23
14
47
13
37
22
20
38
30
41
6
34
50
46
5
17
36
16
1
2
35
25
8
40
3
39
27
28
33
18
49
21
15
42
44
10
26
7
32
31
48
11
43
