18
37
48
8
43
15
22
50
12
16
17
24
41
5
1
49
7
45
39
21
19
29
10
38
13
28
32
42
47
46
30
27
3
25
40
35
26
23
11
36
14
4
20
9
31
6
44
33
2
34
32
25
10
3
16
6
43
40
23
12
8
4
5
7
2
1
11
26
17
24
13
34
36
44
29
14
9
39
18
38
47
19
50
37
27
30
20
41
46
48
33
28
35
21
49
31
22
45
42
15
22
21
32
47
27
33
30
24
39
26
7
31
40
2
41
46
36
25
29
43
1
8
5
14
35
42
50
38
12
23
6
37
44
17
11
45
15
34
48
4
9
10
49
16
18
3
19
28
20
13
1
41
49
13
33
7
14
36
50
44
40
6
47
31
17
45
25
34
9
39
11
22
18
35
4
30
12
5
2
37
23
15
43
16
8
10
29
21
28
32
19
3
48
42
46
24
38
26
27
20
45
12
39
21
6
41
44
23
22
20
4
5
28
35
14
47
42
30
18
7
24
10
3
27
2
43
48
31
33
32
1
34
29
19
37
49
46
8
15
9
36
38
13
11
26
40
50
17
16
25
24
42
9
2
26
12
15
13
47
21
35
27
6
41
29
34
3
8
4
49
22
25
14
7
18
16
28
33
32
31
38
43
5
39
44
17
48
40
36
37
50
20
1
30
10
11
45
46
23
19
17
3
11
22
5
39
25
46
13
29
15
30
10
6
12
38
44
36
1
41
14
18
16
42
34
48
4
8
31
40
37
2
24
50
9
23
7
20
19
21
43
32
45
49
28
47
33
35
26
27
15
4
35
16
12
49
13
25
41
28
37
33
27
14
8
29
19
23
42
38
17
46
7
43
48
6
47
21
1
24
31
22
20
10
34
5
2
30
3
18
39
26
40
32
45
36
9
50
44
11
38
27
20
1
22
24
32
45
16
33
29
21
44
13
10
31
8
47
14
30
26
12
40
28
23
46
3
19
48
11
15
5
35
41
17
50
43
39
37
49
18
6
25
4
34
7
42
2
36
9
7
23
44
26
32
21
2
9
18
13
45
22
4
17
40
10
38
49
15
50
20
16
41
48
43
27
35
28
46
42
14
12
31
29
36
19
34
3
33
47
8
30
37
6
11
1
39
24
25
5
26
50
40
35
34
19
29
8
48
49
46
3
11
1
30
22
20
6
24
5
37
17
2
18
45
9
31
36
13
44
7
16
39
42
33
14
27
32
4
12
23
41
38
25
43
28
15
21
47
10
29
13
5
32
2
14
47
18
46
36
39
28
34
37
11
42
9
19
44
12
31
45
26
4
21
40
7
3
17
1
24
6
30
23
38
15
50
22
8
10
20
43
41
35
27
25
48
16
49
33
4
38
1
24
46
8
6
17
32
5
26
47
7
39
18
27
10
40
16
48
25
2
21
37
14
34
29
15
45
36
35
11
41
20
30
9
33
19
31
42
49
13
44
3
50
22
12
43
28
23
44
10
22
38
37
35
49
27
42
48
28
29
2
9
25
33
16
13
32
46
41
11
20
36
30
5
6
26
43
50
4
21
19
1
7
40
24
12
34
3
47
45
31
15
14
23
8
18
17
39
20
30
25
11
24
50
38
44
2
14
49
32
39
45
31
43
48
3
8
33
34
42
4
19
47
21
23
18
5
16
13
9
22
35
46
6
36
10
7
26
41
12
17
40
1
27
28
29
15
37
12
36
21
9
8
38
34
2
24
11
18
13
50
23
15
25
31
35
27
45
49
32
48
47
20
33
22
46
26
14
17
10
1
4
5
29
6
44
41
40
3
7
19
43
39
37
16
42
30
28
6
33
42
10
30
16
40
49
17
15
2
41
9
4
27
35
43
7
37
11
5
38
13
39
44
12
20
23
19
48
3
8
28
32
47
26
1
31
45
25
22
29
46
34
21
50
14
36
24
18
25
1
33
19
7
20
8
26
10
39
36
35
14
22
46
4
41
27
12
3
47
24
15
17
50
45
43
32
6
49
44
31
40
21
23
48
9
42
16
2
28
11
18
37
5
34
29
30
13
38
13
16
8
45
35
10
17
20
27
2
43
49
12
34
3
50
18
4
40
6
32
14
1
5
37
15
46
25
9
47
39
26
42
31
48
38
19
11
21
28
44
33
23
7
24
30
36
41
22
29
21
6
27
12
45
23
1
29
20
8
38
7
13
43
39
40
46
14
36
44
9
35
47
26
3
25
37
34
30
4
5
42
33
11
41
28
16
48
50
17
24
49
32
18
15
19
2
10
31
22
35
43
17
40
19
2
50
28
21
37
33
45
49
8
23
3
1
32
5
22
39
4
30
13
42
29
18
24
25
7
11
41
47
48
26
31
12
36
38
44
10
27
15
46
20
9
6
34
14
16
42
26
50
28
18
1
19
48
15
34
3
44
46
30
45
11
14
31
10
32
4
27
33
16
12
17
5
43
35
21
41
20
37
6
24
22
39
29
47
13
40
2
36
38
9
8
23
25
7
49
11
24
15
25
42
18
9
12
29
3
47
36
33
28
37
26
17
50
6
34
21
7
35
45
39
10
30
49
38
2
16
4
23
27
20
44
40
46
14
1
31
22
43
8
48
5
13
19
32
41
30
22
4
5
14
11
27
33
6
23
10
42
1
47
7
39
28
38
20
25
36
3
49
21
26
37
15
48
24
29
2
50
46
34
19
16
31
17
12
41
45
35
9
44
40
13
43
32
18
8
36
39
14
42
38
5
48
31
9
1
44
15
32
46
49
28
13
16
21
20
27
23
11
2
19
3
17
47
8
43
22
18
25
45
4
12
41
33
29
30
34
37
6
24
35
26
10
7
50
40
8
11
36
4
21
3
46
47
35
19
34
23
30
26
13
41
2
1
49
42
7
37
44
20
10
31
25
45
50
9
28
14
15
24
12
27
22
43
17
29
16
18
39
5
38
33
40
6
48
32
47
35
31
30
4
40
3
5
45
46
32
38
29
36
20
23
49
24
28
16
48
15
19
22
8
7
33
2
44
41
18
39
34
43
14
21
17
6
42
27
25
9
50
1
13
10
11
12
37
26
40
47
7
18
10
48
45
16
34
30
5
17
31
12
44
9
15
41
22
13
42
33
23
8
11
4
49
37
39
19
43
36
2
26
32
3
35
38
20
50
1
46
28
14
6
29
25
27
21
24
43
28
6
44
11
46
18
37
26
42
27
9
48
49
38
16
21
10
19
47
12
30
32
41
31
35
1
13
40
20
50
45
14
36
22
2
3
5
25
23
4
34
33
29
7
15
24
8
39
17
14
45
41
23
39
37
21
15
5
40
20
16
3
18
9
48
6
43
38
4
44
1
28
46
32
22
24
50
7
33
49
35
11
8
25
36
10
13
26
19
27
31
42
2
12
17
34
47
29
30
39
8
3
6
41
29
4
21
37
9
1
46
42
32
36
19
45
44
13
15
35
40
17
30
28
38
10
12
23
25
26
48
27
2
49
24
14
7
18
20
5
50
34
22
16
43
31
11
33
47
3
29
2
41
13
28
33
14
7
35
23
11
8
44
43
32
40
17
48
9
45
26
22
12
27
36
21
10
37
18
25
49
4
15
39
42
38
16
30
31
6
24
47
50
19
20
5
1
34
46
31
14
38
7
44
17
35
32
28
50
19
20
24
42
16
8
34
33
47
37
23
43
46
10
25
39
13
27
49
26
48
1
36
18
29
11
30
9
40
22
21
15
4
45
41
12
3
5
6
2
19
31
30
33
17
25
39
4
43
32
21
1
23
3
26
14
22
20
50
18
10
36
9
15
5
47
16
11
41
6
29
40
12
46
42
34
13
24
2
38
48
8
7
28
37
35
27
49
45
44
48
5
37
29
23
44
20
35
33
4
14
50
25
16
32
15
12
28
11
36
2
13
31
24
7
19
27
40
34
10
8
30
26
3
6
47
49
1
43
45
46
42
22
41
17
38
18
39
9
21
16
15
19
46
48
30
31
1
44
41
25
10
21
29
42
12
39
11
33
26
50
28
43
9
24
8
14
22
20
17
36
13
45
7
18
32
47
35
27
34
37
5
3
23
2
4
49
38
40
6
50
20
16
43
49
13
36
10
19
22
24
39
17
15
28
6
26
18
31
29
30
41
25
34
40
23
45
14
11
35
46
44
32
38
21
37
5
2
9
33
12
1
27
47
42
48
7
4
8
3
10
2
47
50
15
9
5
34
25
27
31
12
43
40
33
20
37
21
26
28
8
39
24
6
22
11
19
17
14
3
42
46
38
49
16
41
4
18
32
7
29
48
30
13
23
45
35
44
1
36
46
48
29
49
25
34
12
3
36
31
41
43
26
27
22
13
33
37
2
17
15
9
39
40
38
18
8
1
16
45
19
32
7
5
35
20
42
28
24
6
30
14
11
10
44
21
47
23
4
50
23
9
26
15
47
43
11
6
31
25
42
40
18
38
5
37
27
29
41
10
28
19
45
33
46
2
34
44
36
39
20
17
16
22
50
8
32
4
49
35
7
21
24
48
30
14
1
13
3
12
5
7
43
34
31
22
37
41
38
6
11
18
16
10
35
36
24
46
45
27
3
47
12
49
17
50
42
4
15
30
32
23
21
13
1
25
28
14
44
8
26
40
2
33
29
39
20
9
19
48
34
32
45
48
3
26
7
43
8
24
50
14
38
19
6
17
47
2
25
35
18
20
27
23
15
44
40
30
28
5
9
29
49
33
10
4
21
37
1
11
13
39
16
36
22
46
41
31
12
42
49
34
28
20
9
4
41
42
40
7
48
2
36
33
21
18
50
22
35
14
38
31
8
25
6
32
26
16
29
12
45
24
13
30
3
46
23
15
39
43
11
19
5
27
47
44
17
37
10
1
33
17
24
14
1
42
28
7
49
18
12
48
45
50
19
21
32
5
3
23
6
44
37
31
9
41
38
29
27
22
34
25
10
47
43
39
11
26
13
16
15
36
8
20
4
2
30
40
46
35
2
40
18
39
28
27
16
22
11
17
30
34
37
25
48
5
4
42
46
1
43
6
50
32
33
20
36
9
10
13
21
38
8
12
31
7
44
45
23
24
35
47
29
19
3
49
26
15
41
14
27
18
23
37
36
47
10
30
1
38
9
26
19
11
4
44
35
12
34
2
40
50
6
29
49
24
39
20
42
15
33
28
48
14
13
43
45
25
22
46
17
16
21
31
8
41
32
3
5
7
28
46
34
31
50
36
26
39
30
45
22
25
35
21
24
7
29
9
43
19
33
48
42
11
41
13
44
6
3
27
10
47
18
40
15
1
8
49
5
14
2
23
12
17
32
16
37
20
38
4
37
44
46
27
40
31
42
38
3
10
6
19
20
48
47
24
30
15
23
8
16
49
29
1
36
26
11
41
21
34
12
7
9
28
2
13
25
50
35
5
32
17
14
39
33
18
4
22
43
45
9
19
13
17
20
32
23
11
4
43
16
8
15
24
50
2
5
48
30
40
29
21
34
3
1
49
41
7
22
28
27
33
6
44
45
18
37
47
10
39
38
25
26
12
36
42
46
14
35
31
41
49
12
36
29
45
24
19
14
47
13
37
22
20
34
30
23
39
7
31
46
5
38
50
16
1
2
35
4
8
40
3
17
9
28
33
18
27
6
15
42
44
10
26
25
32
21
48
11
43
