18
37
48
8
43
15
22
50
12
16
17
24
41
5
1
49
7
26
39
21
19
29
10
38
13
28
32
42
47
46
30
27
3
25
40
35
45
23
11
36
14
4
20
9
31
6
44
33
2
34
32
25
10
3
16
6
43
26
23
12
8
20
5
7
2
39
11
45
17
24
13
40
36
19
41
14
9
44
18
38
47
35
50
37
27
30
29
34
46
48
33
28
1
21
49
31
22
4
42
15
22
21
33
47
27
13
30
24
39
26
7
31
40
2
41
37
36
25
29
43
1
8
5
14
35
42
50
38
12
20
6
34
44
17
11
45
15
49
48
4
9
10
23
16
18
3
19
28
32
46
1
41
49
38
33
17
50
14
11
8
40
6
47
31
43
45
25
34
9
39
44
22
18
35
4
30
12
5
2
36
23
15
42
16
7
10
19
21
28
32
13
3
48
27
46
24
20
26
37
29
45
12
23
21
6
41
44
20
24
9
4
5
28
35
14
47
42
30
18
7
34
10
3
27
2
43
48
39
33
32
1
37
29
19
31
49
46
8
15
22
36
38
13
11
26
40
50
17
16
25
20
18
9
2
26
3
15
28
47
21
35
27
42
41
29
34
49
1
4
6
24
25
14
7
46
16
8
33
32
31
38
43
5
39
44
17
48
40
36
37
50
13
22
30
10
11
45
12
23
19
17
42
11
22
5
39
25
46
13
29
15
30
10
6
12
38
44
36
1
41
14
18
16
3
34
48
4
8
31
40
37
2
24
50
9
23
7
20
19
21
43
32
45
49
28
47
33
35
26
27
27
4
35
16
12
49
13
15
41
28
37
33
3
14
8
29
19
23
42
38
17
46
7
43
48
6
47
25
1
24
31
22
20
10
34
5
2
30
21
18
39
26
40
32
45
36
9
50
44
11
38
27
20
1
22
24
32
45
16
33
29
21
6
13
10
31
8
47
14
30
11
12
40
28
44
46
3
19
48
23
15
5
26
41
17
50
43
39
37
49
18
35
25
4
34
7
42
2
36
9
7
23
44
26
20
5
21
9
18
13
45
22
4
17
40
10
38
49
15
50
32
16
41
48
43
27
35
2
46
42
14
12
31
29
36
19
34
3
33
47
8
30
37
6
11
1
39
24
25
28
26
50
40
39
34
19
29
8
48
25
46
3
11
1
30
22
12
35
24
20
37
17
2
18
45
9
49
31
13
44
7
16
36
42
33
14
27
32
4
6
23
41
38
5
43
28
15
21
47
10
29
28
7
32
2
14
47
18
46
36
39
43
44
37
11
42
9
19
34
12
31
45
26
4
23
40
15
3
17
1
24
6
30
21
38
13
50
22
8
10
20
25
41
35
27
33
48
16
49
5
24
38
1
30
46
8
6
17
36
5
26
47
7
39
18
27
10
40
16
32
25
2
21
37
3
34
29
28
45
13
35
11
41
14
20
9
4
19
31
42
49
33
44
48
50
22
12
43
15
23
44
10
22
9
13
35
49
27
42
48
28
36
2
8
25
33
16
12
32
46
41
11
20
29
30
5
6
26
43
7
4
21
19
1
37
40
24
45
34
3
47
50
31
15
14
23
38
18
17
39
15
30
25
11
24
50
38
44
2
14
49
32
39
45
31
43
48
3
8
33
16
42
4
17
47
21
23
18
5
37
19
9
22
35
46
6
36
10
7
26
41
12
34
40
1
27
28
29
20
13
9
36
21
40
8
38
34
2
28
11
24
13
50
23
15
25
31
18
27
45
49
32
48
47
20
33
22
46
26
14
17
10
1
4
5
29
6
44
41
12
3
7
19
43
39
37
16
42
30
35
11
33
42
10
30
16
40
49
17
15
2
41
9
4
6
35
43
7
37
31
5
38
13
44
39
12
20
23
19
48
3
8
28
32
47
26
1
27
45
25
22
29
46
34
21
50
14
36
24
18
25
1
17
19
7
20
8
33
10
39
36
35
14
22
46
4
32
27
12
3
47
24
15
16
50
45
43
21
6
49
44
31
40
23
41
48
9
42
26
2
28
11
18
37
5
34
29
30
13
38
13
16
5
45
42
10
4
32
27
2
19
49
12
34
38
50
18
8
40
25
33
14
1
39
37
15
46
29
9
47
21
26
35
31
23
43
20
11
3
28
44
6
17
7
24
30
36
41
22
48
21
6
27
12
45
23
1
29
20
41
38
7
13
43
39
40
46
14
36
44
9
35
47
26
18
25
37
34
30
4
5
42
33
11
8
28
16
48
50
17
24
49
32
3
15
19
2
10
31
22
35
39
8
7
19
2
17
40
21
37
33
14
49
28
23
3
1
32
5
22
26
4
30
13
42
29
18
24
25
43
11
41
47
48
45
31
12
36
38
44
10
27
15
46
20
9
6
34
50
16
41
26
50
28
18
1
19
48
15
34
3
44
46
30
45
11
14
31
10
36
4
27
38
32
12
17
5
43
35
21
39
20
37
6
24
22
33
29
47
13
40
2
16
42
9
8
23
25
7
49
42
24
15
25
39
18
9
12
29
3
47
34
33
20
37
26
17
50
46
49
21
7
11
45
32
10
30
36
38
2
16
4
23
27
6
44
40
35
14
1
31
22
43
8
48
5
13
19
28
41
30
22
4
5
14
33
27
38
6
23
10
42
1
47
7
24
28
15
20
34
36
3
49
21
26
37
40
48
11
29
2
50
46
9
19
16
31
17
12
41
45
39
35
44
25
13
43
32
18
8
36
40
39
42
38
32
48
31
9
1
44
15
24
46
49
28
13
16
21
11
27
23
43
2
19
3
17
47
8
50
22
14
25
45
4
12
41
33
29
30
34
37
6
18
35
26
10
7
5
20
8
11
36
4
21
44
2
47
35
43
34
46
30
26
3
41
23
13
49
42
7
37
33
20
10
31
1
45
50
9
28
19
15
24
12
27
22
5
17
29
16
18
39
14
38
25
40
6
48
32
47
35
31
24
4
40
3
5
32
46
25
38
29
36
20
23
2
22
28
16
48
15
19
30
8
7
33
49
44
41
18
39
34
43
14
21
17
6
42
27
37
9
50
1
13
10
11
45
12
26
40
47
32
18
10
48
45
16
34
49
5
17
31
12
44
9
15
41
22
13
42
33
23
8
11
4
7
37
39
19
43
36
2
26
30
3
35
38
20
50
1
46
28
24
6
29
25
27
21
14
43
5
6
44
11
46
14
37
26
42
18
9
48
49
27
1
21
10
19
47
20
30
32
41
31
35
28
13
40
16
50
45
38
36
22
2
3
12
25
23
4
34
33
29
7
15
24
8
39
17
14
45
41
23
35
37
18
36
5
40
20
26
32
15
9
48
6
43
44
4
39
1
28
46
21
22
24
50
7
33
49
3
11
8
25
38
10
13
16
19
27
31
42
2
12
17
34
47
29
30
39
8
3
6
41
29
46
21
37
30
1
4
27
32
36
19
45
44
13
15
35
34
17
50
28
38
10
12
23
25
26
48
43
2
49
24
14
7
18
40
5
20
9
22
16
42
31
11
33
47
3
29
2
13
25
28
33
23
7
35
14
11
8
44
48
32
41
17
6
9
45
26
22
12
27
36
21
10
37
18
46
49
4
15
39
42
38
16
30
31
19
24
47
50
40
20
5
1
34
43
31
14
38
36
44
7
35
19
22
50
32
28
34
42
16
8
20
33
47
37
23
43
46
10
25
39
13
27
49
26
48
1
17
18
29
11
30
9
40
24
21
15
4
45
41
12
3
5
6
2
19
31
30
33
17
25
39
4
43
32
21
1
23
3
26
14
22
20
50
18
10
36
9
15
5
47
16
11
41
6
29
40
12
46
42
34
13
24
2
38
48
8
7
28
37
35
27
49
45
44
48
43
24
29
37
12
20
35
33
4
23
50
25
16
32
15
34
28
11
5
2
13
44
22
7
19
31
40
14
10
8
30
27
3
26
47
49
1
6
45
46
42
36
41
17
38
18
39
9
21
16
15
37
46
48
30
31
1
44
19
41
10
21
29
42
12
39
11
33
26
50
28
35
9
24
8
14
22
20
17
36
13
45
7
18
32
47
43
27
34
25
5
3
23
2
4
49
38
40
6
50
20
16
15
49
11
36
10
19
22
48
39
17
18
28
6
26
4
31
29
30
41
25
34
40
23
45
14
24
35
13
44
32
38
21
37
5
2
9
33
12
1
27
47
42
43
7
46
8
3
10
2
47
50
15
9
5
34
25
27
31
12
43
40
33
20
37
21
38
28
8
39
24
6
22
11
19
17
4
3
42
46
14
49
16
41
26
18
32
7
29
48
30
13
23
45
35
44
1
36
46
48
19
49
36
34
12
3
50
31
43
29
26
27
22
13
33
6
2
17
15
9
39
40
38
18
25
1
16
45
41
32
7
5
35
20
42
28
24
8
30
14
11
10
44
21
47
23
4
37
23
9
26
37
47
43
11
6
31
44
42
40
18
38
5
46
27
29
41
10
28
19
45
33
14
2
34
15
36
39
20
17
16
22
50
8
32
4
49
35
7
21
24
25
30
48
1
13
3
12
5
7
43
34
31
22
37
41
38
6
11
23
19
10
35
36
24
46
45
48
3
47
12
49
17
50
42
4
15
30
32
18
21
13
1
25
28
14
44
20
26
16
2
33
29
39
8
9
27
40
34
32
45
48
3
26
7
43
8
24
50
16
38
19
13
17
47
2
25
35
18
20
27
23
15
44
39
30
28
5
9
29
49
33
10
4
21
37
1
11
6
40
12
36
22
46
41
31
14
42
49
34
28
20
9
4
41
42
40
7
27
2
36
33
21
18
50
48
35
14
22
31
8
25
6
32
26
16
29
12
45
24
13
30
3
46
23
15
39
43
11
19
5
38
47
44
17
37
10
1
33
17
14
35
1
42
28
7
49
18
12
48
45
50
19
21
29
5
3
23
6
44
37
31
9
41
38
32
27
22
34
25
10
47
43
39
11
26
13
16
15
36
8
20
4
2
30
40
46
24
2
13
18
14
28
21
16
22
4
17
30
45
37
25
34
5
40
42
48
1
43
6
31
24
33
20
36
9
10
11
27
38
8
12
32
7
44
46
23
39
35
47
29
19
3
49
26
15
41
50
12
3
29
43
23
47
10
30
1
38
9
18
16
11
4
44
35
39
26
2
40
50
6
5
49
24
27
20
42
15
33
28
48
34
13
36
37
25
22
46
17
45
21
31
8
41
32
14
19
7
28
46
34
31
50
36
26
39
30
45
22
25
35
21
24
7
4
9
43
19
12
48
42
11
29
13
44
6
3
27
10
47
18
40
15
1
8
41
5
14
2
23
49
17
32
16
37
20
38
33
37
44
46
27
40
31
42
13
3
10
6
19
20
48
47
16
30
24
23
8
38
49
29
1
36
26
11
41
21
34
12
7
9
28
2
15
25
50
35
5
32
17
14
39
33
18
4
22
43
45
4
19
13
17
32
27
23
11
45
20
16
8
15
24
50
2
5
37
30
40
29
21
34
42
1
49
41
7
22
28
25
33
6
44
48
18
39
47
10
9
38
43
26
12
36
14
46
3
35
31
6
49
12
41
29
45
24
25
14
47
13
37
22
9
17
30
3
38
7
27
46
5
50
36
16
1
2
35
34
8
40
23
39
20
28
33
18
31
43
15
42
44
10
26
19
32
21
48
11
4
