9
18
48
8
43
15
22
50
12
16
17
24
41
5
1
49
7
26
39
21
19
29
10
38
13
28
32
42
47
46
30
27
3
25
40
35
45
23
11
36
37
4
20
14
31
6
44
33
2
34
32
25
10
3
16
6
43
26
23
12
8
4
5
7
2
19
11
45
17
24
13
40
36
44
41
14
9
39
18
38
47
34
50
37
27
30
29
35
20
48
33
28
1
21
49
31
22
46
42
15
22
21
29
47
27
33
30
24
39
26
7
31
40
2
41
37
36
25
46
43
1
8
5
14
35
42
50
38
12
23
6
32
44
17
11
45
15
34
48
4
9
10
49
16
18
3
19
28
20
13
1
41
49
15
33
7
17
13
50
8
40
6
47
31
38
45
43
34
9
39
11
22
18
35
4
30
12
5
2
44
23
19
42
16
29
10
37
21
28
32
27
3
48
25
46
14
20
26
36
24
45
12
24
21
6
41
44
20
22
9
4
5
28
35
14
47
42
30
18
7
34
10
3
27
2
43
48
31
33
32
1
37
29
19
23
49
46
8
15
39
36
38
13
11
26
40
50
17
16
25
24
13
9
2
26
12
15
28
47
21
35
27
6
41
29
34
49
48
4
42
45
25
14
7
18
16
1
33
32
31
38
43
5
39
44
17
20
40
36
37
50
46
22
30
10
11
8
3
23
19
17
3
11
22
5
39
25
46
13
29
33
30
10
6
12
38
44
15
1
41
14
18
16
42
34
48
4
8
31
36
37
2
24
50
9
23
7
20
19
21
43
32
45
49
28
47
40
35
26
27
6
4
35
16
12
49
13
40
41
28
25
33
27
14
8
29
19
23
42
38
3
46
17
43
48
7
47
21
1
24
31
22
20
10
34
5
2
30
37
18
39
26
15
32
45
36
9
50
44
11
38
27
20
1
22
24
32
45
36
33
29
21
16
13
10
31
8
47
14
30
44
12
40
28
23
46
3
19
48
11
15
5
26
41
17
50
43
39
6
49
18
35
25
4
34
7
42
2
37
9
7
23
44
26
20
21
50
9
18
13
45
22
4
17
40
10
38
49
15
5
32
16
41
48
43
27
35
2
46
42
14
12
31
29
36
19
34
3
33
47
8
30
37
6
11
1
39
24
25
28
26
50
40
9
34
19
29
8
48
49
46
3
11
1
30
22
20
35
24
36
37
17
2
18
45
6
31
44
13
43
7
16
39
42
33
14
27
32
4
12
23
41
38
5
25
28
15
21
47
10
29
28
33
32
2
14
47
18
46
36
39
34
44
37
11
42
9
19
7
12
31
45
26
4
21
40
25
3
17
1
24
6
30
23
38
15
50
22
8
10
20
13
41
35
27
43
48
16
49
5
4
38
1
30
46
8
6
17
24
5
26
47
7
39
18
27
10
40
16
31
25
36
21
37
32
34
29
28
45
13
35
11
41
14
20
9
48
19
2
42
49
33
44
3
50
22
12
43
15
23
44
10
22
7
37
35
9
27
42
48
43
36
2
8
25
33
16
13
32
46
41
11
20
19
30
5
6
49
28
50
4
21
38
1
26
40
24
12
34
3
47
45
31
15
14
23
29
18
17
39
15
30
25
11
24
50
38
44
2
14
49
32
39
45
31
43
48
3
8
33
20
42
4
16
47
21
23
18
5
37
13
9
22
35
46
6
36
10
7
26
41
12
34
40
1
27
28
29
19
17
12
36
21
35
8
38
34
2
28
11
37
13
50
23
15
25
31
18
27
45
49
32
48
47
20
33
22
46
26
14
17
10
1
4
5
29
6
44
41
24
3
7
19
43
39
9
16
42
30
40
11
33
37
10
42
16
40
49
17
15
2
41
9
4
43
35
30
7
6
27
5
38
13
39
44
12
20
23
19
48
3
8
28
32
47
26
1
31
45
25
22
29
46
34
21
50
14
36
24
18
25
1
32
19
7
20
8
23
10
39
36
35
14
22
46
4
29
27
12
3
47
24
15
17
50
45
43
26
6
49
44
31
40
21
41
48
9
42
16
2
28
11
18
37
5
34
33
30
13
38
13
16
5
45
4
10
21
38
27
2
19
25
12
34
42
50
18
8
40
48
17
14
1
29
37
15
46
32
9
47
49
26
35
20
31
43
39
11
3
28
44
6
23
7
24
30
36
41
22
33
21
6
27
12
35
23
1
29
20
41
38
7
13
43
39
40
46
14
36
44
9
3
47
26
33
25
37
34
30
4
5
42
45
11
8
28
16
48
50
17
24
49
32
18
15
19
2
10
31
22
35
43
8
39
19
9
7
14
21
37
15
45
49
28
23
3
1
32
5
22
26
4
30
13
42
29
18
24
25
40
11
41
47
48
2
31
12
36
38
44
10
27
17
46
20
33
6
34
50
16
41
26
50
28
18
1
19
48
15
34
3
44
46
30
45
11
14
31
10
32
4
27
38
36
12
17
5
43
35
21
39
20
37
6
24
22
33
29
47
13
40
2
16
42
9
8
23
25
7
49
42
24
15
25
39
18
11
12
29
3
47
16
33
20
37
26
17
50
28
34
21
7
35
45
46
10
30
36
38
2
27
4
23
9
6
44
40
49
14
1
31
22
43
8
48
5
13
19
32
41
30
22
4
5
14
3
27
33
6
23
10
42
1
47
7
39
28
24
20
50
36
35
49
21
26
37
38
48
11
29
2
15
46
34
19
16
31
17
12
41
45
25
9
44
40
13
43
32
18
8
36
40
39
42
38
5
48
31
9
1
44
15
32
46
49
28
13
16
21
11
27
23
43
2
19
3
17
47
8
20
22
18
25
45
4
12
41
33
29
30
34
37
6
24
35
26
10
7
14
50
8
11
36
4
21
2
46
47
35
19
34
23
30
26
33
41
3
1
49
25
7
37
44
20
10
31
40
45
50
9
28
14
15
24
12
27
22
43
17
29
16
18
39
13
38
42
5
6
48
32
47
35
31
41
30
40
3
32
45
46
24
38
29
36
20
23
34
22
37
16
48
15
19
5
8
2
33
4
44
7
18
39
12
43
14
21
17
6
42
27
25
9
50
1
13
10
11
49
28
26
40
47
7
18
10
48
45
16
34
30
5
17
31
12
44
24
15
41
22
13
42
33
23
8
11
4
49
37
39
19
43
36
2
46
32
3
35
38
26
20
1
50
28
9
6
29
25
27
21
14
43
19
6
44
11
46
18
37
26
42
27
9
48
49
17
1
21
10
38
47
12
30
32
41
31
35
28
13
40
16
50
45
14
36
22
2
3
5
25
23
4
34
33
29
7
15
24
8
39
20
14
45
41
23
32
37
49
36
5
40
20
26
3
18
9
48
6
43
44
4
39
1
28
46
17
22
27
50
7
33
16
35
11
8
25
38
10
13
21
19
15
31
42
2
12
24
34
47
29
30
39
8
3
6
41
29
4
21
37
20
1
46
42
32
27
9
45
44
13
15
35
34
50
30
28
38
10
12
23
25
26
48
19
2
49
24
14
7
18
40
5
43
36
22
16
17
31
11
33
47
3
29
2
40
13
28
33
5
7
35
23
11
8
44
48
32
41
17
19
9
6
26
22
12
27
36
21
10
37
18
25
49
4
15
39
42
38
16
30
31
14
24
47
50
43
20
45
1
34
46
31
14
38
36
44
17
35
19
32
50
28
20
24
42
16
8
25
33
47
37
23
43
46
10
29
39
13
27
49
26
48
1
34
18
7
11
30
9
40
22
21
15
4
45
41
12
3
5
6
2
19
49
30
33
17
25
39
4
43
32
21
1
23
3
26
14
22
20
50
18
10
2
9
15
5
47
16
11
41
6
29
40
36
31
42
34
13
24
46
38
48
8
7
28
37
35
27
12
45
44
48
5
23
29
36
44
20
35
33
4
14
50
25
16
32
15
12
28
11
6
2
13
31
22
7
19
24
40
34
10
8
30
27
3
37
47
49
1
43
45
46
42
26
41
17
38
18
39
9
21
16
15
42
46
48
30
31
1
44
25
41
10
21
29
3
12
39
37
33
26
50
28
11
9
24
8
14
22
20
17
36
13
43
7
18
32
47
45
27
34
19
5
35
23
2
4
49
38
40
6
50
20
16
43
49
13
36
10
19
22
18
39
17
15
28
6
26
11
31
29
30
41
25
34
40
23
45
14
24
35
46
44
32
38
21
37
5
2
9
33
12
1
27
47
42
48
7
4
8
3
10
2
47
50
15
11
5
34
25
27
31
12
43
40
13
20
37
21
26
28
8
39
24
6
22
9
19
17
14
3
42
46
33
49
16
41
4
18
32
7
29
48
30
38
23
45
35
44
1
36
46
48
19
49
25
34
12
3
16
31
32
29
26
27
22
13
33
36
2
17
15
9
39
40
38
18
8
1
43
45
41
50
7
5
35
20
42
28
24
6
30
14
11
10
44
21
47
23
4
37
23
9
26
37
47
43
2
6
31
44
42
40
18
38
5
46
27
29
41
10
28
19
45
33
14
11
34
15
36
39
20
17
16
22
50
8
32
4
49
35
7
21
24
48
30
25
1
13
3
12
5
7
17
34
31
22
37
41
38
6
11
43
19
10
35
36
24
46
45
20
16
47
12
49
3
50
42
25
15
30
32
23
21
13
1
18
28
14
44
8
26
40
2
33
29
39
4
9
27
48
34
32
45
48
3
26
14
43
8
24
50
28
38
19
6
17
47
2
25
35
18
20
27
23
15
44
7
30
16
5
9
29
49
33
10
4
21
37
1
11
13
39
40
36
22
46
41
31
12
42
49
34
28
20
9
4
41
42
40
7
48
2
36
33
21
18
50
38
35
14
22
31
8
25
6
32
26
16
29
12
45
24
13
30
3
46
23
15
39
43
11
19
5
27
47
44
17
37
10
1
33
17
14
24
1
42
28
7
49
18
12
48
45
50
19
21
32
5
3
23
38
44
37
31
9
41
15
29
27
22
34
25
10
47
43
39
11
26
13
16
6
36
8
20
4
2
30
40
46
35
2
31
18
13
28
32
16
22
11
17
30
14
37
25
34
5
40
42
48
1
43
6
33
24
39
20
36
9
10
27
21
38
8
12
45
7
44
46
23
50
35
47
29
19
3
49
26
15
41
4
27
37
43
14
23
47
10
30
1
38
9
18
34
11
4
44
35
12
29
2
40
50
6
3
49
24
39
20
42
15
33
28
48
26
13
36
19
25
22
46
17
16
21
31
8
41
32
45
5
7
28
46
34
31
50
36
26
39
30
45
22
49
35
21
24
7
4
9
43
19
33
48
42
11
25
13
44
6
3
41
10
47
18
40
15
1
8
27
5
14
2
23
12
17
32
16
37
20
38
29
37
44
46
27
40
31
42
15
3
10
6
19
20
48
47
16
2
4
23
8
24
49
29
1
36
26
11
41
21
34
12
7
9
28
30
13
25
50
35
5
32
17
14
39
33
18
38
22
43
45
18
42
13
17
45
27
23
11
4
43
16
8
15
24
50
2
5
39
30
40
29
21
34
32
1
49
41
7
22
28
19
33
6
44
48
25
26
47
10
9
38
20
3
12
36
37
46
14
35
31
20
39
12
38
29
45
24
25
14
47
13
37
22
9
36
30
23
6
34
49
46
5
7
50
16
1
2
35
4
8
40
3
17
27
28
33
18
41
31
15
42
44
10
26
19
32
21
48
11
43
