9
18
48
8
43
15
22
50
12
16
17
24
41
5
1
49
7
26
39
21
19
29
10
38
13
28
32
42
47
46
30
27
3
25
40
35
45
23
11
36
37
4
20
14
31
6
44
33
2
34
32
25
10
3
16
6
43
26
23
12
8
46
5
7
2
19
11
45
17
24
13
40
36
44
29
14
9
39
18
38
47
35
50
37
27
30
34
41
20
48
33
28
1
21
49
31
22
4
42
15
22
21
29
47
27
33
30
24
39
26
7
31
40
2
41
46
36
25
48
43
1
8
5
14
35
42
50
38
12
23
13
37
44
17
11
45
15
34
6
4
9
10
49
16
18
3
19
28
32
20
1
41
49
36
33
7
11
38
50
25
40
6
47
31
42
45
29
34
9
39
44
22
18
35
4
30
12
5
2
43
23
19
13
16
8
10
17
21
28
32
15
3
48
27
46
24
20
26
14
37
45
39
37
21
6
41
44
20
24
9
4
5
28
35
14
47
42
30
18
7
12
10
3
27
2
43
48
31
33
32
1
34
29
19
23
49
46
8
15
22
36
38
13
11
26
40
50
17
16
25
42
28
9
2
26
3
15
13
47
21
35
27
46
20
29
34
41
48
4
49
24
25
14
7
18
16
8
33
32
31
38
43
5
39
44
17
1
40
36
37
50
6
22
30
10
11
45
12
23
19
17
42
11
22
5
39
25
46
13
29
33
26
10
6
12
3
44
38
1
41
14
18
16
36
34
48
4
8
31
40
37
2
24
50
9
23
7
20
19
21
43
32
45
49
28
47
30
35
15
27
6
4
35
16
12
49
13
40
41
28
25
33
27
14
8
29
19
23
42
38
3
46
17
43
48
7
47
21
1
24
31
22
20
10
34
5
2
30
37
18
39
26
15
32
45
36
9
50
44
11
38
27
20
1
22
24
32
45
16
33
29
21
6
13
10
31
8
47
14
30
11
12
40
28
23
46
3
19
48
44
15
5
36
41
17
50
43
39
26
49
18
35
25
4
34
7
42
2
37
9
7
23
44
26
20
21
2
9
18
13
45
22
4
17
40
10
38
49
15
50
32
16
41
48
43
27
35
28
46
42
14
12
31
29
36
19
37
3
33
47
8
30
34
6
11
1
39
24
25
5
26
50
40
39
34
19
29
8
48
20
46
3
11
1
30
22
49
36
24
25
37
17
2
18
45
6
31
44
13
5
7
16
35
42
33
14
27
32
4
12
23
41
38
9
43
28
15
21
47
10
29
5
21
32
2
14
47
18
46
36
39
34
44
37
11
42
9
19
28
12
31
45
26
4
33
40
7
3
17
1
24
6
30
23
38
15
50
22
8
10
20
13
41
35
27
25
48
16
49
43
24
38
1
30
46
8
6
17
32
5
26
47
7
39
18
27
10
40
16
20
25
2
21
37
14
34
29
15
45
36
35
11
41
31
48
9
4
19
3
42
49
33
44
13
50
22
12
43
28
23
44
10
22
38
37
35
50
27
42
48
28
49
34
9
25
33
16
13
32
46
41
11
20
29
30
5
6
36
19
7
4
21
45
1
26
40
24
12
43
3
47
2
31
15
14
23
8
18
17
39
15
30
25
11
24
50
38
44
2
14
49
32
39
45
31
43
48
3
8
33
34
42
4
16
47
21
23
18
5
37
19
9
22
35
46
6
36
10
7
26
41
12
17
40
1
27
28
29
20
13
12
36
24
9
8
38
34
2
28
11
23
13
50
21
15
25
31
18
27
45
49
32
48
47
20
33
22
46
26
14
17
10
1
4
5
29
6
44
41
40
3
7
19
43
39
37
16
42
30
35
2
33
39
10
1
16
40
49
17
15
43
41
9
4
27
35
30
7
37
6
5
38
13
42
44
12
20
23
11
48
3
8
28
32
47
26
19
31
45
25
22
29
46
34
21
50
14
36
24
18
25
1
32
19
7
20
8
23
10
39
36
35
14
22
46
4
43
27
12
3
47
24
15
17
50
45
28
26
6
49
44
31
40
21
41
48
9
42
16
2
29
11
18
37
5
34
33
30
13
38
13
16
8
45
23
10
21
19
27
2
32
43
12
34
6
50
18
35
40
5
17
14
1
39
37
15
46
4
9
47
49
26
42
20
31
38
29
11
48
28
44
25
3
7
24
30
36
41
22
33
21
6
27
12
45
23
18
29
20
8
38
7
13
43
39
40
46
14
36
44
9
35
47
26
41
25
1
34
30
4
5
42
33
11
37
28
16
48
50
17
24
49
32
3
15
19
2
10
31
22
35
3
2
40
19
12
17
14
21
37
15
45
49
8
23
9
1
32
5
22
26
4
30
13
42
29
18
24
28
11
25
41
47
48
7
31
39
43
38
44
10
27
36
46
20
33
6
34
50
16
41
26
50
28
18
1
19
48
15
34
3
44
2
30
45
11
14
31
10
36
4
27
38
32
12
17
5
43
35
21
39
20
37
6
24
22
33
29
47
13
40
46
16
42
9
8
23
25
7
49
20
24
15
25
42
18
9
12
29
3
47
16
33
28
37
26
17
50
6
34
21
7
11
45
39
10
30
32
38
2
46
4
23
27
49
44
40
35
14
1
31
22
43
8
48
5
13
19
36
41
30
22
4
5
14
9
27
33
6
23
10
42
1
47
7
38
28
39
20
11
36
3
49
21
26
37
24
48
25
29
2
15
46
34
19
16
31
17
12
41
45
50
35
44
40
13
43
32
18
8
36
40
43
42
38
5
48
31
11
1
44
15
24
46
49
39
13
16
21
32
27
23
50
2
19
3
17
47
8
20
22
14
25
45
4
12
41
33
29
30
34
37
6
18
35
9
10
7
26
28
8
11
36
4
21
44
33
47
35
19
34
23
30
26
13
41
2
1
49
42
7
37
43
20
10
31
40
45
50
9
28
3
15
24
12
27
22
46
17
29
16
18
39
25
38
14
5
6
48
32
47
35
31
37
25
40
3
32
4
46
24
38
29
36
20
23
34
22
7
16
48
15
19
30
8
2
33
49
44
41
18
39
17
43
14
21
12
6
42
27
28
9
50
1
13
10
11
45
5
26
40
47
7
18
10
48
45
16
34
30
5
17
31
12
44
1
15
41
22
13
42
33
23
8
11
4
49
37
39
19
43
36
2
26
32
3
35
38
46
9
14
20
28
24
6
29
25
27
21
50
43
12
6
44
11
46
1
37
26
42
18
9
48
49
17
28
21
10
38
47
20
30
32
41
31
35
27
13
40
16
50
45
19
36
22
2
3
5
25
23
4
34
33
29
7
15
24
8
39
14
14
45
41
23
35
37
49
36
5
40
20
18
3
15
9
48
6
43
44
4
39
1
28
46
17
22
38
50
7
33
16
32
11
8
25
24
10
13
21
19
27
31
42
2
12
26
34
47
29
30
39
8
3
6
41
29
4
21
37
49
1
30
42
32
36
24
45
44
13
15
35
34
31
19
28
38
10
12
23
25
26
48
27
2
20
43
14
7
18
50
5
40
9
22
16
17
47
11
33
46
3
29
33
14
13
28
46
5
7
35
41
11
8
44
43
32
23
17
19
9
45
26
22
12
27
36
21
10
37
18
6
49
4
15
39
42
38
16
30
31
25
24
47
50
2
20
40
1
34
48
31
14
38
7
44
17
35
28
22
50
19
36
32
42
16
8
20
33
47
37
23
43
46
10
25
39
13
27
49
26
48
1
34
18
29
11
30
9
40
24
21
15
4
45
41
12
3
5
6
2
19
31
30
33
17
25
39
4
43
32
21
1
23
3
26
14
22
20
50
18
10
36
9
15
5
47
16
11
41
6
29
40
12
46
42
34
13
24
2
38
48
8
7
28
37
35
27
49
45
44
48
43
5
29
36
27
20
35
33
4
14
50
25
16
32
15
12
28
11
31
2
13
44
22
7
19
37
40
24
10
8
30
26
3
6
47
49
1
34
45
46
42
23
41
17
38
18
39
9
21
16
15
42
46
48
30
31
1
44
41
2
10
21
29
3
12
39
11
33
26
50
28
35
9
24
8
14
22
20
17
36
13
43
7
18
32
47
45
27
34
19
5
37
23
25
4
49
38
40
6
50
20
16
13
49
4
36
10
19
22
48
39
17
18
28
6
26
15
31
29
30
41
25
24
40
23
45
14
34
35
11
44
32
38
21
37
5
2
9
33
12
1
27
47
42
43
7
46
8
3
10
2
47
50
15
11
5
34
25
27
31
12
43
40
33
20
37
21
29
28
8
39
24
6
22
9
19
17
4
3
42
46
14
49
16
41
26
18
32
7
13
48
30
38
23
45
35
44
1
36
46
48
19
49
32
34
12
3
36
31
37
25
26
27
22
13
33
8
2
17
15
9
39
40
38
18
43
1
16
45
41
50
7
5
35
20
42
28
24
6
30
14
11
10
44
21
29
23
4
47
23
9
26
15
47
43
14
6
31
44
42
40
18
38
34
37
27
29
41
10
28
19
45
33
46
11
25
2
36
39
20
17
16
22
50
8
32
4
49
35
7
21
24
5
30
48
1
13
3
12
5
7
17
34
31
22
37
41
38
6
11
20
19
10
35
36
24
46
45
48
16
47
12
49
3
50
42
25
15
30
32
23
21
13
1
18
28
14
44
8
26
43
2
33
29
39
4
9
27
40
34
32
45
48
3
26
7
43
8
24
50
28
38
19
5
17
47
2
25
35
18
20
27
23
15
44
39
30
14
13
9
29
49
33
10
4
21
37
1
11
6
16
40
36
22
46
41
31
12
42
49
34
28
20
9
13
41
42
40
7
27
2
36
33
21
18
50
4
35
14
22
31
8
25
6
32
26
16
29
12
45
24
38
30
3
46
23
15
39
43
11
19
5
48
47
44
17
37
10
1
33
17
14
35
30
42
28
7
49
18
12
48
45
50
19
21
32
5
3
23
6
44
37
31
9
41
15
29
27
22
34
25
10
47
43
39
11
26
13
16
1
36
8
20
4
2
38
40
46
24
11
13
18
24
28
31
16
22
45
17
30
14
37
25
48
5
40
42
46
1
43
6
33
34
32
20
36
9
10
50
21
38
8
12
2
7
44
27
23
39
35
47
29
19
3
49
26
15
41
4
27
37
23
43
39
47
10
30
1
38
9
29
16
11
4
44
35
12
26
2
40
50
6
5
49
24
34
20
42
15
33
28
48
14
13
36
18
25
22
46
17
45
21
31
8
41
32
3
19
7
28
46
34
31
50
36
26
39
30
45
22
4
35
41
24
7
25
9
43
19
33
48
42
11
21
13
44
6
3
27
10
47
18
40
15
1
8
49
5
14
2
23
12
17
32
16
37
20
38
29
37
44
46
27
40
2
42
15
3
10
6
19
20
48
47
16
4
24
23
8
38
49
29
1
36
26
11
41
21
34
12
7
9
28
30
13
25
50
35
5
32
17
14
39
33
18
31
22
43
45
18
19
13
17
4
32
23
11
9
43
16
8
15
24
50
2
5
37
30
40
29
21
34
3
1
49
41
7
22
28
27
33
6
44
45
25
48
47
10
20
38
39
26
12
36
42
46
14
35
31
4
49
12
41
29
45
24
25
14
47
13
37
22
23
38
30
3
6
34
27
46
5
7
50
16
1
2
35
43
8
40
18
39
9
28
33
20
36
31
15
42
44
10
26
19
32
21
48
11
17
