6
18
50
38
17
5
34
36
1
30
32
10
45
47
14
41
28
13
19
4
15
26
3
7
46
22
27
11
35
43
2
42
29
20
40
37
9
25
48
8
39
44
23
49
21
31
12
16
33
24
7
33
6
15
12
4
43
8
29
19
39
27
24
28
32
1
2
30
44
25
13
41
34
17
18
3
38
16
11
50
31
48
37
23
22
36
26
20
45
46
35
47
42
5
9
10
21
14
40
49
20
43
22
47
34
15
7
28
4
36
3
23
48
24
26
32
30
33
40
42
12
50
6
16
5
31
8
49
13
19
17
37
1
27
21
9
11
39
14
10
41
45
18
2
44
29
46
38
25
35
34
10
47
18
31
48
38
4
3
49
7
25
28
35
11
43
41
6
20
46
36
5
26
23
33
14
37
15
2
24
19
29
12
21
44
13
42
50
8
22
9
40
45
39
32
27
1
30
17
16
29
8
30
20
7
37
5
12
41
47
2
43
49
13
10
38
36
18
33
50
1
3
14
21
28
40
35
45
6
25
4
46
11
34
23
16
44
31
19
24
26
22
39
48
27
15
9
17
32
42
41
21
23
43
42
22
27
48
44
37
40
18
4
8
6
9
3
34
28
39
25
47
50
14
10
45
15
26
24
20
11
32
31
35
16
49
19
46
1
5
30
29
33
36
7
12
38
2
13
17
43
4
7
13
49
16
41
6
30
33
31
29
3
11
2
23
44
45
12
48
5
19
37
27
47
32
42
1
26
39
10
35
34
40
14
24
17
18
9
50
25
38
21
8
28
20
36
22
15
46
4
26
14
2
36
31
45
5
46
24
37
20
23
6
17
7
34
39
8
33
21
35
29
10
19
25
12
32
3
16
15
27
42
18
41
44
28
13
47
9
22
50
49
30
40
1
43
11
38
48
16
19
11
31
43
45
18
30
2
20
50
22
39
42
40
29
8
28
17
10
38
15
47
24
3
9
41
13
44
49
7
26
6
46
37
1
34
14
36
32
27
35
12
33
25
5
48
23
4
21
2
15
18
4
24
11
31
40
27
39
48
9
41
21
29
44
50
38
42
14
28
32
20
12
49
19
17
37
46
34
26
16
23
5
13
6
22
1
10
43
33
7
25
45
3
8
30
36
35
47
27
39
33
28
2
46
49
23
25
12
45
13
38
50
24
8
26
40
41
18
32
48
15
9
35
47
31
34
20
29
43
4
16
14
1
5
37
36
44
21
11
19
10
6
17
22
3
42
30
7
36
32
45
11
37
30
28
26
39
1
24
49
2
38
19
35
6
21
50
31
16
10
9
42
40
46
48
23
18
47
14
44
33
29
7
34
20
5
13
3
4
12
43
22
41
17
25
27
8
15
40
29
16
17
8
9
11
32
15
13
18
33
35
30
39
28
31
44
27
3
41
25
46
38
43
21
36
6
7
45
34
5
50
48
19
14
10
42
4
26
37
23
22
24
1
47
49
12
20
2
32
5
40
44
1
17
12
9
36
22
46
7
26
2
31
47
4
48
23
35
45
49
27
20
39
24
33
19
43
21
41
10
25
13
30
50
14
6
15
29
16
28
37
38
8
11
42
34
18
3
18
13
36
33
5
50
3
16
48
7
44
40
46
14
22
10
32
20
2
21
31
45
24
41
12
49
11
29
9
27
37
38
43
15
39
23
8
47
42
1
17
30
28
26
34
4
35
25
6
19
17
2
10
45
38
12
25
39
43
46
11
15
33
32
18
34
42
35
26
29
7
37
16
1
8
4
19
22
49
36
24
20
47
30
48
41
31
9
27
28
5
21
3
14
23
44
6
40
50
13
44
38
29
9
14
28
1
33
12
26
41
16
19
20
23
21
45
46
25
5
8
39
13
35
2
48
50
27
37
17
40
6
10
43
3
22
30
32
7
49
31
18
15
11
42
24
4
47
36
34
13
36
17
29
44
33
20
10
38
18
14
19
21
5
37
4
16
49
3
23
40
28
2
34
50
26
1
43
48
35
30
25
32
42
45
7
47
27
12
15
8
11
41
9
39
6
22
24
46
31
12
23
8
37
3
26
14
11
16
44
19
30
43
33
35
5
7
41
32
17
42
46
40
47
20
38
25
4
29
9
18
28
22
1
34
15
21
2
24
6
45
10
31
27
48
36
39
13
49
50
25
50
34
35
30
29
4
1
11
3
5
32
15
41
9
20
37
24
18
38
23
16
45
36
42
10
21
39
22
14
49
13
46
47
12
40
7
8
17
48
28
26
27
19
31
43
2
6
44
33
39
25
3
8
9
23
35
17
28
48
6
42
12
31
13
19
43
50
4
20
44
36
11
29
41
27
49
7
40
18
16
47
26
10
32
46
5
34
37
30
21
24
2
15
33
38
14
1
22
45
50
27
31
23
19
38
21
7
22
8
29
12
30
49
25
14
18
3
13
16
17
24
28
39
1
6
43
9
15
33
35
34
5
11
36
10
48
4
20
42
47
2
32
44
46
40
37
26
45
41
23
28
38
25
39
42
32
24
47
31
13
8
17
26
50
33
15
2
34
27
19
22
35
37
30
18
45
48
14
44
5
49
4
16
43
11
6
41
3
36
46
20
29
40
10
21
7
9
12
1
9
41
1
49
47
7
33
15
45
4
35
26
5
34
38
6
10
29
43
32
14
40
31
13
44
16
39
21
27
46
25
50
24
8
20
17
12
48
30
2
23
37
36
3
22
19
18
28
42
11
28
42
35
1
41
24
22
25
21
40
12
34
16
27
30
18
13
19
46
26
3
4
7
32
11
36
9
10
45
6
38
15
48
31
47
43
2
33
5
39
49
17
50
20
29
14
44
8
23
37
33
14
20
5
18
32
48
47
23
34
16
38
7
25
49
42
27
26
10
1
39
2
21
31
37
41
40
46
8
28
3
22
9
12
17
4
29
30
43
13
36
6
24
50
11
35
45
15
19
44
14
30
12
3
45
20
8
42
17
25
49
11
9
44
15
50
24
4
39
7
26
27
23
2
22
43
32
18
34
5
13
1
41
33
35
19
40
16
28
37
10
36
6
21
38
48
31
46
47
29
1
17
21
41
26
40
36
19
13
11
38
2
18
48
44
46
33
27
45
47
49
30
10
6
34
15
14
31
42
8
22
23
28
9
4
3
24
43
25
35
29
16
20
37
12
39
32
50
7
5
15
44
2
40
4
35
24
21
14
9
36
5
31
43
33
16
12
32
38
11
18
17
42
3
25
34
22
20
28
37
27
19
30
26
49
8
45
29
46
7
6
1
47
13
50
41
10
39
48
23
31
45
5
26
16
13
50
14
19
6
1
24
25
39
48
15
21
22
49
2
46
23
43
11
27
29
44
42
36
41
8
12
17
4
28
47
33
10
40
38
20
3
7
35
18
37
34
32
9
30
37
40
48
27
6
8
47
18
20
35
22
28
44
36
45
30
14
1
15
49
34
38
32
50
21
23
4
24
41
31
33
9
19
39
2
25
46
17
11
12
13
43
26
42
16
3
29
7
5
10
48
3
32
21
10
47
23
50
6
27
8
44
36
46
43
11
29
16
1
12
35
31
30
49
4
2
28
41
5
40
20
24
7
25
15
45
38
26
22
18
34
42
13
17
37
9
33
19
39
14
35
46
44
24
21
27
13
31
32
14
42
1
10
18
7
45
23
15
5
40
2
34
25
48
16
17
3
8
4
30
12
39
36
22
9
29
50
37
49
20
38
33
19
28
47
26
11
41
43
6
42
34
27
32
40
2
10
13
5
17
20
41
50
23
4
12
49
43
47
37
9
6
38
8
29
33
16
28
21
1
44
36
15
45
26
35
39
7
18
11
48
25
30
31
24
46
19
3
14
22
8
22
24
48
28
18
30
35
33
32
15
37
40
9
34
27
19
17
11
6
20
1
12
43
13
5
23
14
50
26
36
45
39
7
46
42
25
21
29
47
3
49
44
4
2
16
41
10
31
38
22
12
15
46
29
39
26
49
37
41
17
21
6
16
36
3
25
9
48
44
50
7
19
40
31
13
10
35
32
11
47
33
45
28
42
30
23
38
2
14
24
4
1
18
43
34
20
5
27
8
38
11
41
6
27
19
40
22
8
16
9
14
29
10
42
2
17
47
24
15
37
43
49
46
32
20
34
12
30
23
48
21
44
3
50
31
36
35
26
33
1
39
4
25
13
7
5
45
28
18
45
47
19
12
23
36
9
41
42
5
21
6
14
4
8
24
22
31
35
43
10
44
39
26
48
28
46
25
33
3
1
30
13
2
29
18
27
40
38
16
7
32
11
34
15
50
17
49
37
20
5
16
43
10
11
44
37
38
18
23
25
3
1
15
46
48
40
14
36
24
27
12
17
30
7
42
20
33
47
22
32
8
49
50
31
2
35
45
39
4
19
41
9
29
6
28
13
21
34
26
3
20
37
7
32
34
42
29
24
50
28
39
27
19
1
40
48
10
31
30
4
11
22
18
26
44
5
36
25
13
9
17
2
38
33
21
15
23
6
41
14
46
8
12
45
49
47
35
16
43
47
24
46
39
13
3
29
2
31
21
34
50
37
45
20
36
9
7
16
28
30
18
33
22
17
1
6
5
38
48
23
14
27
19
25
12
49
15
41
44
32
8
40
10
35
42
26
43
11
4
26
48
28
30
35
25
19
46
10
43
4
47
20
1
5
13
11
23
22
34
29
42
8
45
6
37
24
38
12
7
39
2
3
49
27
33
41
44
50
31
15
14
17
16
36
32
40
18
21
9
11
1
4
14
46
10
39
37
50
29
30
48
34
17
28
22
5
42
7
41
47
9
18
15
45
35
13
2
16
32
21
40
8
36
6
20
3
49
31
25
43
27
38
23
19
33
24
44
26
12
49
9
26
16
50
43
17
45
7
10
27
46
22
12
21
39
1
8
6
19
33
20
44
28
36
30
29
3
31
15
42
41
18
37
38
32
13
11
35
34
40
5
14
47
4
2
23
48
24
25
21
37
49
22
15
1
16
44
35
42
47
31
32
29
27
26
38
5
30
9
6
13
36
19
23
11
7
40
17
2
50
3
20
24
8
48
43
12
33
45
18
34
46
41
14
25
28
4
10
39
24
35
39
50
22
21
6
20
9
38
26
36
8
3
41
31
46
37
29
13
11
14
5
25
15
7
47
44
1
42
45
18
40
17
10
28
4
19
34
23
12
48
16
43
49
30
27
33
2
32
46
6
25
42
20
41
44
34
49
28
10
17
13
40
12
37
47
11
14
22
48
21
4
33
9
39
26
50
23
38
29
43
35
32
24
27
18
3
16
19
2
15
5
7
30
45
8
31
1
36
30
49
13
19
33
6
15
3
40
45
43
35
42
7
47
25
39
36
9
8
22
29
48
5
38
12
2
17
10
4
46
11
14
44
18
26
32
24
21
27
50
31
34
1
20
23
16
37
41
28
10
31
42
34
48
49
2
43
26
15
23
45
47
37
16
17
20
25
21
36
24
33
41
4
14
8
18
30
19
12
28
7
38
6
11
39
1
22
32
40
44
9
35
46
5
13
50
29
3
27
19
7
9
36
25
14
46
27
34
2
33
4
11
22
3
49
35
12
37
45
43
8
1
44
24
50
30
47
39
10
6
31
21
41
5
38
16
28
23
17
42
13
48
32
26
18
15
20
29
40
