6
18
50
41
17
5
34
36
1
30
32
10
45
31
14
11
28
13
19
4
15
26
3
7
46
47
27
22
35
43
2
9
29
20
40
42
37
25
48
8
39
44
24
49
21
23
12
16
33
38
7
31
6
15
12
4
43
8
29
19
39
27
24
28
32
1
2
30
44
25
13
41
34
23
18
3
38
16
11
50
17
48
37
22
33
36
26
20
45
46
35
47
42
5
9
10
21
14
40
49
20
43
22
47
34
17
2
28
4
36
50
23
48
24
26
32
30
33
40
42
3
12
6
16
5
31
8
49
13
19
38
37
1
27
21
9
15
39
14
10
41
45
18
11
44
29
46
7
25
35
45
10
7
18
44
48
4
23
3
49
8
39
28
35
11
43
41
6
20
46
36
5
26
17
33
14
37
15
2
24
19
29
12
21
30
13
42
27
34
22
9
40
25
50
32
31
1
38
47
16
29
8
30
20
7
2
5
43
11
28
18
25
49
13
10
38
36
41
33
50
1
3
35
21
14
40
16
45
6
15
4
12
47
34
23
46
44
31
19
24
26
22
39
48
27
37
9
17
32
42
41
21
23
38
43
22
27
4
44
13
40
48
15
8
42
9
3
34
28
39
25
37
50
14
10
45
18
26
24
20
11
32
46
35
16
49
19
6
31
5
30
29
33
36
7
12
47
2
1
17
43
4
49
13
42
16
41
6
30
38
31
29
3
11
2
23
44
45
12
48
5
19
37
27
47
32
7
1
8
33
10
26
34
40
14
24
17
18
9
50
25
35
21
39
28
20
36
22
15
46
4
33
14
2
36
31
45
5
46
24
37
20
10
6
17
7
34
39
8
16
21
35
29
42
19
25
26
32
3
12
15
27
23
18
41
44
28
50
47
13
22
9
49
30
40
1
43
11
38
48
16
38
11
19
31
45
18
30
2
41
20
49
39
42
40
29
8
28
17
10
22
15
47
24
3
9
35
13
44
5
7
36
6
46
26
37
34
14
1
32
27
50
12
33
25
43
48
23
4
21
2
15
18
4
24
11
31
40
27
39
48
45
41
21
29
20
50
38
42
14
28
32
46
12
49
19
17
37
47
34
26
16
9
5
13
6
22
1
10
43
33
7
23
44
3
8
30
36
35
25
27
39
33
28
2
46
49
12
25
47
45
13
38
50
24
8
26
40
18
41
32
48
15
9
35
37
31
34
20
29
43
4
16
14
1
5
23
36
44
21
11
19
10
6
17
22
3
42
30
7
36
32
45
11
25
37
39
26
41
1
42
28
2
38
19
35
6
21
50
31
16
10
9
8
40
46
48
23
18
47
14
44
33
15
7
34
20
5
13
3
4
12
43
22
29
17
49
27
24
30
40
29
16
17
8
9
11
18
15
2
30
33
35
49
39
28
31
44
27
3
41
42
4
38
43
7
36
6
21
45
34
5
50
48
19
14
10
46
32
26
37
23
22
24
1
47
25
12
20
13
32
5
40
44
1
47
12
9
36
22
46
7
26
2
31
17
4
48
23
35
45
49
27
20
39
24
33
19
43
21
41
10
25
13
6
50
14
30
15
29
16
28
37
38
8
11
42
34
18
3
15
13
46
33
5
50
3
16
48
7
44
40
21
14
22
10
32
20
2
18
31
45
24
41
12
49
11
29
9
27
37
38
43
36
39
23
8
47
42
1
17
30
28
26
34
4
35
25
6
19
17
2
37
45
38
12
25
39
43
46
3
15
33
32
18
34
42
35
26
29
7
50
16
1
8
4
19
10
49
36
24
20
48
30
22
41
31
9
27
28
5
21
11
14
23
44
6
40
13
47
18
26
29
9
48
28
1
33
12
45
36
16
19
20
23
21
7
46
14
38
8
39
13
35
2
5
50
41
37
17
40
6
10
43
3
22
25
32
4
49
47
27
15
31
42
24
44
30
11
34
13
36
17
29
27
33
20
10
38
18
14
19
46
5
37
4
16
49
3
23
40
28
2
34
31
21
1
43
48
35
30
25
32
26
45
7
47
42
12
15
8
11
41
9
39
6
22
24
50
44
12
23
8
37
14
26
7
11
16
3
49
30
43
33
35
5
39
1
32
17
42
46
40
47
20
38
41
4
34
9
18
28
22
29
25
15
21
2
24
6
45
10
31
27
48
36
19
13
44
50
28
50
34
43
30
29
38
1
32
20
5
22
4
41
9
44
37
18
25
15
23
16
45
36
42
10
21
39
46
14
49
13
11
47
12
40
7
8
17
48
24
26
27
19
31
35
2
6
3
33
39
25
3
8
9
23
35
31
28
48
6
47
12
17
13
19
43
50
4
20
44
36
11
29
41
27
49
7
40
18
16
46
26
42
32
1
5
34
37
30
21
24
2
15
33
38
14
10
22
45
50
19
31
23
41
38
8
7
22
27
29
12
30
47
25
14
18
3
13
33
17
24
28
39
1
6
43
9
15
16
35
34
5
11
44
10
48
4
20
42
49
2
32
21
46
40
37
26
45
36
23
28
38
25
39
42
32
24
47
31
13
8
17
26
50
33
15
2
34
27
19
22
36
37
30
18
45
48
14
44
5
49
4
16
43
11
6
41
3
35
46
20
29
40
10
21
7
9
12
1
9
41
1
49
47
7
33
15
45
4
35
26
5
34
38
6
10
29
43
32
14
40
31
13
44
16
39
21
27
46
25
50
24
8
20
17
12
48
30
2
23
37
36
3
22
19
18
28
42
11
44
42
35
1
45
24
22
25
21
40
12
34
16
27
48
18
13
19
46
26
50
4
49
32
11
36
9
30
10
6
29
7
15
31
47
43
2
33
5
39
28
17
3
20
37
14
38
8
23
41
30
14
20
5
18
32
48
47
23
34
16
43
44
25
49
42
27
26
10
1
39
2
21
31
37
41
40
46
7
28
3
22
38
12
17
4
29
13
8
9
36
6
50
35
11
33
45
15
19
24
14
30
12
3
33
21
47
42
17
25
34
11
9
44
15
50
24
4
48
7
26
27
20
2
22
43
32
18
45
49
13
1
41
23
35
19
40
16
28
37
10
36
6
8
38
5
31
46
39
29
1
17
21
35
26
30
36
19
13
8
38
2
18
48
44
41
33
27
45
47
46
29
10
6
34
15
14
11
42
40
22
23
28
9
4
3
24
43
25
7
31
16
20
37
12
39
32
50
49
5
26
44
2
40
4
35
24
21
14
9
7
5
31
43
33
16
12
32
38
11
18
17
42
3
25
34
22
20
28
37
27
19
30
1
49
8
45
29
46
36
6
15
47
13
50
41
10
39
48
23
31
45
5
26
16
13
50
14
19
6
1
24
25
39
30
15
21
22
49
2
12
23
43
11
27
29
44
42
36
41
8
35
17
4
28
47
33
10
40
38
20
3
7
46
18
48
34
32
9
37
37
40
10
6
35
8
28
48
20
44
22
18
7
36
45
30
14
9
15
49
34
38
32
50
21
33
25
24
41
23
31
47
19
39
2
16
46
17
11
12
13
43
26
42
4
3
29
1
5
27
48
3
32
21
10
40
23
50
6
37
11
44
36
46
43
47
29
16
1
12
35
31
30
49
4
2
28
27
5
39
20
24
7
25
15
45
38
26
22
18
34
42
13
17
41
9
33
19
8
14
42
46
44
31
21
27
13
32
8
14
24
1
22
18
7
45
23
15
5
40
2
34
25
48
16
17
3
35
4
30
12
39
36
10
9
29
50
37
49
20
38
33
19
28
47
26
11
41
43
6
33
34
27
32
40
20
10
13
5
17
19
41
50
23
4
12
49
43
47
37
9
6
38
26
29
8
42
28
31
1
44
15
21
45
36
35
39
7
18
11
48
25
30
2
24
46
16
3
14
22
8
22
24
48
28
18
6
35
33
32
15
37
40
9
34
27
19
17
11
5
20
1
12
43
13
39
23
14
50
26
36
45
42
7
46
25
30
21
29
47
3
38
44
4
2
16
41
49
31
10
22
12
15
46
29
39
26
49
37
35
17
21
6
16
36
3
25
24
41
44
11
7
19
40
23
13
10
31
32
48
47
33
45
28
42
30
9
38
2
14
50
4
1
18
43
34
20
5
27
8
38
11
41
27
15
19
40
22
39
16
9
14
29
10
6
2
17
47
24
21
37
43
23
46
32
20
34
12
30
8
48
42
44
3
50
31
36
35
26
33
1
49
4
25
13
7
5
45
28
18
11
47
19
12
23
36
9
41
42
5
33
6
14
4
8
24
22
31
35
43
49
44
39
10
48
28
46
25
26
3
1
30
13
2
29
18
27
40
38
16
7
32
45
34
15
50
17
21
37
20
5
16
43
10
11
44
37
38
18
12
21
3
1
15
46
48
40
14
36
24
27
25
17
30
7
42
20
33
23
22
32
8
49
50
31
2
35
45
39
4
19
41
9
29
6
28
13
47
34
26
34
20
47
7
32
15
42
29
24
50
28
9
27
19
1
40
48
10
31
30
4
11
22
18
26
44
5
36
25
13
33
17
2
38
37
21
3
23
6
41
14
46
8
12
45
49
39
35
16
43
47
24
48
39
13
3
29
2
31
21
25
50
37
45
20
36
9
7
16
28
30
18
33
22
17
1
6
5
38
11
23
14
27
19
34
12
49
15
41
44
32
8
40
10
35
42
26
43
46
4
35
48
28
30
37
25
19
46
10
43
4
42
20
1
5
13
11
23
22
34
29
47
8
45
6
26
24
38
12
7
39
2
3
49
27
33
41
44
50
31
15
14
17
16
36
32
40
18
21
9
3
1
4
14
46
10
17
37
50
29
41
32
34
30
28
22
5
42
7
6
47
9
18
15
45
35
13
2
16
31
21
40
8
33
48
20
11
49
36
25
43
39
38
23
19
27
24
44
26
12
49
9
26
24
50
43
15
45
7
10
27
46
23
12
21
39
1
8
6
19
33
20
44
28
36
30
29
3
22
25
42
41
18
37
38
32
13
11
35
34
40
5
14
47
16
2
4
48
17
31
21
37
36
22
49
1
16
44
35
42
47
31
32
29
27
26
38
5
30
9
6
13
7
19
28
11
15
40
17
2
50
3
20
24
8
48
43
12
33
45
18
34
46
41
14
25
23
4
10
39
24
35
39
50
6
34
21
20
9
11
26
36
8
3
41
31
46
37
29
13
38
14
5
25
15
22
47
44
1
42
45
18
40
17
10
28
4
19
7
23
12
48
16
43
49
30
27
33
2
32
46
6
25
42
20
41
44
34
49
26
10
17
13
40
12
37
47
11
39
22
48
21
14
33
9
23
4
50
29
38
28
43
35
32
24
27
18
3
16
19
2
1
5
7
30
45
8
31
36
15
19
49
13
16
22
6
14
3
40
23
43
35
42
7
47
25
45
36
9
8
10
30
48
5
38
12
2
17
33
4
46
11
39
44
18
26
32
24
21
27
29
31
34
1
20
15
50
37
41
28
10
27
42
34
3
49
30
17
26
15
23
38
47
37
16
46
20
25
21
36
24
33
41
4
50
48
12
8
19
32
9
31
14
6
11
39
1
22
43
40
44
18
35
45
5
13
28
29
7
2
25
7
9
36
19
14
46
27
34
33
2
4
11
22
3
49
35
12
37
45
43
8
1
44
24
50
30
47
39
10
6
21
31
41
5
38
16
28
23
17
42
13
48
32
26
18
15
20
29
40
