6
18
50
24
17
5
34
36
1
22
32
10
45
30
14
11
28
13
19
4
15
26
23
7
46
37
27
41
35
43
2
47
29
20
40
42
9
25
48
8
39
44
3
49
21
31
12
16
33
38
7
23
6
15
12
4
43
8
29
19
39
27
24
28
32
1
2
30
44
25
13
41
34
17
18
3
38
16
11
50
31
48
37
22
33
36
26
20
45
46
35
47
42
5
9
10
21
14
40
49
20
43
12
47
34
15
7
28
4
36
3
23
48
24
26
32
30
33
40
42
38
50
6
16
5
31
8
49
13
19
17
37
1
27
21
9
11
39
14
10
41
45
18
22
44
29
46
2
25
35
28
10
22
18
31
48
38
4
3
49
50
39
7
35
11
43
41
6
20
46
36
5
26
8
33
14
37
15
2
24
19
29
12
21
44
30
42
13
34
45
9
40
25
17
32
23
1
27
47
16
29
8
30
20
7
37
5
43
11
12
2
18
49
47
13
38
36
41
33
50
1
3
10
21
14
40
35
45
6
25
4
28
46
34
23
16
44
31
19
24
26
22
39
48
27
15
9
17
32
42
41
21
23
43
13
22
27
48
44
38
40
2
4
8
6
9
3
34
28
39
25
37
50
14
10
45
18
26
24
20
11
32
15
35
16
49
19
42
31
5
30
29
33
36
7
12
47
1
46
17
43
4
49
13
27
16
41
6
30
14
31
29
3
11
2
23
35
45
12
48
5
19
37
10
47
32
25
1
8
39
38
42
34
40
26
24
17
18
9
50
7
33
21
44
28
20
36
22
15
46
4
26
14
2
36
31
45
5
46
24
37
20
10
6
17
7
34
39
8
33
21
35
29
23
19
25
12
32
3
16
15
27
42
18
41
44
28
50
47
13
22
9
49
30
40
1
43
11
38
48
16
20
11
38
43
45
18
31
2
35
19
22
39
42
40
29
8
28
17
10
49
15
47
24
3
9
26
13
44
5
7
36
6
46
30
37
34
14
1
32
27
50
12
33
25
41
48
23
4
21
2
15
18
4
24
11
31
40
27
39
48
25
41
21
29
46
50
38
42
14
28
32
20
12
49
19
17
37
47
34
26
16
9
5
13
6
22
1
10
43
33
7
23
45
3
8
30
36
35
44
27
39
33
28
2
46
49
12
25
23
45
13
38
50
24
8
26
40
41
18
32
48
15
9
35
47
31
34
20
29
43
4
16
14
1
5
37
36
44
21
11
19
10
6
17
22
3
42
30
7
36
32
45
11
4
40
29
26
39
1
30
42
2
38
19
35
6
21
50
31
16
10
9
27
28
46
48
23
18
47
14
44
33
15
7
34
20
5
13
3
25
12
43
8
37
17
22
49
41
24
40
29
42
17
8
9
11
16
15
30
18
33
35
13
39
28
7
44
27
3
41
25
4
38
43
21
36
6
31
45
34
5
50
48
19
14
10
46
32
26
37
23
22
24
1
47
49
12
20
2
32
5
40
44
22
1
12
9
36
3
46
7
26
2
31
17
4
48
23
35
45
49
27
20
39
24
33
19
43
21
41
10
25
13
6
50
14
30
15
29
16
28
37
38
8
11
42
34
18
47
33
13
16
31
5
50
3
18
48
7
44
40
15
14
22
10
32
20
2
21
46
45
24
41
12
49
11
29
9
27
37
38
43
36
39
23
8
47
42
1
17
30
28
26
34
4
35
25
6
19
17
2
48
45
38
12
25
39
43
46
7
15
33
32
18
34
42
35
26
29
3
47
16
1
8
4
19
22
49
36
24
20
11
30
37
41
31
9
27
28
5
21
50
14
23
44
6
40
13
10
47
38
29
9
14
28
1
33
12
26
41
16
19
20
23
21
45
46
48
15
8
39
13
35
2
7
50
11
37
17
40
6
10
43
3
22
25
32
4
49
18
27
5
31
42
24
44
30
36
34
13
36
17
29
42
33
20
10
38
18
14
19
21
5
37
4
16
49
3
23
22
28
2
34
40
8
1
43
48
35
30
25
32
26
45
7
47
27
12
15
31
11
46
9
39
6
50
24
44
41
12
19
8
37
25
26
28
11
16
44
49
30
43
33
35
5
39
1
32
17
42
46
40
47
20
38
41
4
34
9
18
7
22
29
14
15
21
2
24
6
45
10
31
27
48
36
23
13
3
50
18
50
34
48
30
29
15
1
32
20
5
43
28
41
9
44
37
24
25
38
23
16
45
36
42
10
21
39
46
14
49
13
3
47
12
40
7
8
17
22
4
26
27
19
31
35
2
6
11
33
39
25
3
8
9
23
35
17
28
48
6
47
12
31
10
19
43
50
4
20
44
36
11
29
41
27
49
7
40
18
16
1
26
42
32
13
5
34
37
30
21
24
2
15
33
38
14
46
22
45
50
27
31
23
33
38
19
7
22
8
29
12
30
49
25
14
44
3
13
16
17
24
28
39
1
6
43
9
15
32
35
34
5
11
18
10
48
4
20
42
47
2
41
21
46
40
37
26
45
36
23
28
38
25
39
42
32
24
47
31
13
8
17
26
50
33
15
2
34
27
19
22
35
37
30
18
45
48
14
44
5
49
4
16
43
11
6
41
3
36
46
20
29
40
10
21
7
9
12
1
9
41
1
49
47
7
33
15
45
4
35
26
5
34
38
6
10
29
43
32
14
40
31
13
44
16
39
21
27
46
25
50
24
8
20
17
12
48
30
2
23
37
36
3
22
19
18
28
42
11
44
42
35
1
45
24
22
25
41
37
12
34
16
27
48
18
13
19
46
26
40
4
14
32
11
36
9
30
7
6
28
21
38
31
47
43
2
49
5
39
50
17
15
20
29
33
10
8
23
3
35
14
20
5
18
32
48
47
23
34
16
38
37
25
49
42
27
26
10
1
39
2
21
31
50
41
40
46
29
28
3
22
44
12
17
4
30
33
8
9
36
6
24
7
11
43
45
15
19
13
14
30
46
3
1
21
8
42
17
25
34
11
9
44
15
50
20
4
39
7
26
27
49
2
22
43
32
18
45
33
13
12
41
23
48
19
40
16
28
37
10
36
6
35
38
5
31
47
24
29
1
17
21
30
26
2
36
19
13
11
38
49
18
48
44
41
33
27
45
47
31
29
46
6
34
15
14
10
42
40
22
23
28
9
4
3
24
43
25
35
8
16
20
37
12
39
32
50
7
5
26
44
2
40
41
35
24
21
14
9
36
5
31
43
33
16
12
32
38
11
18
17
42
3
25
34
22
20
28
37
10
19
30
1
49
8
45
29
46
7
6
15
47
13
50
27
4
39
48
23
31
45
5
26
16
13
50
14
19
6
1
24
25
39
30
15
21
22
49
2
12
23
43
11
27
29
44
42
36
41
8
35
17
4
28
47
33
10
40
38
20
3
7
46
18
48
34
32
9
37
37
40
10
35
48
47
6
23
20
27
22
28
44
36
45
30
14
18
15
49
34
38
32
50
21
5
4
24
41
31
33
9
19
39
2
1
46
17
11
12
13
43
26
42
16
3
29
7
8
25
48
3
32
21
10
17
23
50
6
40
4
44
36
46
43
47
29
16
1
12
35
31
30
49
37
2
28
27
5
8
20
24
7
25
15
45
38
26
22
18
34
42
13
11
41
9
33
19
39
14
42
46
44
33
21
27
14
32
8
13
24
1
22
18
7
45
23
15
5
40
2
34
25
48
16
17
3
31
4
30
12
39
36
10
9
29
50
37
49
20
38
35
19
28
47
26
11
41
43
6
15
34
27
32
40
8
10
13
5
17
20
41
50
23
4
12
49
43
47
37
9
6
38
42
29
33
16
28
21
1
44
26
31
45
36
35
39
7
18
11
48
25
30
2
24
46
19
3
14
22
8
22
24
6
28
18
42
35
33
32
15
37
40
9
34
27
19
17
11
5
20
1
12
43
13
39
23
14
50
26
36
45
48
7
46
25
49
21
29
47
3
38
44
4
2
16
41
10
31
30
22
12
15
46
29
39
26
49
37
41
17
21
6
16
36
3
25
9
30
44
50
7
19
40
31
13
10
35
32
11
47
33
45
28
34
48
23
38
2
14
24
4
1
18
43
42
20
5
27
8
38
11
41
27
44
19
40
22
21
16
9
14
29
10
42
2
17
47
24
6
37
43
8
46
4
20
34
12
30
23
48
15
39
3
50
31
36
35
26
33
1
49
32
25
13
7
5
45
28
18
45
47
19
12
23
36
9
41
42
5
21
6
14
4
8
24
22
31
35
43
7
44
39
26
48
28
46
25
10
3
1
30
13
2
29
18
27
40
38
16
49
32
11
34
15
50
17
33
37
20
5
16
43
10
11
44
37
38
18
47
25
3
1
15
46
48
40
14
36
24
27
12
17
30
7
42
20
33
23
22
32
8
49
50
31
2
35
45
39
4
19
41
9
29
6
28
13
21
34
26
3
33
37
7
32
20
47
29
24
50
28
9
34
19
1
40
48
10
31
30
4
11
22
18
26
44
5
36
25
13
27
17
2
38
42
21
15
23
6
41
14
46
8
12
45
49
39
35
16
43
11
24
47
39
37
3
13
2
31
21
42
50
46
45
20
36
9
7
16
28
30
18
33
22
17
1
6
5
38
48
23
14
27
19
25
12
29
15
41
44
32
8
40
10
35
34
26
43
49
4
30
48
28
19
35
25
4
46
10
43
8
32
20
1
5
13
11
23
22
34
29
42
3
45
6
26
24
38
12
7
39
2
47
49
27
33
41
44
50
31
15
14
17
16
36
37
40
18
21
9
34
1
4
14
46
10
30
37
50
29
11
48
27
17
28
22
31
42
7
41
47
9
18
15
45
35
13
2
16
49
21
40
8
33
5
20
3
6
36
25
43
39
38
23
19
32
24
44
26
12
49
9
26
16
50
43
17
45
7
10
27
46
23
12
21
39
24
8
6
19
33
20
44
28
36
30
29
3
22
15
42
41
18
37
38
32
13
11
35
34
40
5
14
47
4
2
25
48
1
31
21
37
36
22
49
30
16
44
35
42
47
31
32
29
27
26
1
5
18
9
6
13
7
19
23
11
15
40
17
2
50
3
20
24
8
46
43
12
33
48
28
34
45
41
14
25
38
4
10
39
24
35
39
50
6
34
21
20
9
33
26
36
8
3
41
31
46
37
29
13
11
14
5
25
15
22
47
44
1
42
45
18
40
17
10
28
4
19
7
23
12
48
16
43
49
30
27
38
2
32
46
6
25
42
20
41
44
34
49
28
10
17
13
40
12
37
47
11
14
22
48
21
36
33
9
23
7
50
26
38
29
43
35
32
24
27
18
3
16
19
2
1
4
39
30
45
8
31
5
15
19
49
13
41
15
6
39
3
40
45
43
35
42
7
47
25
18
36
9
8
10
30
48
5
38
12
2
17
33
4
46
11
23
44
22
26
32
24
21
27
29
31
34
1
20
14
16
37
50
28
10
31
7
34
3
49
2
30
26
15
23
45
47
37
16
20
38
25
21
36
24
33
41
4
32
48
42
8
19
12
9
46
14
6
11
39
1
22
43
40
44
18
35
50
5
13
28
29
17
27
25
7
9
36
19
14
46
27
34
2
33
4
11
22
3
49
5
12
37
45
43
8
1
44
24
50
30
47
39
10
6
31
21
41
35
38
16
28
23
17
42
13
48
32
26
18
15
20
29
40
