6
18
50
38
17
5
34
36
1
30
32
10
45
47
14
11
28
13
19
4
15
26
3
7
46
22
27
31
35
43
2
9
29
20
40
42
23
25
48
8
39
44
24
49
21
37
12
16
33
41
7
31
6
15
12
4
43
8
29
19
39
27
24
28
32
1
2
30
44
25
13
41
34
23
18
3
38
16
11
50
17
48
37
33
22
36
26
20
45
46
35
47
42
5
9
10
21
14
40
49
20
43
22
47
34
17
7
28
4
36
3
23
48
24
26
32
30
33
40
42
12
50
6
16
5
31
8
49
13
19
38
37
1
27
21
9
15
39
14
10
41
45
18
11
44
29
46
2
25
35
50
10
47
18
22
48
38
4
3
49
34
28
7
35
11
43
41
6
20
46
36
5
26
17
33
14
37
15
2
24
19
29
12
23
44
13
42
27
8
45
9
40
25
21
32
31
1
30
39
16
29
8
30
20
7
37
5
41
11
12
2
25
49
13
10
38
36
18
33
50
1
3
35
21
28
40
16
45
6
15
4
47
46
34
23
14
44
31
19
24
26
22
39
48
27
43
9
17
32
42
41
21
23
43
13
22
27
48
44
38
40
2
46
8
42
9
3
34
28
39
25
37
50
14
10
45
18
26
24
20
11
32
15
35
16
49
19
6
31
5
30
29
33
36
7
12
4
47
1
17
43
4
42
13
44
16
41
6
30
35
31
29
3
11
2
23
38
45
12
48
5
19
37
27
47
32
7
1
33
49
10
26
34
40
14
24
17
18
9
50
25
8
21
39
28
20
36
22
15
46
4
33
14
2
36
31
45
5
46
24
37
20
23
6
17
7
34
39
8
16
21
35
29
26
19
25
30
32
3
12
15
27
42
18
41
44
28
50
47
13
22
9
49
10
40
1
43
11
38
48
16
20
11
19
43
45
18
30
2
3
41
38
22
42
40
29
8
28
17
10
49
15
47
24
39
9
35
13
44
31
7
1
6
46
26
37
34
14
36
32
27
50
12
33
25
5
48
23
4
21
2
15
18
4
24
11
31
40
27
39
48
9
41
21
29
20
50
38
42
14
28
32
16
12
49
19
17
37
47
34
26
46
23
5
13
6
22
1
10
43
33
7
45
44
3
8
30
36
35
25
27
39
33
28
2
46
49
12
25
8
45
13
38
50
24
47
26
40
41
18
32
48
15
9
35
23
31
34
20
29
43
4
16
14
1
5
37
36
44
21
11
19
10
6
17
22
3
42
30
7
36
32
45
11
15
30
8
26
41
1
24
49
2
38
19
35
6
21
25
31
16
10
9
42
40
46
48
23
18
47
14
44
33
37
7
34
20
5
13
3
28
12
43
22
29
17
39
27
50
4
40
29
49
17
8
9
11
32
15
13
18
33
35
30
39
28
31
44
27
3
41
42
14
38
43
21
36
6
7
45
34
5
50
48
19
16
10
46
4
26
37
23
22
24
1
47
25
12
20
2
32
5
40
44
16
1
12
9
36
22
46
39
26
2
31
17
4
48
23
35
45
49
27
20
3
24
33
19
43
21
41
10
25
13
6
50
14
30
15
7
29
28
37
38
8
11
42
34
18
47
18
13
46
33
5
50
3
16
48
7
44
40
21
14
22
10
32
20
2
15
31
45
24
41
12
49
11
29
9
27
37
38
43
36
39
23
8
47
42
1
17
30
28
26
34
4
35
25
6
19
17
2
16
45
38
12
25
39
43
46
50
15
33
32
18
34
42
35
26
29
7
47
10
1
8
4
19
22
49
36
24
20
3
30
48
41
31
9
27
28
5
21
11
14
23
44
6
40
13
37
15
26
29
9
14
28
1
33
12
45
30
16
19
20
23
21
44
46
48
41
8
39
13
35
2
47
50
11
37
17
40
6
10
43
3
22
4
32
25
49
18
27
5
31
42
24
38
7
36
34
13
36
17
29
31
33
20
10
38
18
14
22
27
5
37
4
16
49
3
23
40
28
2
34
50
26
1
43
48
35
30
25
32
21
45
7
47
42
12
15
8
11
46
9
39
6
19
24
41
44
12
23
8
37
1
26
14
11
16
28
19
30
43
33
35
44
39
42
32
17
3
46
40
47
20
38
41
4
34
9
18
7
22
29
25
15
21
2
24
6
45
10
31
27
48
36
49
13
5
50
25
50
34
48
30
29
28
1
20
44
5
43
4
41
9
15
37
24
18
38
23
16
45
36
42
10
21
39
46
14
49
13
11
47
12
40
7
8
17
22
32
26
27
19
31
35
2
6
3
33
39
25
3
8
9
23
35
17
28
48
6
47
12
31
13
19
43
50
4
20
44
36
11
29
41
27
49
7
40
18
16
42
26
10
32
46
5
34
37
30
21
24
2
15
33
38
14
1
22
45
44
19
31
23
41
8
21
18
22
27
29
12
30
49
25
14
7
3
13
33
17
24
28
39
1
6
43
9
15
16
35
34
5
11
36
10
48
4
20
42
47
2
32
50
46
40
37
26
45
38
23
28
38
25
39
42
32
24
47
31
13
8
17
26
50
33
15
2
34
27
19
22
36
37
30
18
45
48
14
44
5
49
4
16
43
11
6
41
3
35
46
20
29
40
10
21
7
9
12
1
9
41
1
49
47
7
33
15
45
4
35
26
5
34
38
6
10
29
43
32
14
40
31
13
44
16
39
21
27
46
25
50
24
8
20
17
12
48
30
2
23
37
36
3
22
19
18
28
42
11
28
42
35
1
49
24
22
25
21
37
12
34
16
27
30
18
13
19
46
26
38
4
7
32
11
36
9
10
45
6
29
40
14
31
47
43
2
33
5
39
50
17
3
20
41
48
44
8
23
15
35
14
20
5
18
32
48
47
23
34
16
19
44
25
49
42
27
26
10
1
39
2
21
31
37
41
40
46
8
28
3
22
38
12
17
4
29
13
43
9
36
6
50
30
11
33
45
15
7
24
14
30
48
3
35
34
47
42
17
25
8
11
9
44
15
50
24
4
39
7
26
27
20
2
22
43
32
18
21
5
13
12
41
1
33
19
40
16
28
37
10
36
6
45
38
23
31
46
49
29
11
17
21
30
26
2
36
19
13
41
38
7
18
48
44
49
33
27
45
47
10
25
46
6
34
15
14
35
42
40
22
23
28
9
4
3
24
43
1
29
31
16
20
37
12
39
32
50
8
5
1
44
2
40
4
35
24
21
14
9
7
5
31
43
33
16
12
32
38
11
18
17
42
3
25
34
22
20
28
37
27
19
30
26
49
8
45
29
46
36
6
15
47
13
50
41
10
39
48
23
31
45
5
26
37
13
50
14
19
6
1
24
25
39
48
12
21
22
49
2
46
23
43
11
27
29
44
42
36
41
8
16
17
4
28
47
33
10
40
38
20
3
7
35
18
15
34
32
9
30
37
40
7
31
48
47
6
23
8
20
22
18
28
36
45
30
14
1
15
49
34
38
32
50
21
5
4
24
41
33
9
35
19
39
2
25
46
17
11
12
13
43
26
42
16
3
29
10
44
27
48
3
32
21
10
40
23
50
6
47
11
44
36
46
43
41
29
16
1
12
35
31
30
49
4
2
28
27
5
39
20
24
7
25
15
45
38
26
22
18
34
42
13
8
37
9
33
19
17
14
42
46
44
24
21
27
13
31
32
14
33
1
10
18
7
45
23
15
5
40
2
34
25
48
16
17
3
8
4
30
12
39
36
22
9
29
50
37
49
20
38
35
19
28
47
26
11
41
43
6
19
34
27
32
40
15
10
13
5
17
20
41
50
23
4
26
49
43
47
37
9
6
38
8
29
33
12
28
31
1
44
36
21
45
42
35
39
7
18
11
48
25
30
2
24
46
16
3
14
22
8
22
24
6
28
18
42
35
33
32
15
37
40
9
34
27
19
17
11
5
20
1
12
43
13
39
23
14
50
26
36
45
48
7
46
30
25
21
29
47
3
38
44
4
2
16
41
49
31
10
22
12
15
46
29
39
26
49
37
11
17
21
6
16
36
3
25
9
50
44
42
7
19
40
31
13
10
41
32
23
47
33
45
28
35
48
30
38
2
14
24
4
1
18
43
34
20
5
27
8
38
11
41
27
42
19
40
22
39
16
9
14
29
10
6
2
17
47
24
21
37
43
4
46
32
20
34
12
30
8
48
15
44
3
50
31
36
35
26
33
1
49
23
25
13
7
5
45
28
18
45
47
19
12
23
36
9
7
42
5
21
6
14
4
8
24
22
31
35
43
11
44
39
10
48
28
46
25
26
3
1
30
13
2
29
18
27
40
38
16
49
32
41
34
15
50
17
33
37
20
5
16
43
10
11
44
37
38
18
40
25
3
1
15
46
48
47
14
36
24
27
12
17
30
7
42
20
33
23
22
32
8
49
50
31
2
35
45
39
4
19
41
9
29
6
28
13
21
34
26
3
27
37
7
32
20
39
29
24
50
28
42
15
19
1
40
48
10
31
30
4
11
22
18
26
44
5
36
25
13
33
17
2
38
34
21
9
23
6
41
14
46
8
12
45
49
47
35
16
43
47
24
10
39
25
3
29
2
31
21
42
50
34
45
20
36
9
7
16
28
30
18
33
22
17
8
6
5
38
48
23
14
27
19
37
12
49
15
41
44
4
1
40
46
35
32
26
43
11
13
26
48
28
35
3
25
19
46
10
43
4
32
20
1
5
13
11
23
22
34
29
30
8
45
6
37
24
38
12
7
39
2
47
49
27
33
41
44
50
31
15
14
17
16
36
42
40
18
21
9
34
1
4
14
46
10
30
37
50
29
36
48
39
17
28
22
40
41
7
6
47
9
18
15
45
35
13
2
16
11
21
31
8
42
5
20
3
49
32
25
43
33
38
23
19
27
24
44
26
12
49
9
26
16
50
43
17
45
7
10
27
46
37
12
21
39
1
8
6
19
33
20
44
28
36
30
29
3
22
25
42
41
18
15
38
32
13
11
35
34
40
5
14
47
4
2
23
48
24
31
21
37
36
22
45
38
16
44
35
42
47
31
32
29
27
46
18
5
30
9
6
13
49
19
23
11
26
40
17
2
50
3
20
24
8
1
43
12
33
48
7
34
15
41
14
25
28
4
10
39
24
35
39
50
6
21
4
20
9
33
26
36
8
3
41
31
46
37
29
13
22
14
5
25
15
7
47
44
1
42
45
18
40
17
10
28
11
19
34
23
12
48
16
43
49
30
27
38
2
32
46
6
25
42
20
41
44
34
49
26
10
17
13
40
12
37
5
11
14
22
48
21
23
33
9
1
15
50
29
38
28
43
35
32
24
27
18
3
16
19
2
39
4
7
30
45
8
31
47
36
30
49
13
41
33
6
15
3
40
23
43
35
42
7
47
25
45
36
9
8
50
29
48
5
38
12
2
17
10
4
46
11
39
44
18
26
32
24
21
27
16
31
34
1
20
14
22
37
19
28
10
38
12
34
27
49
2
43
26
15
23
45
47
37
16
8
20
25
21
36
24
33
41
4
14
48
42
30
19
32
31
28
9
6
11
39
1
22
7
40
44
18
35
17
5
13
50
29
46
3
33
7
9
36
19
14
46
27
34
2
49
4
11
22
3
5
35
12
37
45
43
8
1
44
24
50
25
47
39
10
6
21
31
41
30
38
16
28
23
17
42
13
48
32
26
18
15
20
29
40
