6
18
50
38
22
5
34
36
1
11
32
10
45
17
14
41
28
13
19
4
15
26
3
7
46
23
27
30
35
43
2
47
29
20
40
42
9
25
48
8
39
44
24
49
21
31
12
16
33
37
7
31
6
15
12
4
43
8
29
19
39
27
24
28
32
1
2
30
44
25
13
41
34
17
18
3
38
16
11
50
33
48
37
23
22
36
26
20
45
46
35
47
42
5
9
10
21
14
40
49
20
43
22
47
34
2
7
28
4
36
11
23
48
24
26
32
30
33
40
42
3
12
6
16
5
31
8
49
13
19
17
37
1
27
21
9
15
39
14
10
41
45
18
50
44
29
46
38
25
35
50
10
47
18
17
48
38
4
3
49
34
8
28
35
11
43
41
6
20
46
36
5
26
23
33
14
37
15
2
24
19
29
12
22
44
13
42
30
7
45
9
40
25
31
32
27
1
21
39
16
29
8
30
20
7
37
5
16
12
47
18
2
49
13
10
38
36
41
33
50
1
3
46
21
28
40
25
45
6
15
4
35
11
34
23
14
44
31
19
24
26
22
39
48
27
43
9
17
32
42
41
21
23
19
31
22
27
18
44
37
40
48
46
8
6
9
3
34
28
39
25
47
50
14
10
45
42
26
24
20
11
32
15
35
16
49
43
13
4
5
30
29
33
36
7
12
38
2
1
17
43
4
42
13
35
16
41
6
30
44
31
29
3
11
2
23
39
45
12
48
5
19
37
27
47
32
7
1
33
8
38
26
34
40
14
24
17
18
9
50
25
49
21
10
28
20
36
22
15
46
4
26
14
2
36
31
45
5
46
24
37
20
23
6
17
7
34
39
8
33
21
35
29
10
19
25
16
32
3
12
15
27
9
18
41
44
28
42
47
13
22
50
49
30
40
1
43
11
38
48
16
19
11
30
49
45
18
43
2
20
50
38
39
42
40
29
8
28
17
10
22
15
47
24
3
9
26
13
44
31
7
1
6
46
35
37
34
14
36
32
27
41
12
33
25
5
48
23
4
21
2
15
18
4
24
11
31
40
27
39
48
9
41
21
29
46
50
38
42
14
28
32
20
12
49
19
17
37
47
34
26
16
44
5
13
6
22
1
10
43
33
7
23
45
3
8
30
36
35
25
27
50
33
28
2
46
49
23
25
12
45
13
38
39
24
8
26
40
18
41
32
48
15
9
35
47
31
34
20
29
43
4
16
14
1
5
37
36
44
21
11
19
10
6
17
22
3
42
30
7
36
32
45
11
15
40
29
26
39
1
42
25
2
38
19
35
6
21
50
31
16
10
9
8
4
46
48
23
18
47
14
44
33
37
7
34
20
5
13
3
28
12
43
22
41
17
49
30
24
27
40
29
7
17
8
9
11
32
15
13
49
33
35
30
39
28
18
44
27
3
41
42
14
38
43
21
36
6
31
45
34
5
50
48
19
16
10
46
25
26
37
23
22
24
1
47
4
12
20
2
32
5
40
44
16
1
12
9
36
22
46
7
26
2
31
17
4
48
23
35
45
49
27
20
39
24
33
19
43
21
41
10
25
13
30
50
14
6
15
29
47
28
37
38
8
11
42
34
18
3
18
13
36
33
5
50
3
12
48
7
44
40
15
14
22
10
32
20
2
16
46
45
24
41
31
49
11
29
9
27
37
38
43
21
39
23
8
47
42
1
17
30
28
26
34
4
35
25
6
19
17
2
10
45
38
12
25
39
43
46
7
15
33
32
18
34
42
35
26
29
50
37
16
1
8
4
19
22
49
36
24
20
3
30
48
41
31
9
27
28
5
21
11
14
23
44
6
40
13
47
45
40
29
9
14
28
1
33
41
26
20
16
19
47
23
21
38
46
48
15
8
39
13
35
2
7
50
11
37
17
31
6
10
43
3
22
30
32
12
49
4
18
5
44
42
24
25
27
36
34
13
36
17
29
27
33
20
10
38
18
14
22
21
5
37
4
16
49
3
23
40
28
2
46
12
26
1
43
48
35
30
25
32
42
45
7
47
50
34
15
8
11
41
9
39
6
19
24
44
31
12
39
8
37
19
26
14
11
16
41
3
30
43
33
35
5
44
1
32
17
42
46
40
47
20
38
34
4
7
9
18
28
22
29
25
15
21
2
24
6
45
10
31
27
48
36
23
13
49
50
35
20
34
43
30
29
28
1
11
3
5
18
4
41
9
44
37
24
25
38
23
16
45
36
42
10
21
39
46
14
49
13
48
47
12
40
7
8
17
22
32
26
27
19
31
15
2
6
50
33
39
25
3
8
9
23
35
17
28
48
6
47
12
31
13
19
43
50
4
20
44
36
11
29
41
27
49
7
40
18
16
42
26
10
32
46
5
34
37
30
21
24
2
15
33
38
14
1
22
45
44
38
31
23
33
8
19
7
22
27
29
12
30
50
25
14
47
3
13
18
17
24
28
39
1
6
43
9
15
16
35
34
5
11
36
10
48
4
20
42
49
2
32
21
46
40
37
26
45
41
23
28
38
25
39
42
32
24
47
31
13
45
17
26
50
33
15
2
34
27
19
22
8
37
30
18
35
48
14
44
5
49
4
16
43
11
6
41
3
36
46
20
29
40
10
21
7
9
12
1
9
41
1
49
47
7
33
15
45
4
35
26
5
34
38
6
10
29
43
32
14
40
31
13
44
16
39
21
27
46
25
50
24
8
20
17
12
48
30
2
23
37
36
3
22
19
18
28
42
11
28
42
35
1
48
24
22
25
21
40
12
34
16
27
30
18
13
19
46
26
38
4
7
32
11
36
41
33
45
6
10
9
14
31
47
43
2
49
5
39
50
17
3
20
29
37
44
8
23
15
30
14
20
5
18
32
48
47
23
34
16
43
44
25
49
42
27
26
10
1
39
2
21
31
37
41
40
46
29
28
3
22
38
12
17
4
19
24
8
9
36
6
50
35
11
33
45
15
7
13
14
30
48
3
45
21
47
42
17
25
24
11
9
44
15
50
20
4
39
7
26
27
35
2
22
43
32
18
34
49
13
12
41
1
33
19
40
16
28
37
10
36
6
8
38
23
31
46
5
29
25
17
21
41
26
30
36
19
13
2
38
49
18
48
44
11
33
27
45
47
7
29
10
6
34
15
14
8
42
40
22
23
28
9
4
3
24
43
1
35
31
16
20
37
12
39
32
50
46
5
1
44
2
40
4
35
24
21
14
9
36
5
31
43
33
16
12
32
38
11
18
17
42
3
25
34
22
20
28
37
27
19
30
26
49
8
45
29
46
7
6
15
47
13
50
41
10
39
48
23
31
45
5
26
37
13
50
14
19
6
1
24
25
20
48
15
21
22
49
2
12
23
43
11
27
29
44
42
36
41
8
46
17
4
28
47
33
10
40
38
16
3
7
39
18
35
34
32
9
30
37
23
16
7
1
47
6
48
20
35
22
28
27
36
45
30
14
18
15
49
34
38
32
50
21
33
9
24
41
5
40
31
19
39
2
25
46
17
11
12
13
43
26
42
4
3
29
10
8
44
48
3
32
21
10
17
23
50
6
8
4
44
36
46
43
47
29
16
1
12
35
31
30
49
40
2
28
27
5
39
20
24
7
25
15
45
38
26
22
18
34
42
13
11
37
9
33
19
41
14
42
46
44
24
21
27
13
31
32
14
8
1
22
18
7
45
23
15
5
40
2
34
25
48
16
17
3
10
4
30
12
39
36
33
9
29
50
37
49
20
38
35
19
28
47
26
11
41
43
6
33
34
27
32
40
15
10
13
5
17
41
19
50
23
4
31
49
43
47
37
9
6
38
42
29
48
12
28
8
1
44
36
21
45
26
35
39
7
18
11
20
25
30
2
24
46
16
3
14
22
8
22
24
48
28
18
39
35
33
32
15
37
40
9
34
27
19
17
11
6
20
1
12
43
13
5
23
14
50
26
36
45
42
7
46
30
25
21
29
47
3
38
44
4
2
16
41
49
31
10
22
12
15
46
29
39
26
49
37
30
17
21
6
16
36
3
25
9
41
44
31
7
19
40
50
13
10
35
32
11
47
33
45
28
34
48
23
38
2
14
24
4
1
18
43
42
20
5
27
8
38
11
41
6
44
19
40
22
8
16
9
14
29
10
42
2
17
47
24
21
37
43
49
34
32
20
4
12
30
23
48
15
39
3
50
31
36
35
26
33
1
27
46
25
13
7
5
45
28
18
11
47
19
12
23
36
9
41
42
5
21
6
14
4
8
24
22
31
35
43
49
44
39
26
48
28
46
25
10
3
1
30
13
2
29
18
27
40
38
16
7
32
45
34
15
50
17
33
37
20
5
16
43
10
11
44
37
38
18
23
33
3
1
15
46
12
40
14
36
24
27
25
17
30
7
42
20
41
21
22
32
8
49
50
31
2
35
45
39
4
19
48
9
29
6
28
13
47
34
26
34
33
37
27
32
20
15
29
24
50
28
39
7
19
1
40
48
10
31
30
4
11
22
18
26
44
5
36
25
13
9
17
2
38
42
21
3
23
6
41
14
46
8
12
45
49
47
35
16
43
47
24
49
39
13
3
42
2
31
21
25
50
10
45
20
36
9
7
16
28
30
18
33
22
17
1
6
5
38
32
23
14
27
19
37
12
29
15
41
44
48
8
40
46
35
34
26
43
11
4
26
48
28
35
3
25
8
46
10
43
19
42
20
1
5
13
11
23
22
34
29
30
4
45
6
37
24
38
12
7
39
2
47
49
27
33
41
44
50
31
15
14
17
16
36
32
40
18
21
9
3
1
4
14
46
10
17
37
50
29
30
41
34
49
28
22
31
42
7
5
47
9
18
15
45
35
13
2
16
33
21
40
8
36
6
20
11
27
32
25
43
39
38
23
19
48
24
44
26
12
49
9
26
31
50
43
4
45
7
10
27
46
37
12
21
39
1
8
6
19
33
20
44
28
36
30
29
3
23
25
42
41
18
15
38
32
13
11
35
34
40
5
14
47
16
2
22
48
17
24
21
37
46
22
43
38
16
44
35
42
47
31
32
29
27
26
7
5
30
9
6
13
36
19
23
11
45
40
17
2
50
3
20
24
8
1
49
12
33
48
18
34
15
41
14
25
28
4
10
39
24
35
39
50
6
34
21
20
9
38
26
36
8
3
41
48
46
37
29
13
11
14
5
25
15
22
47
44
1
42
45
18
40
17
10
28
4
19
31
23
12
33
16
43
49
30
27
7
2
32
46
6
25
42
20
41
44
34
49
28
10
17
13
40
12
37
5
11
14
22
48
21
23
33
9
39
15
50
26
38
29
43
35
32
24
27
18
3
16
19
2
1
4
7
30
45
8
31
47
36
15
49
13
16
41
6
30
3
40
45
43
35
42
7
47
25
24
36
9
8
10
50
48
5
38
12
2
17
22
4
46
11
23
44
18
26
32
33
21
27
29
31
34
1
20
14
39
37
19
28
10
27
12
34
42
49
2
30
26
15
23
32
47
37
16
20
45
25
21
36
24
33
41
4
14
8
18
31
19
48
28
7
46
6
11
39
1
22
43
40
44
9
35
17
5
13
50
29
3
38
19
7
9
36
25
14
46
27
34
33
2
4
11
22
3
49
35
12
37
45
43
8
1
44
24
50
30
47
39
10
6
21
31
41
5
38
16
28
23
17
42
13
48
32
26
18
15
20
29
40
