6
18
50
38
22
5
34
36
1
3
32
10
45
17
14
41
28
13
19
4
15
26
31
7
46
37
27
11
35
43
2
47
29
20
40
30
9
25
48
8
39
44
23
49
21
42
12
16
33
24
7
31
6
15
12
4
43
8
29
19
39
27
24
28
32
1
2
30
44
25
13
41
34
17
18
3
38
16
11
50
33
48
37
23
22
36
26
20
45
46
35
47
42
5
9
10
21
14
40
49
20
43
15
47
34
12
7
28
4
36
2
23
48
24
26
32
30
33
40
42
22
50
6
16
5
31
8
49
13
19
17
37
1
27
21
9
11
39
14
10
41
45
18
3
44
29
46
38
25
35
28
10
22
18
17
48
30
23
3
49
50
38
7
35
11
43
41
6
20
46
36
5
26
34
33
14
37
15
2
24
19
29
12
21
25
13
42
27
8
45
9
40
4
39
32
31
1
47
44
16
29
8
30
20
7
2
5
43
11
37
18
25
49
47
10
38
36
41
33
50
1
3
35
21
12
40
16
45
6
13
4
28
46
34
23
14
44
31
19
24
26
22
39
48
27
15
9
17
32
42
41
21
23
6
48
22
27
4
44
38
40
18
37
8
42
9
3
34
28
39
25
47
50
14
10
45
15
26
24
20
11
32
31
35
16
49
43
46
1
5
30
29
33
36
7
12
19
2
13
17
43
4
49
13
14
16
41
6
39
30
31
29
3
11
2
23
35
45
12
48
5
19
37
8
47
32
42
1
7
33
38
26
34
40
44
24
17
18
9
50
25
27
21
10
28
20
36
22
15
46
4
50
14
2
36
31
45
5
46
24
37
20
23
6
17
7
34
39
8
16
21
35
29
10
19
25
26
32
3
12
15
27
42
18
41
44
28
33
47
13
22
9
49
30
40
1
43
11
38
48
16
26
11
19
41
45
18
30
2
20
36
39
22
42
40
29
8
28
17
10
3
15
47
24
50
9
35
13
44
49
7
1
6
46
5
37
34
14
31
32
27
38
12
33
25
43
48
23
4
21
2
15
18
4
24
11
31
40
27
39
48
45
41
21
29
20
50
38
42
14
28
32
23
12
49
19
17
37
47
34
26
16
9
5
13
6
22
1
10
43
33
7
25
46
3
8
30
36
35
44
27
23
33
28
2
46
49
12
25
47
45
13
38
50
24
8
26
40
18
41
32
48
15
9
35
39
31
34
20
29
43
4
16
14
1
5
37
36
44
21
11
19
10
6
17
22
3
42
30
7
36
32
45
11
25
40
29
26
41
1
8
49
2
38
19
35
6
21
50
31
16
10
9
27
42
46
48
23
18
47
14
44
33
15
7
34
20
5
13
3
28
12
43
22
37
17
39
30
24
4
40
29
16
17
8
9
11
18
15
14
30
33
35
13
39
28
7
44
27
3
41
42
46
38
43
21
36
6
31
45
34
5
50
48
19
25
10
49
32
26
37
23
22
24
1
47
4
12
20
2
32
39
40
44
1
17
12
9
36
22
46
7
26
2
31
5
4
48
23
35
45
49
27
20
3
24
33
19
43
21
41
10
25
13
6
50
14
30
15
29
16
28
37
38
8
11
42
34
18
47
18
13
46
33
15
50
3
16
48
7
44
40
21
14
22
10
32
20
2
5
12
45
24
41
31
49
11
29
9
27
37
38
43
36
39
23
8
47
42
1
17
30
28
26
34
4
35
25
6
19
17
2
10
45
38
47
25
39
43
46
3
15
33
32
18
34
42
35
26
29
7
12
16
1
8
4
19
22
49
36
24
20
48
30
37
41
31
9
27
28
5
21
50
14
23
44
6
40
11
13
11
40
29
9
5
28
1
33
12
26
41
16
19
20
23
21
38
46
14
15
8
39
13
35
2
48
50
36
37
17
31
6
10
43
3
22
30
32
4
49
47
18
45
44
42
24
25
27
7
34
13
36
17
29
31
33
20
10
38
18
14
22
34
5
37
4
16
49
3
23
40
28
2
46
21
8
1
43
48
35
30
25
32
26
45
7
47
42
12
15
50
11
41
9
39
6
44
24
19
27
12
19
8
37
3
26
28
11
16
23
25
30
43
33
35
44
39
1
32
17
42
46
40
47
20
38
41
4
34
9
18
7
22
29
14
15
21
2
24
6
45
10
31
27
48
36
49
13
5
50
50
38
34
43
30
29
42
1
20
44
5
48
28
41
9
15
37
24
25
18
23
16
45
36
32
10
21
39
46
14
49
13
11
47
12
40
7
8
17
22
4
26
27
19
31
35
2
6
3
33
39
25
3
8
9
23
35
17
28
48
6
47
12
31
13
19
43
50
4
20
44
36
11
29
41
27
49
7
40
18
16
42
26
10
32
46
5
34
37
30
21
24
2
15
33
38
14
1
22
45
47
33
31
23
27
21
19
7
22
41
29
12
30
49
25
14
44
3
13
38
17
24
28
39
1
6
43
9
15
16
35
34
5
11
18
10
48
4
20
42
8
2
32
50
46
40
37
26
45
36
23
28
38
25
39
42
32
24
47
31
13
8
17
26
50
33
15
2
34
27
19
22
36
37
30
18
45
48
14
44
5
49
4
16
43
11
6
41
3
35
46
20
29
40
10
21
7
9
12
1
9
41
1
49
47
7
33
15
45
4
35
26
5
34
38
6
10
29
43
32
14
40
3
13
44
16
39
21
27
46
25
50
24
8
20
17
12
48
30
2
23
37
36
31
22
19
18
28
42
11
44
42
35
1
37
24
22
25
21
33
12
34
16
27
48
18
13
19
46
26
38
4
7
32
11
36
30
10
45
6
40
9
3
31
47
43
2
50
5
39
49
17
15
20
29
14
28
8
23
41
35
14
20
5
18
32
48
47
30
34
16
43
44
25
49
42
27
26
10
1
39
2
21
31
37
41
40
46
29
28
3
22
23
12
17
4
19
13
7
9
36
6
24
8
11
33
45
15
50
38
14
30
12
3
45
1
47
42
17
25
49
11
9
44
15
50
24
4
48
7
26
27
20
2
22
43
32
18
8
23
13
35
41
33
34
19
40
16
28
37
10
36
6
21
38
5
31
46
39
29
1
17
21
41
26
30
36
19
13
40
38
2
18
48
44
46
33
27
45
47
11
29
10
6
34
15
14
35
42
8
22
23
28
9
4
3
24
43
25
7
31
16
20
37
12
39
32
50
49
5
26
44
2
40
4
35
24
21
14
9
7
5
31
43
33
16
12
32
38
11
18
17
42
3
25
34
22
20
28
37
27
19
30
1
49
8
45
29
46
36
6
15
47
13
50
41
10
39
48
23
31
45
5
26
16
13
50
14
19
6
1
24
25
39
30
12
21
22
49
2
46
23
43
11
27
29
44
42
36
41
8
15
17
4
28
47
33
10
40
38
20
3
7
35
18
48
34
32
9
37
37
5
7
35
44
20
6
48
23
8
22
28
27
36
45
30
14
18
15
49
34
38
32
50
40
47
9
24
41
31
10
21
19
39
2
16
46
17
11
12
13
43
26
42
4
3
29
33
1
25
48
3
32
21
10
37
23
50
6
27
4
44
36
46
43
11
29
16
1
12
35
31
30
49
39
2
28
8
5
40
20
24
7
25
15
45
38
26
22
18
34
42
13
17
41
9
33
19
47
14
42
46
44
31
21
27
14
32
8
13
24
1
10
18
7
45
23
15
5
40
2
34
25
48
16
17
3
33
4
30
12
39
36
22
9
29
50
37
49
20
38
35
19
28
47
26
11
41
43
6
19
34
27
32
40
8
10
13
5
17
20
41
50
23
4
31
49
43
47
37
9
6
38
42
29
33
12
28
21
1
44
36
15
45
26
35
39
7
18
11
48
25
30
2
24
46
16
3
14
22
8
22
24
48
28
18
38
35
33
32
15
37
40
9
34
27
19
17
11
6
20
1
12
43
13
5
23
14
10
26
36
45
39
7
46
42
25
21
29
47
3
50
44
4
2
16
41
49
31
30
22
12
42
46
29
39
26
49
37
35
17
21
6
16
36
3
25
9
41
44
50
7
19
40
23
13
10
31
32
11
47
33
45
28
30
48
15
38
2
14
24
4
1
18
43
34
20
5
27
8
38
11
41
27
49
19
40
22
32
16
9
14
29
10
6
2
17
47
24
21
37
43
8
23
4
20
34
12
30
15
48
46
44
42
50
31
36
35
26
33
1
39
3
25
13
7
5
45
28
18
45
47
19
12
23
36
9
41
42
5
21
6
14
4
8
24
22
31
35
43
49
44
39
26
48
28
46
25
33
3
1
30
13
2
29
18
27
40
38
16
7
32
11
34
15
50
17
10
37
20
5
16
43
10
11
44
37
38
18
12
33
3
1
15
46
47
40
14
36
24
27
25
17
30
7
42
20
41
23
22
32
8
49
50
31
2
35
45
39
4
19
48
9
29
6
28
13
21
34
26
33
20
37
7
32
34
13
29
24
50
28
42
15
19
1
40
48
10
31
30
4
11
22
18
26
44
5
27
25
39
9
17
2
38
36
21
3
23
6
41
14
46
8
12
45
49
47
35
16
43
25
24
47
39
13
3
4
2
31
21
34
50
46
45
20
36
9
7
16
28
30
18
33
22
17
1
6
5
38
48
23
14
27
19
42
12
29
15
41
44
32
49
40
11
35
37
26
43
8
10
3
48
28
30
35
25
8
46
10
43
42
19
20
1
5
13
11
23
22
34
29
37
4
45
6
26
24
38
12
7
39
2
47
49
27
33
41
44
50
31
15
14
17
16
36
32
40
18
21
9
34
1
4
14
46
10
17
37
50
29
11
32
39
30
28
22
31
42
7
33
47
9
18
15
45
35
13
2
16
5
21
40
8
3
48
20
49
6
36
25
43
41
38
23
19
27
24
44
26
12
49
9
26
24
50
43
15
45
7
10
27
46
4
12
21
39
1
8
6
19
33
20
44
28
36
30
29
3
22
25
42
41
18
37
38
32
13
11
35
34
40
5
14
47
16
2
23
48
17
31
21
37
36
22
43
15
16
44
35
42
47
31
32
29
27
26
45
5
30
9
6
13
49
19
28
11
7
40
17
2
50
3
20
24
8
1
23
12
33
48
18
34
46
41
14
25
38
4
10
39
24
35
39
50
6
38
21
20
9
11
26
36
8
3
41
48
46
37
29
13
31
14
5
25
15
22
47
44
1
42
45
18
40
17
10
28
4
19
34
23
12
33
16
43
49
30
27
7
2
32
46
6
25
42
20
41
44
34
49
28
10
17
13
40
12
37
47
11
39
22
48
21
14
33
9
23
4
50
26
38
29
43
35
32
24
27
18
3
16
19
2
1
5
7
30
45
8
31
36
15
15
49
13
16
19
6
39
3
40
45
43
35
42
7
47
25
18
36
9
8
10
30
48
5
38
12
2
17
50
4
46
11
14
44
33
26
32
24
21
27
29
31
34
1
20
23
22
37
41
28
10
27
48
34
42
49
2
31
26
15
23
9
47
37
16
17
20
25
21
36
24
33
41
4
14
7
18
30
19
32
28
12
38
6
11
39
1
22
43
40
44
8
35
45
5
13
50
29
46
3
30
7
9
36
33
14
46
27
34
2
19
4
11
22
3
49
5
12
37
45
43
8
1
44
24
50
25
47
39
10
6
31
21
41
35
38
16
28
23
17
42
13
48
32
26
18
15
20
29
40
