6
18
50
38
22
5
34
36
1
37
32
10
45
17
14
11
28
13
19
4
15
26
3
7
46
47
27
31
35
43
2
21
29
20
40
30
9
25
48
8
39
44
23
49
41
42
12
16
33
24
7
31
6
15
12
4
43
8
29
19
39
27
24
28
32
1
2
30
44
25
13
41
34
23
18
3
38
16
11
50
17
48
37
22
33
36
26
20
45
46
35
47
42
5
9
10
21
14
40
49
20
43
22
47
34
17
7
28
4
36
50
23
48
24
26
32
30
33
40
42
3
12
6
16
5
31
8
49
13
19
38
37
1
27
21
9
15
39
14
10
41
45
18
11
44
29
46
2
25
35
34
10
7
18
13
48
47
23
3
49
4
38
28
35
11
43
41
6
20
46
36
5
26
17
33
14
37
15
2
24
19
29
12
21
44
25
42
27
8
45
9
40
50
22
32
31
1
30
39
16
29
8
30
20
7
2
5
18
11
12
25
43
49
47
10
38
36
41
33
50
1
3
14
21
37
40
15
45
6
16
4
28
46
34
23
13
44
31
19
24
26
22
39
48
27
35
9
17
32
42
41
21
23
43
15
22
27
48
44
13
40
42
4
8
2
9
3
34
28
39
25
37
50
14
10
45
18
26
24
20
11
32
31
35
16
49
19
6
1
5
30
29
33
36
7
12
38
46
47
17
43
4
49
13
44
16
41
6
30
38
31
29
3
11
42
23
35
45
12
48
5
19
37
27
47
32
26
1
33
8
28
7
34
40
14
24
17
18
9
50
25
39
21
10
2
20
36
22
15
46
4
26
14
2
36
31
45
5
46
24
37
20
23
6
17
7
34
39
8
33
21
35
29
10
19
25
16
32
3
12
15
27
42
18
41
44
28
50
47
13
22
9
49
30
40
1
43
11
38
48
16
50
11
19
43
45
18
30
2
20
41
49
39
42
40
29
8
28
17
10
38
15
47
24
3
9
35
13
44
31
7
26
6
46
22
37
34
14
36
32
27
1
12
33
25
5
48
23
4
21
2
15
18
4
24
11
31
40
27
39
48
45
41
21
29
46
50
38
42
14
28
32
20
12
49
19
17
37
23
34
26
16
9
5
13
6
22
1
10
43
33
7
25
44
3
8
30
36
35
47
27
23
33
28
2
46
49
12
25
8
45
13
38
50
24
47
26
40
18
41
32
48
15
9
35
39
31
34
20
29
43
4
16
14
1
5
37
36
44
21
11
19
10
6
17
22
3
42
30
7
36
32
45
11
4
40
30
26
41
1
49
25
2
38
19
35
6
21
39
31
16
10
9
8
42
46
48
23
18
47
14
44
33
37
7
34
20
5
13
3
28
12
43
50
29
17
22
27
24
15
40
29
42
17
8
9
11
32
15
2
18
33
35
13
39
28
7
44
27
3
41
30
16
38
43
21
36
6
34
45
31
5
50
48
19
14
10
46
25
26
37
23
22
24
1
47
49
12
20
4
32
5
40
44
1
47
12
9
36
22
46
7
26
2
31
17
4
48
23
35
45
49
27
20
39
24
33
19
43
21
41
10
25
13
6
50
14
30
15
29
16
28
37
38
8
11
42
34
18
3
33
13
36
31
5
50
3
16
48
7
44
40
21
14
22
10
32
20
2
18
46
45
24
41
12
49
11
29
9
27
37
38
43
15
39
23
8
47
42
1
17
30
28
26
34
4
35
25
6
19
17
2
16
45
38
12
25
39
43
46
11
15
33
32
18
34
42
35
26
29
50
47
7
1
8
4
19
22
49
36
24
20
48
30
37
41
31
9
27
28
5
21
3
14
23
44
6
40
13
10
44
40
29
9
14
28
1
33
12
26
30
16
19
20
23
21
45
46
41
5
8
39
13
35
2
48
50
11
37
17
27
6
10
43
3
22
25
32
4
49
7
18
15
31
42
24
47
38
36
34
13
36
17
29
27
33
20
10
38
18
14
22
44
5
37
4
16
49
3
23
40
28
2
34
21
8
1
43
48
35
30
25
32
26
45
7
47
42
12
15
31
11
46
9
39
6
19
24
50
41
12
39
8
37
48
26
14
11
16
3
34
30
43
33
35
5
44
1
32
17
49
46
40
47
20
38
41
4
7
9
18
42
22
29
25
15
21
2
24
6
45
10
31
27
28
36
23
13
19
50
18
38
34
48
30
29
42
1
20
35
5
28
46
41
9
44
37
24
25
15
23
16
45
36
4
10
21
39
50
14
49
13
11
47
12
40
7
8
17
22
32
26
27
19
31
43
2
6
3
33
39
25
3
8
9
23
35
17
28
48
6
47
12
31
13
19
43
50
4
20
44
36
11
29
41
27
49
7
40
18
16
1
26
42
32
46
5
34
37
30
21
24
2
15
33
38
14
10
22
45
50
19
31
23
41
21
38
7
22
44
29
12
30
49
25
14
18
3
13
16
17
24
28
39
1
6
43
9
15
33
35
34
5
11
36
10
48
4
20
42
47
2
32
8
46
40
37
26
45
27
23
28
38
25
39
42
32
24
47
31
13
8
17
26
50
33
15
2
34
27
19
22
35
37
30
18
45
48
14
44
5
49
4
16
43
11
6
41
3
36
46
20
29
40
10
21
7
9
12
1
9
41
1
49
47
7
33
15
45
4
35
26
5
34
38
6
10
29
43
32
14
40
31
13
44
16
39
21
27
46
25
50
24
8
20
17
12
48
30
2
23
37
36
3
22
19
18
28
42
11
28
42
35
1
3
24
22
25
21
45
12
34
16
27
48
18
13
19
46
26
7
4
10
32
11
36
30
33
29
6
40
9
14
31
47
43
2
49
5
39
50
17
41
20
37
15
44
8
23
38
35
14
20
5
18
32
48
47
23
34
16
19
37
25
49
42
27
26
10
1
39
2
21
31
50
41
40
46
8
28
3
22
38
12
17
4
29
13
43
9
36
6
24
7
11
33
45
15
44
30
14
30
12
3
45
34
39
42
17
25
20
11
9
44
15
50
24
4
48
7
26
27
49
2
22
43
32
18
46
5
13
47
41
33
35
19
40
16
28
37
10
36
6
21
38
23
31
1
8
29
25
17
21
41
26
30
36
19
13
40
38
2
18
48
44
31
33
27
45
47
11
29
46
6
34
15
14
10
42
49
22
23
28
9
4
3
24
43
7
35
8
16
20
37
12
39
32
50
1
5
26
44
2
40
37
35
24
21
14
9
36
5
31
43
33
16
12
32
38
11
18
17
42
3
25
34
22
20
28
15
10
19
30
1
49
8
45
29
46
7
6
27
47
13
50
41
4
39
48
23
31
45
5
26
16
13
50
14
19
6
1
24
25
39
30
15
21
22
49
2
12
23
43
11
27
29
44
42
36
41
8
46
17
4
28
47
33
10
40
38
20
3
7
35
18
48
34
32
9
37
37
20
10
35
31
1
6
4
8
27
22
48
7
36
45
30
14
18
15
49
34
38
32
50
28
23
9
24
41
25
33
40
19
39
2
16
46
17
11
12
13
43
26
42
21
3
29
47
5
44
48
3
32
21
10
37
23
50
6
47
8
44
36
46
43
41
29
16
1
12
35
31
30
49
40
2
28
27
5
39
20
24
7
25
15
45
38
26
22
18
34
42
13
17
4
9
33
19
11
14
42
46
44
33
21
27
13
31
32
14
24
1
22
18
7
45
23
15
5
40
2
34
25
48
16
17
3
8
4
30
12
39
36
10
9
29
50
37
49
20
38
35
19
28
47
26
11
41
43
6
19
34
27
32
40
8
10
13
5
17
21
41
50
23
4
20
49
43
47
37
9
6
38
42
29
33
12
28
31
1
44
36
15
45
26
35
39
7
18
11
48
25
30
2
24
46
16
3
14
22
8
22
24
6
28
18
2
35
33
32
15
37
40
9
34
27
19
17
11
38
20
1
12
43
13
5
23
14
10
26
36
45
39
7
46
42
30
21
29
47
3
50
44
4
48
16
41
49
31
25
22
12
15
46
29
39
26
49
37
41
17
21
6
16
36
3
25
9
50
44
42
7
19
40
31
13
10
35
32
11
47
33
45
28
30
48
23
38
2
14
24
4
1
18
43
34
20
5
27
8
38
11
41
27
42
19
40
22
39
16
9
14
29
10
6
2
17
47
24
21
37
43
8
46
32
20
34
12
30
23
48
15
44
3
50
31
36
35
26
33
1
49
4
25
13
7
5
45
28
18
45
47
19
12
23
36
9
41
42
5
7
6
14
4
8
24
22
31
35
43
10
44
39
26
48
28
46
25
21
3
1
30
13
2
29
18
27
40
38
16
49
32
11
34
15
50
17
33
37
20
5
16
43
10
11
44
37
38
18
23
33
3
1
15
46
12
40
14
36
24
27
25
17
30
7
42
20
41
47
22
32
8
49
50
31
2
35
45
39
4
19
48
9
29
6
28
13
21
34
26
47
33
37
7
32
20
15
29
24
50
28
9
27
19
1
40
48
10
31
30
4
11
22
18
26
44
5
36
25
13
34
17
2
38
42
21
3
23
6
41
14
46
8
12
45
49
39
35
16
43
1
24
47
39
25
3
29
2
31
21
42
50
10
45
20
36
9
7
16
28
30
18
33
22
17
37
6
5
38
48
23
14
27
19
34
12
11
15
41
44
4
8
40
46
35
32
26
43
49
13
3
48
28
30
35
25
8
46
10
43
19
32
20
1
5
13
11
23
22
34
29
42
4
45
6
26
24
38
12
7
39
2
47
49
27
33
41
44
50
31
15
14
17
16
36
37
40
18
21
9
11
1
4
14
46
10
17
37
50
29
3
39
34
30
28
22
5
42
7
6
47
9
18
15
45
35
13
2
16
40
21
31
8
36
48
20
49
33
32
25
43
41
38
23
19
27
24
44
26
12
49
9
26
24
50
43
4
45
7
10
27
46
15
12
21
39
1
8
6
19
33
20
44
28
36
30
29
3
22
37
42
41
18
23
38
32
13
11
35
34
40
5
14
47
16
2
25
48
17
31
21
37
46
22
49
15
16
44
35
42
47
31
32
29
27
26
38
5
30
9
6
13
36
19
23
11
7
40
17
2
50
3
20
24
8
1
43
12
33
48
18
34
45
41
14
25
28
4
10
39
24
35
39
50
6
38
21
20
9
11
26
36
8
3
41
48
46
37
29
13
31
14
5
25
15
22
47
44
1
42
45
18
40
17
10
28
4
19
34
23
12
33
16
43
49
30
27
7
2
32
46
6
25
42
20
41
44
34
49
28
10
17
13
40
12
37
47
11
14
22
48
21
23
33
9
1
4
50
26
38
29
43
35
32
24
27
18
3
16
19
2
15
5
39
30
45
8
31
7
36
15
49
13
16
33
6
19
3
40
30
43
35
42
7
47
25
39
36
9
8
22
50
48
5
38
12
2
17
45
4
46
11
23
44
18
26
32
24
21
27
29
31
34
1
20
14
10
37
41
28
10
27
48
34
17
49
28
43
26
15
23
18
47
37
16
8
20
25
21
36
24
33
41
4
14
7
42
30
19
32
9
12
3
6
11
39
1
22
31
40
44
38
35
45
5
13
50
29
46
2
30
7
9
36
19
14
46
27
34
33
2
4
11
22
3
49
31
12
37
45
43
8
1
44
24
50
25
47
39
10
6
35
21
41
5
38
16
28
23
17
42
13
48
32
26
18
15
20
29
40
