16
5
34
15
48
46
49
28
40
14
27
29
36
45
17
24
13
4
30
12
22
11
19
43
37
47
2
38
6
8
35
3
33
20
42
21
10
7
50
39
1
18
44
41
26
31
32
23
9
25
8
28
29
25
21
24
35
18
33
26
41
13
15
49
36
31
3
11
19
16
6
43
47
27
38
9
45
10
22
2
32
7
50
30
5
4
39
42
20
1
34
17
12
40
46
37
14
44
23
48
10
13
40
27
34
33
44
23
22
39
26
1
48
11
9
36
24
31
2
38
14
6
30
49
45
18
32
8
28
46
37
21
47
3
20
41
42
50
25
19
15
5
16
7
43
35
29
17
12
4
48
43
20
14
31
37
19
11
50
23
18
49
24
41
29
12
34
46
7
27
30
22
25
5
13
44
42
6
26
16
10
36
45
15
40
47
8
21
28
2
38
39
35
17
9
4
3
33
1
32
35
32
43
11
47
26
20
4
9
28
21
39
2
50
40
13
1
34
14
3
23
8
37
18
17
19
44
45
15
29
16
12
27
46
7
33
41
30
5
48
42
6
38
25
36
49
10
24
31
22
38
31
35
26
8
19
36
39
27
46
28
34
11
15
4
5
45
47
43
7
16
32
2
20
41
48
23
25
50
17
40
24
18
49
21
42
22
9
10
37
29
3
13
14
33
30
6
1
44
12
2
15
23
47
3
25
34
24
26
11
8
19
18
13
45
35
49
27
17
30
7
38
29
33
44
46
37
1
40
9
20
4
32
42
41
6
43
39
14
21
31
50
28
5
22
10
48
12
36
16
31
16
30
42
5
34
22
33
12
13
1
40
26
28
10
43
35
39
25
23
11
44
21
32
36
15
3
17
7
14
9
50
4
27
45
48
49
6
8
46
47
41
20
24
38
2
18
29
19
37
28
36
38
40
27
42
29
9
2
18
50
5
22
1
37
39
47
14
21
6
10
35
15
13
7
16
33
46
23
26
17
32
12
25
30
31
24
34
49
4
48
19
41
3
8
44
43
11
45
20
24
40
31
37
10
41
23
14
4
35
29
21
17
6
26
48
8
13
49
46
1
18
3
11
47
25
28
9
20
44
39
38
5
36
19
22
12
2
42
45
33
34
27
43
30
50
16
32
7
15
45
23
1
24
11
14
38
6
7
2
31
15
39
33
16
21
25
18
20
29
26
50
46
41
3
30
49
44
43
32
34
8
17
37
48
36
9
12
4
40
5
42
47
35
27
19
28
10
22
13
12
42
47
41
39
48
28
31
15
9
14
22
21
19
25
29
38
5
16
32
17
36
6
23
1
2
46
27
11
40
18
49
43
4
10
50
26
37
7
34
44
8
24
13
20
33
30
35
3
45
26
25
41
45
24
28
27
17
16
20
33
48
6
4
18
37
32
1
9
10
3
40
50
30
22
5
21
19
47
13
7
39
42
14
23
49
44
38
2
35
11
12
29
36
15
43
31
46
34
8
9
2
15
22
1
7
26
47
48
49
4
3
46
31
38
40
10
30
35
13
12
5
41
36
29
50
16
42
17
43
33
20
37
11
39
32
28
23
34
44
14
25
45
21
19
6
8
18
27
24
13
38
9
43
19
39
48
32
24
31
11
4
16
10
5
22
29
20
3
8
2
30
26
45
46
28
36
49
34
42
47
41
44
23
12
25
17
18
33
6
40
15
50
27
37
1
35
7
21
14
3
45
33
29
50
21
46
15
14
10
36
41
31
23
49
32
17
7
4
37
40
1
11
44
8
42
30
26
48
22
28
16
34
5
47
18
13
35
27
12
25
38
43
2
39
24
19
20
6
9
32
35
12
17
23
18
47
49
21
6
22
50
3
34
30
44
37
16
10
33
4
14
7
46
24
20
5
36
39
27
25
15
9
31
28
40
11
8
48
43
45
2
26
1
41
42
13
38
29
19
30
39
8
46
32
43
4
48
29
36
37
35
49
25
24
10
16
42
6
1
33
7
45
17
28
12
50
31
5
38
14
22
23
19
11
34
27
41
47
20
18
9
3
26
44
40
2
13
15
21
4
27
45
21
20
3
43
35
10
42
24
14
5
2
50
19
7
22
46
39
31
13
38
1
9
37
48
33
18
41
44
25
40
8
29
12
36
26
11
30
49
16
15
23
32
17
34
6
47
28
34
18
5
2
13
4
39
50
31
16
45
30
35
9
33
49
19
25
48
41
28
15
27
29
10
3
14
23
42
47
46
6
7
1
24
38
32
40
44
36
43
20
21
37
12
11
26
22
8
17
37
6
17
28
12
49
8
36
3
41
32
46
30
16
13
26
4
50
42
34
27
39
35
38
19
21
15
20
25
5
29
33
31
24
44
9
2
14
45
23
22
43
7
10
11
18
40
47
48
1
44
41
18
8
29
17
33
3
34
25
39
36
10
42
11
14
6
19
23
20
45
2
28
50
48
31
13
4
21
24
49
5
38
35
22
43
15
1
37
47
16
46
9
12
40
32
7
27
26
30
47
10
14
36
35
50
9
42
23
27
40
37
25
44
7
6
2
32
38
4
20
12
13
34
18
8
29
16
31
33
15
19
26
43
1
39
45
11
24
41
17
21
46
22
28
48
5
49
30
3
15
21
22
7
38
5
50
29
36
4
47
25
1
18
27
20
30
2
39
17
8
9
40
19
12
10
31
32
49
11
42
35
3
34
43
23
14
13
46
28
6
44
37
33
16
26
45
48
24
41
18
29
25
1
44
38
31
27
37
24
30
11
20
3
46
45
9
35
15
36
21
41
23
16
4
43
12
13
2
10
19
34
49
40
8
28
47
5
17
14
32
22
48
50
7
39
33
26
42
6
1
8
10
44
7
31
32
21
30
43
49
27
13
35
39
15
46
38
28
9
42
37
17
40
25
23
34
22
12
20
26
45
41
2
14
16
6
47
29
24
4
48
19
18
5
3
11
36
33
50
20
30
36
6
49
8
1
22
11
19
25
12
44
24
32
2
18
3
34
40
13
33
16
42
21
14
27
39
38
37
41
29
28
45
4
35
46
48
15
5
9
31
10
47
17
7
23
50
43
26
41
9
32
5
16
1
11
2
19
7
20
24
38
26
42
17
36
45
44
48
29
4
33
10
43
34
40
12
27
6
30
46
25
50
13
15
3
28
22
8
35
37
23
31
47
21
39
14
49
18
7
33
46
32
14
20
17
40
28
3
15
45
42
38
19
23
21
37
22
2
44
47
8
48
11
39
41
18
4
12
5
26
13
10
34
24
29
25
1
27
50
49
6
30
35
36
9
31
16
43
19
20
28
38
26
9
42
7
6
34
16
8
47
22
48
41
43
23
1
25
32
17
10
14
40
36
24
30
44
35
13
2
29
21
27
37
4
45
18
31
12
11
33
49
3
46
50
15
39
5
36
4
27
12
37
2
13
25
47
21
34
23
29
17
41
9
31
15
50
5
19
3
24
35
6
33
20
14
46
39
45
11
8
7
38
44
48
22
43
49
28
26
1
32
10
16
42
30
18
40
43
22
42
4
6
27
21
20
5
29
2
38
12
48
15
28
40
44
36
50
18
26
34
24
39
17
7
37
3
19
31
9
46
33
16
14
30
32
35
13
41
47
49
45
23
25
1
8
10
11
14
46
4
13
15
29
41
8
17
48
3
9
40
32
6
38
39
12
33
44
37
21
42
47
23
7
35
50
36
18
43
1
11
16
31
19
5
27
26
25
24
30
22
34
45
20
49
2
28
10
46
48
16
23
43
47
18
13
38
30
5
20
37
39
8
33
42
21
31
24
35
29
22
9
49
40
1
28
10
15
3
14
6
41
32
17
34
4
12
7
26
45
2
11
50
27
36
19
25
44
27
7
37
33
2
10
14
30
44
45
17
43
9
47
1
16
12
41
11
19
38
31
18
6
20
35
8
3
24
36
4
28
22
48
25
26
50
49
21
29
39
23
40
46
13
5
15
42
32
34
5
24
49
34
30
23
2
41
1
47
46
10
7
14
21
11
44
8
27
22
39
25
32
15
33
13
38
35
9
50
48
31
16
12
26
45
20
43
6
3
19
29
17
42
18
28
37
40
4
36
11
19
50
31
25
30
3
44
13
40
6
28
32
27
22
42
48
36
37
14
24
46
9
39
35
26
17
15
1
45
12
23
10
29
18
7
38
20
41
16
21
33
34
8
49
47
4
43
5
2
23
50
13
9
46
11
5
19
32
15
7
44
27
30
20
18
22
24
40
28
43
16
12
25
31
41
47
29
8
49
6
10
48
26
37
1
21
33
3
38
36
14
42
4
34
45
17
39
2
35
33
47
21
10
28
44
12
1
25
5
48
7
50
29
35
30
14
26
13
45
46
27
43
2
15
49
6
40
37
23
11
42
39
18
17
20
19
31
36
9
3
24
32
16
4
8
22
34
41
38
29
49
44
35
33
22
7
34
46
17
38
47
14
37
23
27
5
28
41
26
15
45
39
4
16
32
18
43
30
3
50
48
24
6
2
13
31
36
19
10
8
40
25
9
1
12
20
21
11
42
17
37
7
49
41
40
6
45
35
33
10
18
4
12
47
3
50
43
32
42
9
34
31
21
27
29
11
48
19
28
8
13
2
44
15
30
1
24
39
26
46
36
5
20
25
22
38
16
14
23
22
34
39
48
42
16
25
12
41
1
35
32
43
36
31
4
23
6
18
47
50
20
44
28
14
27
26
11
45
7
2
30
19
13
3
46
33
17
9
15
37
10
8
29
24
38
21
5
40
49
42
44
6
30
45
35
15
37
8
32
43
16
19
46
12
47
26
10
29
21
34
49
20
22
5
24
4
7
41
31
36
40
1
17
9
2
23
3
38
11
13
27
18
39
48
14
25
28
50
33
6
14
48
19
17
12
30
43
20
44
9
42
8
7
28
25
33
49
26
18
5
10
36
31
34
38
39
24
29
1
21
47
35
22
46
3
40
16
32
50
23
4
11
15
2
13
41
45
37
27
21
11
2
3
18
6
40
46
39
8
12
26
45
5
34
50
20
33
47
35
48
24
4
37
42
22
19
41
13
25
1
43
36
28
49
10
16
29
23
17
30
32
31
44
14
15
27
9
38
7
49
1
19
50
9
45
16
10
43
37
42
2
28
8
3
46
27
40
5
31
36
23
48
26
32
11
22
34
14
21
24
18
15
39
35
29
7
44
30
33
20
13
4
38
6
41
12
25
17
47
25
17
3
20
36
15
45
26
42
50
44
31
33
40
14
34
41
9
12
11
47
19
49
7
2
1
43
5
16
30
38
37
21
32
6
8
18
10
13
22
27
28
39
48
29
23
24
4
35
46
39
26
24
16
22
32
10
38
49
12
13
17
41
43
2
1
11
29
45
15
25
28
5
8
50
4
9
21
33
48
23
44
14
47
36
27
37
19
40
18
7
35
30
6
42
34
46
3
20
31
40
3
26
18
4
36
37
5
45
38
19
33
23
21
44
8
15
17
24
43
49
48
1
12
30
6
25
2
32
34
22
27
20
9
50
11
35
46
16
42
10
7
14
28
31
29
47
41
13
39
50
12
11
39
40
13
24
16
18
22
23
6
34
20
43
7
28
48
8
49
41
42
14
3
26
45
10
47
35
4
27
17
30
38
33
5
25
15
31
32
2
1
36
19
21
9
44
37
46
29
