42
5
3
15
48
46
49
28
40
16
27
29
36
34
17
24
13
4
30
12
14
11
20
43
37
47
2
38
6
8
45
22
33
19
35
21
10
7
50
39
1
18
44
41
26
31
32
23
9
25
24
28
15
25
21
47
23
18
33
48
41
13
27
49
36
31
3
11
19
16
29
43
37
26
38
9
45
10
22
2
32
7
50
30
5
4
6
42
20
1
34
17
12
40
8
46
14
44
35
39
10
13
40
27
16
33
44
26
22
25
9
1
48
11
14
36
24
31
2
38
17
6
30
49
45
18
32
8
28
46
37
39
21
3
20
41
42
50
34
19
15
5
23
7
43
35
29
47
12
4
8
43
20
14
31
4
19
11
50
23
18
49
24
41
29
12
34
46
7
27
30
48
25
5
13
44
42
6
26
16
10
36
45
15
40
47
22
21
28
2
38
39
35
17
9
37
3
33
1
32
5
32
43
11
47
37
20
4
6
28
21
39
2
50
9
13
1
34
14
3
23
8
35
18
17
19
44
45
15
29
16
12
27
46
7
40
41
30
33
48
42
26
38
25
36
49
10
24
31
22
38
37
35
26
8
19
31
39
27
46
28
22
11
15
4
5
10
12
43
7
16
32
2
20
41
48
23
25
50
17
40
47
18
49
21
42
24
9
36
45
29
3
13
34
33
30
6
1
44
14
2
15
23
35
3
1
34
47
26
39
8
19
18
13
45
32
49
38
17
30
7
27
29
33
44
46
37
24
40
9
20
4
25
42
41
6
43
10
14
21
31
50
28
5
22
11
48
12
36
16
31
16
30
42
5
34
22
33
12
13
1
40
26
28
10
43
35
39
25
23
11
44
21
32
36
15
3
17
7
14
9
50
4
27
45
48
49
6
8
46
47
41
20
24
38
2
18
29
19
37
28
36
38
40
27
42
10
9
2
18
50
5
22
1
37
39
47
14
21
6
33
35
15
13
7
16
24
29
23
26
17
32
12
25
30
31
8
34
49
4
48
19
41
3
46
44
43
11
45
20
23
40
31
22
10
2
37
14
4
35
29
21
17
6
26
48
8
13
49
46
1
24
47
11
32
25
28
41
20
44
39
38
5
36
19
9
12
27
42
3
33
34
18
43
30
50
16
45
7
15
45
23
1
24
11
14
38
6
7
2
31
15
39
33
16
21
25
18
20
29
26
50
46
41
3
30
49
44
43
32
34
8
17
37
48
36
9
12
4
40
5
42
47
35
27
19
28
10
22
13
12
42
49
16
39
48
28
31
15
9
22
50
21
19
25
29
36
5
47
32
38
14
6
23
1
2
46
27
11
40
18
41
43
4
10
17
26
37
7
34
44
8
24
13
20
33
30
35
3
45
26
39
41
28
24
25
27
17
16
20
33
48
6
4
18
37
32
1
9
10
3
40
50
30
22
5
21
19
13
45
7
15
42
14
23
49
44
38
2
35
11
12
29
36
47
43
31
46
34
8
9
2
47
34
1
7
26
5
10
49
4
3
46
31
38
40
48
30
35
15
13
22
41
36
29
50
16
42
17
43
33
20
37
11
39
32
28
23
12
44
14
25
45
21
19
6
8
18
27
24
13
38
9
43
19
39
48
32
24
31
11
4
16
46
5
22
29
20
10
8
2
30
26
45
18
28
36
49
34
42
47
14
44
41
12
33
17
3
25
6
40
15
50
27
37
1
35
7
21
23
3
45
33
49
50
21
32
15
14
10
36
41
31
23
46
4
17
7
29
37
40
1
11
44
8
42
30
26
48
22
28
16
34
5
47
18
13
35
27
12
25
38
43
2
39
24
19
20
6
9
32
35
12
17
23
20
47
49
21
6
34
9
15
10
30
44
37
50
16
33
4
18
7
46
24
14
5
36
39
27
25
3
40
31
28
22
11
8
48
43
45
2
26
1
41
42
13
38
29
19
30
22
8
46
28
43
4
48
29
36
37
35
49
25
24
10
16
42
32
1
6
7
45
40
19
12
50
31
5
38
14
13
23
18
11
34
27
33
47
20
41
9
3
26
44
39
2
17
15
21
4
27
45
21
20
3
43
35
23
42
24
14
5
32
50
19
7
22
46
39
31
13
38
1
9
37
48
33
18
41
44
25
2
8
29
12
36
26
11
30
49
16
40
10
15
17
34
6
47
28
34
18
5
2
13
16
39
50
31
11
45
30
35
9
33
49
19
25
48
41
28
15
27
29
10
3
14
23
42
47
46
6
7
1
24
38
32
40
44
36
43
20
21
37
12
4
26
22
8
17
37
6
17
47
12
49
8
36
9
41
32
46
30
16
13
26
45
21
42
34
27
39
19
38
20
10
15
35
25
5
29
33
31
24
44
28
2
14
3
50
22
43
7
23
11
18
40
4
48
1
44
41
18
8
29
17
33
3
34
19
39
36
10
42
11
14
6
27
23
20
45
2
28
50
47
31
13
4
21
24
49
5
38
35
22
43
15
1
37
25
16
46
48
12
40
32
7
9
26
30
47
10
14
36
18
50
9
42
35
27
40
37
25
2
7
6
44
32
38
4
20
12
13
34
28
8
29
16
31
33
15
19
26
43
1
39
45
11
24
41
17
21
46
22
23
48
5
49
30
3
15
21
22
7
38
5
50
29
36
4
47
25
1
18
27
20
30
2
39
17
8
9
40
19
12
6
31
32
49
11
42
46
3
34
43
23
14
13
35
28
10
44
37
33
16
26
45
48
24
41
18
29
25
1
44
38
46
24
37
21
30
11
20
3
39
45
9
35
15
36
10
41
23
16
48
43
4
13
2
12
31
34
49
40
8
19
47
5
17
14
26
22
32
50
7
28
33
27
42
6
1
8
10
44
7
31
35
21
30
43
49
27
13
45
40
15
4
29
6
9
42
38
17
28
25
23
34
22
12
20
26
24
41
2
14
16
39
47
46
37
32
48
19
18
5
3
11
36
33
50
20
30
36
6
49
8
1
22
11
24
25
12
44
14
32
2
18
3
40
13
19
33
16
42
21
34
27
39
38
37
41
29
28
45
4
35
46
48
15
5
9
31
10
47
17
7
23
50
43
26
41
25
32
5
34
29
11
2
19
7
20
24
38
26
42
17
12
45
44
48
9
36
33
10
43
1
40
46
27
6
30
49
47
50
13
15
3
28
22
8
35
37
16
31
4
21
39
14
23
18
7
33
46
32
14
18
17
40
28
3
15
45
42
38
19
23
21
37
22
2
44
47
8
48
11
20
41
12
4
50
5
26
39
10
34
24
29
25
1
13
27
49
6
30
35
36
9
31
16
43
19
20
28
38
26
24
42
7
46
34
16
8
47
22
48
41
43
23
1
25
32
17
10
14
5
36
12
9
44
35
13
2
29
21
27
37
4
45
18
31
6
11
30
49
3
40
50
15
39
33
36
4
27
12
37
26
13
25
1
50
5
23
29
17
41
9
31
15
34
22
21
3
24
35
6
49
20
14
46
39
19
11
8
7
38
44
48
2
43
47
28
45
33
32
10
16
42
30
18
40
43
31
42
4
6
27
21
20
5
29
2
38
12
48
15
28
40
44
36
50
24
26
34
22
39
17
7
37
3
19
35
9
46
33
16
14
30
41
13
23
18
47
49
45
32
25
1
8
10
11
48
46
29
13
15
9
41
8
17
30
3
34
40
12
6
38
39
19
4
44
37
21
42
47
23
33
35
50
36
18
43
1
11
16
31
25
5
32
26
27
24
7
22
14
45
20
49
2
28
10
46
48
16
23
43
41
18
13
38
14
26
20
37
39
8
33
42
47
31
24
35
29
22
9
49
40
1
28
10
15
3
21
6
17
32
45
34
4
5
7
12
30
2
11
50
27
36
19
25
44
27
7
37
33
2
10
14
30
44
45
17
43
9
47
20
16
38
41
11
19
12
31
18
6
40
35
8
3
24
36
4
28
22
48
25
26
50
49
21
29
39
23
1
46
13
5
15
42
32
34
35
24
34
45
30
23
7
41
3
47
46
10
14
44
21
11
2
8
27
5
39
25
32
15
33
13
38
1
9
28
48
31
16
12
26
50
20
43
6
49
19
29
17
42
18
22
37
40
4
36
11
19
50
31
25
30
45
44
13
40
6
28
32
24
22
42
27
36
37
14
48
46
9
39
35
26
17
15
1
3
12
23
10
29
18
7
38
20
41
16
21
33
34
8
49
47
4
43
5
2
40
50
13
9
46
11
5
19
20
15
7
44
3
27
49
18
22
24
33
28
43
16
12
25
31
41
47
30
8
23
6
10
48
26
37
1
21
39
29
38
36
14
42
4
34
45
17
32
2
35
33
47
21
10
36
44
12
1
25
5
48
7
50
29
35
30
14
26
13
45
46
4
43
2
15
39
6
18
37
49
11
42
32
23
17
20
19
31
40
9
3
24
27
16
28
8
22
34
41
38
14
49
44
41
33
22
29
27
48
17
38
47
7
37
23
46
5
28
3
26
15
45
39
4
16
32
18
43
30
34
50
35
24
6
2
13
31
36
19
10
8
40
25
9
1
12
20
21
11
42
17
14
7
37
41
40
6
45
32
33
10
18
4
35
47
3
50
43
28
42
22
34
31
21
27
29
11
2
19
13
8
48
9
44
15
30
1
24
39
26
46
36
5
20
25
23
38
16
49
12
16
17
39
48
42
28
25
12
41
1
35
32
43
36
31
34
23
6
18
47
50
20
44
37
14
27
26
11
45
7
2
30
19
13
3
46
33
22
9
15
4
10
8
29
24
38
21
5
40
49
22
44
6
29
45
35
15
37
8
32
43
16
19
30
12
47
46
10
26
21
34
49
3
17
4
24
33
7
41
31
36
40
1
20
42
2
23
18
38
11
13
27
9
39
48
14
25
28
50
5
6
9
48
19
17
12
30
43
47
44
14
42
8
7
28
25
33
49
50
18
5
10
36
31
34
38
39
20
29
1
21
45
35
22
46
3
40
16
32
24
23
4
11
15
2
13
41
26
37
27
21
11
2
3
9
6
40
46
39
8
12
26
45
5
34
50
20
33
41
35
18
37
4
24
42
22
19
48
47
25
1
43
36
28
49
10
16
29
23
17
30
32
31
44
14
15
27
13
38
7
49
1
19
50
32
45
16
10
43
37
42
2
28
8
3
35
26
40
5
31
36
23
48
27
46
11
22
34
14
21
24
18
15
39
9
29
7
44
30
33
20
13
4
38
6
41
12
25
17
47
25
34
4
20
35
15
36
23
42
26
44
31
33
40
1
27
41
9
12
11
47
19
49
7
2
21
43
5
16
30
38
37
13
32
6
8
18
17
45
22
50
28
39
48
29
10
24
3
14
46
29
26
24
30
22
32
3
38
49
12
13
17
41
43
2
1
11
16
45
40
25
28
5
8
50
4
9
21
33
48
23
44
14
47
36
27
37
19
10
18
7
35
15
6
42
34
46
39
20
31
39
3
26
18
4
36
2
34
45
38
19
33
23
21
44
8
15
17
24
43
49
5
1
12
30
7
25
40
32
10
22
27
20
9
50
11
35
46
16
42
37
6
14
28
31
29
47
41
13
48
50
12
11
39
40
13
24
16
18
22
23
6
34
20
43
7
28
48
8
49
41
42
14
3
26
45
10
47
35
4
27
17
30
38
33
5
25
15
31
32
2
1
36
19
21
9
44
37
46
29
