35
5
34
15
48
46
49
28
40
11
27
29
36
10
17
24
13
4
30
12
22
8
3
43
37
47
2
38
6
45
19
14
33
20
9
21
42
7
50
39
1
18
44
41
26
31
32
23
16
25
26
28
8
25
21
47
29
18
33
39
41
13
15
49
9
31
3
27
19
16
48
43
37
36
38
6
45
10
22
2
32
7
50
30
5
4
24
42
20
1
34
17
12
40
11
46
14
44
35
23
10
13
40
27
9
33
44
47
22
25
26
1
48
11
16
36
24
31
2
38
14
6
30
49
45
18
32
8
28
46
37
21
23
3
20
41
39
50
34
19
15
5
42
7
43
35
29
17
12
4
48
43
20
8
31
4
19
11
50
23
18
49
24
41
29
12
34
46
7
27
30
14
25
5
13
44
42
6
26
16
10
36
45
15
40
47
22
21
28
2
38
39
35
17
9
37
3
33
1
32
8
32
43
11
47
9
20
4
10
28
21
39
2
50
40
13
1
34
14
3
23
5
35
18
17
19
44
45
15
29
16
12
27
46
7
37
41
30
33
48
26
6
38
25
36
49
42
24
31
22
38
37
35
14
8
19
31
39
27
46
28
22
11
15
4
5
36
12
43
7
16
32
2
20
41
48
23
25
50
17
40
24
18
49
21
42
10
9
1
45
29
3
13
34
33
30
6
26
44
47
2
15
23
35
3
25
34
24
26
32
8
19
18
13
45
39
49
11
17
30
7
38
29
33
44
46
37
1
40
9
20
4
47
42
41
6
43
27
14
21
31
50
28
5
22
10
48
12
36
16
36
16
30
42
5
34
22
33
12
13
1
40
26
28
10
43
35
39
25
23
11
44
21
32
46
15
3
17
7
14
9
31
4
27
45
48
49
6
8
50
47
41
20
24
38
2
18
29
19
37
28
39
38
40
16
42
36
9
2
18
50
5
22
24
37
27
12
14
21
6
10
35
15
13
7
1
33
29
23
26
17
32
46
25
30
31
8
34
49
4
48
19
41
3
47
44
43
11
45
20
24
40
31
45
10
41
37
14
4
35
29
21
17
6
26
48
8
13
49
46
1
11
47
27
32
25
28
9
20
44
39
38
5
36
19
22
12
2
42
3
33
34
23
43
30
50
16
18
7
15
45
23
1
24
11
14
38
6
7
2
31
15
39
33
20
21
25
18
16
29
26
50
46
41
3
30
49
44
43
32
34
8
17
37
48
36
9
12
4
40
5
42
47
35
27
19
28
10
22
13
12
42
47
49
39
48
28
31
15
9
14
50
21
19
25
29
4
5
3
32
38
36
6
23
1
2
46
27
11
40
18
22
43
16
10
17
26
37
7
34
44
8
24
13
20
33
30
35
41
45
39
25
41
30
24
28
27
17
16
20
33
48
6
4
18
37
32
1
9
10
3
40
50
26
22
5
21
19
45
47
7
13
42
14
23
49
44
38
2
35
11
12
29
36
15
43
31
46
34
8
9
2
15
10
1
7
26
5
3
49
4
34
46
31
38
40
48
30
35
13
18
22
41
29
36
50
16
42
17
43
33
20
37
11
39
32
28
23
12
44
14
25
45
21
19
6
8
47
27
24
13
38
10
43
19
39
9
32
24
31
11
4
16
46
5
22
29
20
42
8
2
30
26
45
48
28
36
49
34
18
47
41
44
23
12
33
17
3
25
6
40
15
50
27
37
1
35
7
21
14
3
45
49
29
50
21
48
15
14
10
36
41
31
23
46
4
17
7
33
37
40
1
11
44
8
42
30
26
32
22
28
16
34
5
47
18
13
35
27
12
25
38
43
2
39
24
19
20
6
9
32
35
12
17
23
20
47
49
21
6
22
3
14
34
30
44
37
50
10
33
4
18
7
46
24
16
5
36
39
27
25
15
9
31
28
40
11
8
48
43
45
2
26
1
41
42
13
38
29
19
30
22
9
46
32
43
4
48
29
36
37
35
49
25
24
10
16
42
6
1
33
7
45
40
19
20
50
31
5
38
14
39
12
17
11
34
27
18
47
13
41
28
3
26
44
23
2
8
15
21
4
27
45
21
20
3
43
35
23
42
24
14
5
32
50
19
7
22
46
39
31
13
38
1
9
37
48
33
18
41
44
25
2
8
29
12
36
26
11
30
49
16
15
10
40
17
34
6
47
28
34
18
5
2
13
29
39
50
31
16
45
30
35
9
33
49
19
25
48
41
6
15
27
11
10
3
14
23
42
28
46
47
7
1
24
38
32
40
44
36
43
20
21
37
12
4
26
22
8
17
37
6
17
22
12
49
8
36
20
41
32
46
30
16
13
26
45
21
50
34
27
39
19
38
11
9
15
35
25
5
29
33
31
24
44
28
2
14
3
47
42
43
7
23
10
18
40
4
48
1
44
41
18
47
29
17
33
3
34
48
39
36
10
42
11
14
6
19
23
20
45
2
28
50
40
31
13
4
21
24
49
5
38
35
22
43
15
1
37
25
16
46
27
12
8
32
7
9
26
30
47
10
14
36
35
50
23
42
9
27
40
37
25
2
7
6
44
32
38
4
20
12
13
34
18
8
29
16
31
33
15
19
26
43
1
39
45
11
24
41
17
21
46
22
28
48
5
49
30
3
15
21
22
7
38
5
50
29
46
4
47
25
1
18
27
20
30
2
39
17
8
9
40
19
12
10
31
32
49
11
42
35
3
34
43
23
14
13
36
28
6
44
37
33
16
26
45
48
24
41
18
29
25
1
44
38
2
26
37
21
30
11
20
3
14
45
9
35
15
36
28
41
23
16
4
43
24
13
48
10
31
34
49
40
8
19
47
5
17
46
12
22
32
50
7
39
33
27
42
6
1
8
4
44
7
31
46
21
30
43
49
27
13
35
39
15
10
38
40
9
42
24
17
28
25
23
34
22
12
20
26
45
41
2
14
16
6
47
29
37
32
48
19
18
5
3
11
36
33
50
20
30
36
6
49
8
1
22
11
24
25
12
7
44
32
2
18
3
34
40
19
33
16
42
21
14
27
39
13
37
41
29
28
45
4
35
46
48
15
5
9
31
10
47
17
38
23
50
43
26
41
36
32
5
34
1
11
2
19
7
20
24
38
26
42
17
47
45
44
48
29
4
33
10
43
49
40
12
27
6
30
46
25
50
13
15
3
28
22
8
35
37
16
31
23
21
39
14
9
18
7
33
46
32
14
16
17
40
1
3
15
45
42
38
19
23
21
37
22
2
44
47
8
48
28
12
41
18
4
50
13
26
39
10
34
24
29
25
5
20
27
49
6
30
35
36
9
31
11
43
19
20
28
38
26
24
42
7
6
34
16
8
47
22
48
41
43
23
1
25
32
17
10
14
5
36
12
46
44
13
35
2
29
21
27
9
4
45
18
31
37
11
30
49
3
40
50
15
39
33
42
4
27
12
37
2
13
25
36
50
34
23
19
17
41
9
31
15
47
5
21
3
24
35
6
33
20
14
46
39
45
11
8
7
38
44
48
22
43
49
28
26
1
32
29
16
10
30
18
40
43
31
42
4
6
27
18
20
5
29
2
38
12
45
15
28
40
44
36
50
35
26
34
24
39
17
7
37
3
19
48
9
21
33
16
14
30
41
13
23
22
47
49
8
46
25
1
32
10
11
29
46
33
13
15
18
41
8
17
30
3
9
40
12
6
38
39
16
4
44
37
21
42
47
23
34
35
50
36
48
43
1
11
19
31
25
5
32
26
27
24
7
22
14
45
20
49
2
28
10
46
48
16
23
43
26
21
13
38
14
5
20
37
39
8
33
42
47
31
24
17
29
22
9
49
40
1
28
10
15
3
27
6
41
32
45
34
4
35
7
18
30
2
11
50
12
36
19
25
44
27
7
37
33
2
10
14
30
44
45
17
43
9
47
1
16
38
41
11
19
12
31
18
6
20
35
8
3
24
36
4
28
22
48
25
26
50
49
21
29
39
23
40
46
13
5
15
42
32
34
31
24
3
34
30
23
45
41
28
47
46
10
44
1
21
11
2
8
27
22
39
25
32
15
33
13
38
48
9
35
5
49
16
12
26
50
20
43
6
14
19
29
17
42
18
7
37
40
4
36
11
19
50
31
25
30
3
44
13
40
6
28
32
48
22
42
27
36
37
14
24
46
9
39
35
26
17
15
1
8
12
23
10
29
18
7
38
20
41
16
21
33
34
45
49
47
4
43
5
2
23
50
13
9
46
11
5
19
32
15
7
44
29
27
49
18
22
24
20
28
43
16
12
25
31
41
47
30
8
42
6
10
48
26
37
1
21
39
40
38
36
14
33
4
34
45
17
3
2
35
33
47
21
28
36
44
12
1
25
5
48
7
50
29
35
30
14
26
13
45
46
27
43
2
15
39
6
41
37
49
11
42
40
4
17
20
19
31
10
9
3
24
18
16
32
8
22
34
23
38
14
49
44
41
33
22
7
34
35
17
38
47
27
37
23
46
5
28
29
26
15
45
39
4
16
32
18
43
30
12
50
48
24
6
2
13
31
36
19
10
8
40
25
9
1
11
20
21
3
42
17
9
7
37
41
40
6
45
48
33
10
18
4
14
47
35
50
43
28
42
13
34
31
21
27
29
11
2
19
23
8
3
32
44
15
30
1
24
39
26
46
36
5
20
25
22
38
16
49
12
16
17
39
48
42
37
25
12
41
1
35
32
43
36
31
34
23
6
18
47
50
20
44
22
14
27
26
11
38
7
2
30
19
13
3
46
33
10
9
15
4
45
8
29
24
28
21
5
40
49
22
44
6
26
45
35
15
37
8
19
43
16
3
30
12
47
46
10
32
21
34
49
20
17
29
24
4
7
41
31
36
40
1
18
42
2
23
33
38
11
13
27
9
39
48
14
25
28
50
5
6
14
48
19
17
12
30
43
47
44
9
42
8
7
28
25
33
49
26
18
5
10
36
31
34
38
39
20
29
1
21
50
35
22
46
3
40
16
32
24
23
4
11
15
2
13
41
45
37
27
21
11
2
3
18
6
40
46
39
8
12
26
45
5
34
50
20
33
41
35
9
48
4
37
42
22
19
24
47
25
1
43
36
28
49
10
16
29
23
17
30
32
31
44
14
15
27
13
38
7
49
1
19
50
27
45
16
10
43
37
42
2
28
8
3
32
26
40
5
31
36
23
48
30
47
11
22
34
14
21
24
18
15
9
35
29
7
44
46
33
20
13
4
38
6
41
12
25
17
39
25
34
29
20
28
15
35
23
42
26
44
31
33
40
36
3
41
9
12
11
47
19
49
7
2
21
43
5
16
30
38
37
13
32
6
8
18
17
45
22
50
10
39
48
4
27
24
1
14
46
40
26
24
16
22
32
10
38
49
12
13
17
41
43
2
1
11
29
45
15
25
28
5
8
50
4
9
21
33
3
23
44
14
47
36
27
37
19
30
18
7
35
48
6
42
34
46
39
20
31
5
3
26
18
4
36
32
27
45
38
19
33
23
21
44
8
15
17
24
43
49
37
1
12
30
7
25
40
2
34
22
6
20
39
50
11
35
46
16
42
10
9
14
28
31
29
47
41
13
48
50
12
11
39
40
13
24
16
18
22
23
6
34
20
43
7
28
48
8
49
41
42
14
3
26
45
10
47
35
4
27
17
30
38
33
5
25
15
31
32
2
1
36
19
21
9
44
37
46
29
