16
5
8
15
48
46
49
28
40
11
27
29
36
34
17
24
13
4
30
12
10
14
3
43
37
47
2
38
6
35
45
22
33
19
20
21
42
7
50
39
1
18
44
41
26
31
32
23
9
25
23
28
15
25
21
26
29
18
33
24
41
13
47
49
36
46
3
31
19
16
11
43
37
27
38
9
45
10
22
2
32
7
50
30
5
4
6
42
20
1
34
17
12
40
8
39
14
44
35
48
10
13
40
27
34
33
44
20
22
26
9
1
48
11
16
36
47
21
2
38
14
6
30
49
45
18
32
8
28
46
37
39
31
3
42
41
24
50
25
19
15
5
23
7
43
35
29
17
12
4
29
43
20
26
31
50
19
11
48
23
18
49
24
41
14
12
34
46
7
27
30
4
25
5
15
44
42
6
45
16
10
36
13
17
40
47
22
21
28
2
38
39
35
8
9
37
3
33
1
32
8
37
43
11
47
4
20
26
32
28
21
39
2
50
9
13
1
34
14
3
23
5
35
18
17
19
44
45
15
29
16
12
27
46
7
33
41
30
40
48
10
6
38
25
36
49
42
24
31
22
38
22
35
37
8
19
36
39
27
46
28
34
11
15
4
5
24
1
43
7
16
32
2
20
41
48
23
25
50
17
40
31
18
49
21
42
10
9
12
47
29
3
13
45
33
30
6
26
44
14
2
15
23
35
3
1
34
47
26
39
8
19
18
13
45
27
49
11
17
30
7
38
29
33
44
46
37
24
40
9
20
4
25
42
41
6
43
32
14
21
31
50
28
5
22
10
48
12
36
16
31
16
30
42
5
34
22
33
12
13
1
40
26
36
10
43
35
39
25
23
28
44
21
32
11
15
3
17
7
14
9
50
4
27
45
48
49
6
8
46
47
41
20
24
38
2
18
29
19
37
28
25
38
40
36
42
10
9
2
18
50
5
22
27
37
39
46
14
21
6
33
35
15
13
7
1
24
29
23
26
17
32
47
16
30
31
8
34
49
4
48
19
41
3
12
44
43
11
45
20
24
40
31
41
10
9
23
14
4
35
22
21
17
6
26
48
8
13
49
46
1
27
47
37
29
25
28
18
20
44
39
38
5
36
19
11
12
2
42
3
33
34
32
43
30
50
16
45
7
15
45
23
1
24
11
14
38
6
7
2
31
15
39
33
20
21
25
18
16
29
26
50
46
41
3
30
49
44
43
32
34
8
17
37
48
36
9
12
4
40
5
42
47
35
27
19
28
10
22
13
12
42
47
16
39
48
28
31
15
9
14
50
21
19
25
29
36
5
4
32
38
22
6
23
1
2
46
27
33
40
18
3
43
41
10
17
26
37
7
34
44
8
24
13
20
11
30
35
49
45
26
39
41
28
24
25
27
17
16
20
33
48
6
4
18
37
32
47
9
10
3
40
50
30
22
5
21
19
1
13
7
45
42
14
23
49
44
38
2
35
11
12
29
36
15
43
31
46
34
8
9
2
34
47
1
7
26
5
10
49
4
3
46
31
38
40
12
30
35
22
18
48
41
29
36
50
16
42
17
43
33
20
37
11
39
32
28
23
13
44
14
25
45
21
19
6
8
15
27
24
13
38
9
43
19
39
18
32
24
31
11
4
16
14
5
22
29
20
10
8
2
30
26
45
48
28
36
41
34
42
47
49
44
23
12
25
17
3
46
6
40
15
50
27
37
1
35
7
21
33
3
45
29
49
50
21
37
15
14
10
36
41
31
23
46
4
17
7
33
13
40
1
11
44
8
42
30
26
48
22
28
16
34
5
47
18
32
35
27
12
25
38
43
2
39
24
19
20
6
9
32
35
12
17
23
18
47
49
21
6
34
22
3
10
30
44
37
16
40
33
4
8
7
46
24
20
5
36
14
27
25
15
9
31
28
50
11
39
48
43
45
2
26
1
41
42
13
38
29
19
30
32
17
46
18
43
4
48
29
36
37
35
49
25
24
10
16
42
28
1
6
7
45
40
19
33
50
31
5
38
14
41
12
20
11
34
27
8
47
13
22
9
3
26
44
23
2
39
15
21
4
27
45
21
20
3
43
35
23
42
24
14
5
2
50
19
7
22
46
39
31
13
38
1
9
37
48
33
18
41
44
25
40
8
29
12
36
26
11
30
49
16
15
10
32
17
34
6
47
28
34
18
5
2
13
47
39
50
31
32
45
30
35
9
33
49
19
25
48
41
29
15
27
11
10
3
14
23
42
12
46
6
7
1
24
38
16
40
44
36
43
20
21
37
28
4
26
22
8
17
37
6
4
31
12
49
8
36
47
41
32
46
30
16
13
26
10
50
20
34
27
39
19
38
28
21
15
9
25
5
29
33
45
24
44
22
2
14
35
23
42
43
7
17
11
18
40
3
48
1
44
41
18
8
29
17
33
3
34
48
39
36
10
42
11
14
6
19
23
20
45
2
28
50
47
31
13
4
21
24
49
5
38
35
22
43
15
1
37
25
16
46
9
12
40
32
7
27
26
30
47
10
14
36
35
28
9
42
50
27
40
37
25
44
7
6
2
32
38
4
20
12
13
34
18
8
29
16
31
33
15
19
26
43
1
39
45
11
24
41
17
21
46
22
23
48
5
49
30
3
15
21
22
7
38
5
50
29
36
4
47
25
1
18
27
20
30
2
39
17
8
9
40
19
12
6
31
32
49
11
42
46
3
34
43
23
14
13
10
28
35
44
37
33
16
26
45
48
24
41
18
29
25
1
44
38
2
21
37
14
30
11
20
3
39
45
9
35
15
36
19
41
23
16
4
43
12
13
26
10
31
34
49
40
8
28
47
5
17
24
27
22
48
50
7
46
33
32
42
6
1
8
10
44
7
31
46
4
30
43
49
27
13
35
40
15
45
38
6
9
42
24
17
28
25
23
34
22
12
20
26
21
41
2
14
16
39
47
29
37
32
48
19
18
5
3
11
36
33
50
20
30
36
6
49
8
1
22
11
19
25
12
44
24
32
2
18
3
34
40
13
33
16
42
21
14
27
39
38
37
41
29
28
45
4
35
46
48
15
5
9
31
10
47
17
7
23
50
43
26
41
34
32
5
25
16
11
2
19
7
20
24
38
26
42
17
4
45
44
48
9
36
33
10
43
49
40
35
27
6
30
47
46
50
13
15
3
28
22
8
12
37
1
31
29
21
39
14
23
18
7
33
46
32
14
20
17
40
28
3
15
45
42
38
19
23
21
37
22
2
44
47
8
48
13
12
41
11
4
50
5
26
39
10
34
24
29
25
1
27
18
49
6
30
35
36
9
31
16
43
19
20
28
38
26
24
42
7
6
34
16
8
15
22
48
41
43
23
1
25
32
17
10
14
5
36
33
46
44
47
35
2
29
21
27
9
4
45
18
31
37
11
30
49
3
40
50
13
39
12
36
4
27
12
37
2
13
25
1
50
5
23
29
17
41
9
31
15
26
42
21
3
24
35
6
34
20
14
46
39
19
11
8
7
38
44
48
22
43
49
28
45
33
32
47
16
10
30
18
40
43
31
42
4
6
27
21
24
5
29
2
38
12
48
15
28
40
44
36
50
35
26
34
22
39
17
7
37
3
19
13
9
32
25
16
14
30
18
45
20
41
47
49
23
46
33
1
8
10
11
48
46
33
13
15
29
41
8
17
25
3
9
40
30
6
38
39
12
32
44
37
21
42
47
23
16
35
50
36
18
43
1
11
4
31
19
5
27
26
14
24
7
22
34
45
20
49
2
28
10
46
48
16
23
43
41
35
13
38
21
12
20
37
39
8
33
42
27
31
24
17
29
22
9
49
40
1
28
10
15
3
14
6
18
32
45
34
4
5
7
26
30
2
11
50
47
36
19
25
44
27
7
37
33
2
10
14
30
44
45
17
43
9
47
1
16
38
41
11
19
12
31
18
6
20
35
8
3
24
36
4
28
22
48
25
26
50
49
21
29
39
23
40
46
13
5
15
42
32
34
14
24
49
34
30
23
31
41
3
47
46
10
7
28
21
11
44
8
27
5
39
25
32
15
33
13
38
2
9
45
48
35
16
12
26
1
20
43
6
50
19
29
17
42
18
22
37
40
4
36
11
19
50
45
27
30
3
44
13
40
6
28
32
1
22
42
48
36
37
31
24
46
9
39
35
26
17
15
47
8
12
23
10
29
18
7
38
20
41
16
21
33
34
14
49
25
4
43
5
2
39
50
13
9
46
11
5
19
20
15
7
44
27
32
49
18
22
24
29
28
43
16
12
25
31
41
47
30
8
23
6
10
48
26
37
40
21
33
3
38
36
14
42
4
34
45
17
1
2
35
33
47
21
10
32
44
12
1
25
5
48
7
50
29
35
30
14
26
13
45
46
18
43
2
40
39
6
49
37
28
11
42
23
15
17
20
19
31
36
9
3
24
27
16
4
8
22
34
41
38
35
49
44
29
33
22
7
27
46
17
38
47
14
37
23
3
5
28
41
26
15
45
39
4
16
32
18
43
30
34
50
48
24
6
2
13
31
36
19
10
8
40
25
9
1
12
20
21
11
42
17
9
7
14
41
40
6
45
35
33
10
18
4
12
47
32
50
43
42
37
22
34
31
21
27
29
11
48
19
49
8
13
2
44
15
30
1
24
39
26
46
36
5
20
25
28
38
16
3
23
22
17
39
48
42
37
25
12
41
16
35
32
43
45
31
34
23
6
18
47
50
20
44
36
14
27
26
1
11
7
2
30
19
13
3
46
33
10
9
15
4
28
8
29
24
38
21
5
40
49
42
44
6
22
45
35
15
37
8
30
43
16
19
46
12
47
26
10
3
21
34
49
20
17
32
24
4
7
41
31
36
40
1
33
9
2
23
29
38
11
13
27
18
39
48
14
25
28
50
5
6
14
48
19
17
12
30
43
9
44
26
42
8
7
28
25
33
49
50
18
5
10
36
31
34
38
39
20
29
1
21
24
35
22
46
3
40
16
32
45
23
4
11
15
2
13
41
47
37
27
21
11
2
3
16
6
40
46
39
8
29
26
45
5
34
50
20
33
47
35
48
37
4
24
42
22
19
12
13
25
1
43
36
28
49
10
18
41
23
17
30
32
31
44
14
15
27
9
38
7
49
1
19
50
9
45
16
10
43
37
42
2
28
8
3
31
27
40
5
14
36
23
48
26
46
11
22
34
32
21
24
18
15
39
35
29
7
44
30
33
20
13
4
38
6
41
12
25
17
47
25
36
3
20
28
15
45
23
42
1
44
31
33
40
29
35
41
9
12
11
47
19
49
7
2
4
43
5
16
30
38
37
21
32
6
8
13
17
34
22
50
26
39
48
10
27
24
18
14
46
40
26
24
30
22
32
48
38
49
12
13
17
41
43
2
1
11
29
45
15
25
28
5
8
50
10
9
21
39
3
23
44
14
47
36
27
37
19
33
18
7
35
16
6
42
34
46
4
20
31
5
3
26
18
4
36
32
34
45
38
19
33
23
21
44
8
15
17
24
43
49
11
1
12
30
7
25
40
2
48
22
27
20
9
50
37
35
46
16
42
6
10
14
28
31
29
47
41
13
39
50
12
11
39
40
13
24
16
18
22
23
6
34
20
43
7
28
48
8
49
41
42
14
3
26
45
10
47
35
4
27
17
30
38
33
5
25
15
31
32
2
1
36
19
21
9
44
37
46
29
