35
5
8
15
48
46
49
28
40
14
27
29
36
45
17
24
13
4
30
12
22
11
20
43
37
47
2
38
6
34
19
3
33
16
42
21
10
7
50
39
1
18
44
41
26
31
32
23
9
25
23
28
15
25
21
24
29
18
33
11
41
13
47
49
36
31
3
27
19
16
6
43
37
26
38
9
45
10
22
2
32
7
50
30
5
4
8
42
20
1
34
17
12
40
46
39
14
44
35
48
10
13
40
27
16
33
44
23
22
25
14
1
48
11
20
36
24
31
2
38
21
6
30
49
45
18
32
8
28
46
37
39
47
3
9
41
42
50
34
19
26
5
15
7
43
35
29
17
12
4
8
43
20
26
31
50
19
11
48
23
18
49
24
41
29
12
34
46
7
27
30
4
25
5
13
44
42
6
14
16
10
36
45
15
40
47
22
21
28
2
38
39
35
17
9
37
3
33
1
32
5
37
43
11
47
26
20
4
32
28
21
39
2
50
9
13
1
34
14
3
23
8
35
18
17
19
44
45
15
29
16
12
27
46
7
40
41
30
33
48
42
6
38
25
36
49
10
24
31
22
38
22
35
28
8
19
37
39
27
46
1
34
11
15
4
5
10
12
43
7
16
32
2
20
41
48
23
25
50
17
40
31
18
49
21
42
24
9
45
47
29
3
13
14
33
30
6
26
44
36
2
15
23
35
3
1
34
47
26
39
8
19
18
13
45
32
49
11
17
30
7
27
29
33
44
46
37
24
40
9
20
4
38
42
41
6
43
10
14
21
31
50
28
5
22
25
48
12
36
16
31
16
30
42
5
34
21
33
12
13
28
40
26
36
10
43
35
39
25
23
11
44
1
32
4
15
3
17
7
14
9
22
46
27
45
48
49
6
8
50
47
41
20
24
38
2
18
29
19
37
28
25
38
40
36
42
45
9
2
18
50
5
22
1
37
27
47
14
21
6
29
35
15
13
7
10
33
46
23
26
17
32
12
24
30
31
39
34
49
4
48
19
41
3
8
44
43
11
16
20
24
40
31
45
10
2
9
14
4
35
29
21
17
6
26
48
8
13
49
46
1
37
47
27
11
25
28
41
20
44
39
38
5
36
19
22
12
3
42
23
33
34
18
43
30
50
16
32
7
15
45
23
1
24
11
14
38
6
7
2
31
15
39
33
16
21
25
18
20
29
26
50
46
41
3
30
49
44
43
32
34
8
17
37
48
36
9
12
4
40
5
42
47
35
27
19
28
10
22
13
12
42
49
47
39
48
28
31
15
9
22
50
21
19
25
29
36
5
16
32
17
14
6
23
1
2
46
27
33
40
18
41
43
20
10
11
26
37
7
34
44
8
24
13
4
38
30
35
3
45
26
39
41
30
24
25
27
17
16
20
33
48
6
4
18
37
32
1
9
10
3
40
50
28
22
5
21
19
45
13
7
15
42
14
23
49
44
38
2
35
11
12
29
36
47
43
31
46
34
8
9
2
47
34
1
7
26
5
3
49
4
22
46
31
38
40
12
30
35
15
10
48
41
36
29
50
16
42
17
43
33
20
37
11
39
32
28
23
13
44
14
25
45
21
19
6
8
18
27
24
13
38
3
43
19
39
18
32
24
31
11
4
16
14
5
22
29
20
10
8
2
30
26
45
48
28
36
9
34
42
47
49
44
33
12
25
17
41
46
6
40
15
50
27
37
1
35
7
21
23
3
45
33
29
50
21
23
15
14
10
36
41
31
48
49
46
17
7
4
37
40
1
11
44
8
42
30
26
32
22
28
16
34
5
47
18
13
35
27
12
25
38
43
2
39
24
19
20
6
9
32
35
12
17
23
18
47
49
21
6
9
3
15
10
30
44
37
16
34
33
4
22
7
46
24
20
5
36
39
27
25
14
40
31
28
50
11
8
48
43
45
2
26
1
41
42
13
38
29
19
30
32
17
46
22
43
4
48
29
36
37
35
49
25
24
10
16
42
33
1
18
7
45
40
19
12
50
31
5
38
14
13
23
41
11
34
27
39
47
20
6
9
3
26
44
28
2
8
15
21
4
27
45
21
20
3
43
35
23
42
24
14
5
32
50
19
7
22
46
39
31
13
38
1
9
37
48
33
18
41
44
25
2
8
29
12
36
26
11
30
49
16
40
10
15
17
34
6
47
28
34
18
5
2
13
29
39
50
31
16
45
30
35
9
33
49
19
25
48
41
28
15
27
11
10
3
14
23
42
47
46
6
7
1
24
38
32
40
44
36
43
20
21
37
12
4
26
22
8
17
37
6
9
10
12
49
8
36
35
41
32
46
30
16
13
26
45
50
47
34
27
39
21
38
28
4
15
20
25
5
29
33
31
19
44
17
2
14
3
24
22
43
7
23
11
18
40
42
48
1
44
41
18
8
29
17
33
3
34
19
39
36
10
42
11
14
6
38
23
20
45
2
28
50
47
31
13
4
21
24
49
5
9
35
22
43
15
1
37
25
16
46
48
12
40
32
7
27
26
30
47
10
14
36
28
9
35
42
50
27
40
37
25
23
7
6
44
32
38
4
20
12
13
34
18
8
29
16
31
33
15
19
26
43
1
39
45
11
24
41
17
21
46
22
2
48
5
49
30
3
15
21
22
7
38
5
50
29
10
4
47
25
1
18
27
20
30
2
6
17
8
9
40
19
12
39
31
32
49
11
42
46
3
34
43
23
14
13
36
28
35
44
37
33
16
26
45
48
24
41
18
29
25
1
44
38
10
26
37
21
30
11
20
3
46
45
9
35
15
36
48
41
23
16
32
43
24
13
2
28
31
34
49
40
8
19
47
5
17
14
4
22
27
50
7
12
33
39
42
6
1
8
10
44
7
31
46
24
30
43
49
27
13
28
39
15
4
21
40
9
42
38
17
29
25
23
34
22
12
20
26
45
41
2
14
16
6
47
35
37
32
48
19
18
5
3
11
36
33
50
20
30
36
6
49
8
1
22
11
24
25
12
7
44
14
2
18
3
32
13
38
33
16
42
21
34
27
39
19
37
41
29
28
45
4
35
46
48
15
5
9
31
10
47
17
40
23
50
43
26
41
34
32
5
9
4
11
2
19
7
20
24
38
26
42
17
46
45
44
48
35
36
33
10
43
1
40
29
27
6
30
47
25
50
13
15
3
28
22
8
12
37
16
31
23
21
39
14
49
18
7
33
46
32
14
20
17
40
28
3
12
45
42
38
19
23
21
37
22
2
44
47
8
48
15
16
41
18
4
50
5
26
39
10
34
24
29
25
1
13
27
49
6
30
35
36
9
31
11
43
19
20
28
38
26
37
42
7
6
34
16
8
14
22
48
41
43
23
1
25
32
17
10
24
40
36
12
30
44
35
13
2
29
21
27
9
4
45
18
31
15
11
33
49
3
46
50
47
39
5
22
4
27
12
37
47
13
25
36
50
34
23
19
17
41
9
31
15
26
5
33
3
24
35
6
21
20
14
46
39
45
11
8
7
38
44
48
2
43
49
28
10
1
32
29
16
42
30
18
40
43
31
42
4
6
27
48
20
5
29
2
38
12
24
15
28
40
44
36
50
13
26
34
22
39
17
7
37
3
19
35
9
21
23
16
14
30
18
25
46
41
47
49
8
32
33
1
45
10
11
14
46
4
13
15
16
41
8
17
48
3
9
40
12
6
38
39
19
29
44
37
21
42
47
23
7
35
50
36
18
43
1
11
25
31
33
5
32
26
27
24
30
22
34
45
20
49
2
28
10
46
48
16
23
43
41
32
13
38
30
5
20
37
39
8
33
42
47
31
24
14
29
22
9
49
40
1
28
10
15
3
21
6
17
35
45
34
4
12
7
18
26
2
11
50
27
36
19
25
44
27
7
37
33
2
10
14
30
44
45
17
43
9
47
40
16
38
41
11
19
12
31
18
6
20
35
8
3
24
36
4
28
22
48
25
26
50
49
21
29
39
23
42
46
13
5
15
1
32
34
36
24
34
49
30
23
31
41
1
47
46
10
44
35
21
11
2
8
27
22
39
25
32
15
33
13
38
5
9
45
48
50
16
12
26
28
20
43
6
3
19
29
17
42
18
7
37
40
4
14
11
19
50
31
25
30
3
44
13
40
6
28
32
27
22
42
48
36
37
14
24
46
9
39
35
26
17
15
1
8
12
23
10
29
18
7
38
20
41
16
21
33
34
45
49
47
4
43
5
2
42
50
13
9
46
11
5
19
20
15
7
44
27
30
32
18
22
24
39
28
43
16
12
25
31
41
47
40
8
49
6
10
48
26
37
1
21
33
29
38
36
14
23
4
34
45
17
3
2
35
33
47
21
41
27
44
12
1
25
5
15
7
50
29
35
30
14
26
13
45
46
18
43
2
36
49
6
48
37
10
11
42
4
39
17
20
19
31
40
9
3
24
32
16
28
8
22
34
23
38
48
49
44
14
33
22
7
27
46
17
38
47
29
37
23
34
5
28
3
26
15
45
39
4
16
32
18
43
30
12
50
35
24
6
2
13
31
36
19
10
8
40
25
9
1
11
20
21
41
42
17
3
7
37
41
40
6
45
9
33
10
18
4
2
47
35
50
43
28
42
19
34
31
21
27
29
11
49
13
23
8
48
32
44
15
30
1
24
39
26
46
36
5
20
25
22
38
16
14
12
16
36
39
48
42
28
25
12
41
1
35
32
43
34
31
4
23
6
18
47
50
20
44
17
14
27
26
11
38
7
2
30
19
13
3
46
33
22
9
15
37
45
8
29
24
10
21
5
40
49
29
44
6
22
45
35
15
37
8
32
43
16
3
46
12
47
26
10
42
21
34
49
19
30
5
24
4
7
41
31
36
40
1
18
20
2
23
17
38
11
13
27
9
39
48
14
25
28
50
33
6
14
48
19
17
12
30
43
47
44
26
42
8
7
28
25
33
49
50
18
5
10
36
31
34
38
39
2
29
1
21
24
35
22
46
3
40
16
32
45
23
4
11
15
20
13
41
9
37
27
21
11
2
3
18
6
40
46
39
8
48
26
45
5
34
50
20
33
41
35
9
24
4
37
42
22
19
12
47
25
1
43
36
28
49
10
16
29
23
17
30
32
31
44
14
15
27
13
38
7
49
1
19
50
35
45
16
10
43
37
42
2
28
8
3
39
27
40
5
31
36
23
48
14
46
11
22
34
26
21
24
18
15
9
32
29
7
44
30
33
20
13
4
38
6
41
12
25
17
47
25
17
29
20
34
15
36
21
42
26
44
31
33
40
1
3
41
9
12
11
47
19
49
7
2
14
43
35
16
30
38
37
13
32
6
8
18
27
5
22
50
28
39
48
10
23
24
4
45
46
39
26
24
16
4
32
22
38
49
12
13
17
41
43
2
1
11
29
45
40
25
28
5
8
50
33
9
21
48
3
23
44
14
47
36
27
37
19
10
18
7
35
30
6
42
34
46
15
20
31
40
9
26
18
32
36
2
34
45
38
19
33
23
21
44
8
15
17
24
43
49
5
3
12
30
6
25
1
11
48
22
27
20
4
50
37
35
46
16
42
10
7
14
28
31
29
47
41
13
39
50
12
11
39
40
13
24
16
18
22
23
6
34
20
43
7
28
48
8
49
41
42
14
3
26
45
10
47
35
4
27
17
30
38
33
5
25
15
31
32
2
1
36
19
21
9
44
37
46
29
