22
5
3
15
48
46
49
28
40
14
27
29
36
34
17
24
13
4
30
12
10
11
35
43
37
47
2
38
6
8
19
45
33
16
20
21
42
7
50
39
1
18
44
41
26
31
32
23
9
25
48
28
15
25
21
26
37
18
33
11
41
13
27
49
36
35
3
31
19
16
6
43
47
29
38
9
24
10
22
2
32
7
50
30
5
4
8
42
20
1
34
17
12
40
46
23
14
44
45
39
10
13
40
27
16
33
44
23
22
39
14
1
48
11
20
36
26
21
2
38
17
6
30
49
45
18
32
8
28
46
37
31
25
3
42
41
24
50
34
19
15
5
9
7
43
35
29
47
12
4
8
43
20
26
31
50
19
11
48
23
18
49
24
41
15
12
34
46
7
27
30
37
25
5
29
44
42
6
14
16
10
36
13
17
40
47
22
21
28
2
38
39
35
45
9
4
3
33
1
32
42
37
43
11
47
4
20
5
35
28
21
39
2
50
9
13
1
34
14
3
23
8
26
18
17
19
44
45
15
29
16
12
27
46
7
40
41
30
33
48
32
6
38
25
36
49
10
24
31
22
38
22
35
45
8
19
31
39
27
46
28
34
11
15
4
5
47
12
43
7
16
32
2
20
41
48
23
25
50
17
40
24
18
49
21
42
10
9
1
14
29
3
13
37
33
30
6
26
44
36
2
15
23
35
3
47
34
24
26
25
8
19
18
13
45
39
49
11
17
30
7
38
29
33
44
46
37
1
40
9
20
4
32
42
41
6
43
27
14
21
31
50
28
5
22
10
48
12
36
16
36
16
30
42
5
34
22
33
12
13
1
40
26
28
10
43
35
39
25
23
11
44
21
32
4
15
3
17
7
14
9
50
31
27
45
48
49
6
8
46
47
41
20
24
38
2
18
29
19
37
28
36
38
40
25
42
10
9
2
18
50
5
22
46
37
27
12
14
21
6
33
35
15
13
7
1
45
29
23
26
17
32
47
24
30
31
39
34
49
4
48
19
41
3
8
44
43
11
16
20
24
40
31
29
10
41
32
14
4
35
9
21
17
6
26
48
8
13
49
46
1
22
37
27
11
25
28
18
20
44
39
38
5
36
19
45
12
2
42
47
33
34
23
43
30
50
16
3
7
15
45
23
1
24
11
14
38
6
7
2
31
15
39
33
16
21
25
18
20
29
26
50
46
41
3
30
49
44
43
32
34
8
17
37
48
36
9
12
4
40
5
42
47
35
27
19
28
10
22
13
12
42
17
16
39
48
28
31
15
9
22
50
21
19
25
29
36
5
3
32
38
14
6
23
1
2
46
27
33
40
18
49
43
4
10
11
26
37
7
34
44
8
24
13
20
47
30
35
41
45
26
39
41
30
24
25
27
17
16
20
33
48
6
4
18
37
32
1
9
10
3
28
50
40
22
5
21
19
45
13
7
15
42
14
23
49
44
38
2
35
11
12
29
36
47
43
31
46
34
8
9
2
29
34
1
7
26
47
3
49
4
22
46
31
38
40
10
30
35
13
48
5
41
36
15
50
16
42
17
43
33
20
37
11
39
32
28
23
12
44
14
25
45
21
19
6
8
18
27
24
13
38
49
43
19
39
9
32
24
31
11
4
16
10
5
22
29
20
26
8
2
30
3
45
48
28
36
46
34
42
47
41
44
23
12
33
17
18
25
6
40
15
50
27
37
1
35
7
21
14
3
45
33
49
50
21
23
15
14
10
36
41
31
48
29
46
17
7
4
37
40
1
11
44
8
42
30
26
32
22
28
16
34
5
47
18
13
35
27
12
25
38
43
2
39
24
19
20
6
9
32
35
12
17
23
20
47
49
21
6
34
3
15
14
30
44
37
16
40
33
4
18
7
46
24
10
5
36
39
27
25
22
9
31
28
50
11
8
48
43
45
2
26
1
41
42
13
38
29
19
30
32
8
46
28
43
4
48
29
36
37
35
49
25
24
10
16
42
6
1
18
7
45
17
19
20
50
31
5
38
14
13
12
33
11
34
27
22
47
23
41
9
3
26
44
40
2
39
15
21
4
27
45
21
20
3
43
35
32
42
24
14
5
2
50
19
7
22
46
39
31
13
38
1
9
37
48
33
18
41
44
25
23
8
29
12
36
26
11
30
49
16
15
10
40
17
34
6
47
28
34
18
5
2
13
28
39
50
31
16
45
30
35
9
33
49
19
25
48
41
29
15
27
11
10
3
14
23
42
47
46
6
7
1
24
38
32
40
44
36
43
20
21
12
4
37
26
22
8
17
37
6
9
31
12
49
8
36
23
41
32
46
30
16
13
26
24
50
10
34
27
39
19
38
47
21
15
35
25
5
29
33
4
20
44
28
2
14
3
45
22
43
7
17
11
18
40
42
48
1
44
41
18
47
29
17
33
3
34
48
39
36
10
42
11
14
6
19
23
20
45
2
28
50
40
31
13
4
21
24
49
5
38
35
22
43
15
1
37
25
16
46
27
8
12
32
7
9
26
30
47
10
14
36
35
9
2
42
50
27
40
37
25
23
7
6
44
32
38
4
20
12
13
34
18
8
29
16
31
33
15
19
26
43
1
39
45
11
24
41
17
21
46
22
28
48
5
49
30
3
15
21
22
7
38
5
50
29
10
4
47
25
1
18
27
20
30
2
39
17
8
9
40
19
12
6
31
32
49
11
42
46
3
34
43
23
14
13
36
28
35
44
37
33
16
26
45
48
24
41
18
29
25
1
44
38
21
4
37
32
30
11
20
3
14
45
9
35
15
36
28
41
23
16
46
43
12
13
2
10
31
34
49
40
8
19
47
5
17
24
26
22
48
50
7
39
33
27
42
6
1
8
10
44
7
31
46
21
30
43
49
27
13
24
40
15
45
38
32
9
42
4
17
28
25
23
34
22
12
20
26
35
41
2
14
16
6
47
29
37
39
48
19
18
5
3
11
36
33
50
20
30
36
6
49
8
1
22
11
24
25
12
14
44
32
2
18
3
34
40
19
33
16
42
21
7
27
39
13
37
41
29
28
45
4
35
46
48
15
5
9
31
10
47
17
38
23
50
43
26
41
25
32
5
34
1
11
2
19
7
20
24
38
26
42
17
4
45
44
48
35
36
33
10
43
49
40
9
27
6
30
47
46
50
13
15
3
28
22
8
12
37
16
31
29
21
39
14
23
18
7
33
46
32
14
16
17
40
1
3
15
45
42
38
19
23
21
37
22
2
44
47
8
48
28
12
41
20
4
18
13
26
39
10
34
24
29
25
5
27
50
49
6
30
35
36
9
31
11
43
19
20
28
38
26
24
42
7
6
34
16
8
47
22
48
41
43
23
1
25
32
17
10
14
13
36
33
40
44
35
5
2
29
21
27
9
4
45
18
31
37
11
30
49
3
46
50
15
39
12
5
4
27
12
37
2
13
25
36
50
29
23
19
17
41
9
31
15
47
22
21
3
24
35
6
34
20
14
46
39
45
11
8
7
38
44
48
33
43
49
28
26
1
32
10
16
42
30
18
40
43
31
42
4
6
27
35
20
5
29
2
38
12
32
46
28
40
44
36
50
22
26
34
24
39
17
7
37
3
19
48
9
21
25
16
14
30
41
45
13
18
47
49
23
15
33
1
8
10
11
14
46
4
13
15
29
41
8
17
30
3
9
40
12
6
38
39
27
16
44
37
21
42
47
23
33
35
50
36
48
43
1
11
19
31
25
5
32
26
18
24
7
22
34
45
20
49
2
28
10
46
48
16
23
43
18
45
13
38
26
5
20
37
39
8
33
42
47
31
24
14
29
22
9
49
40
1
28
10
15
3
21
6
41
32
17
34
4
35
7
27
30
2
11
50
12
36
19
25
44
27
7
37
33
2
10
14
30
44
45
17
43
9
47
39
16
38
41
11
19
12
31
18
6
20
35
8
3
24
36
4
28
22
48
25
26
50
49
21
29
42
23
40
46
13
5
15
1
32
34
31
24
34
14
30
23
36
41
28
47
46
10
44
1
21
11
2
8
27
5
39
25
32
15
33
13
38
49
9
45
35
3
16
12
26
22
20
43
6
50
19
29
17
42
18
7
37
40
4
48
11
19
47
8
27
30
3
44
13
40
6
28
32
45
22
42
48
36
37
31
24
46
9
39
35
26
17
15
1
50
12
23
10
29
18
7
38
20
41
16
21
33
34
14
49
25
4
43
5
2
23
50
13
9
46
11
5
19
20
15
7
44
29
27
49
18
22
24
33
28
43
16
12
25
31
41
47
30
8
3
6
10
48
26
37
1
21
39
40
38
36
14
42
4
34
45
17
32
2
35
33
47
21
28
4
44
12
1
25
5
48
7
50
29
35
30
14
26
13
45
46
27
43
2
36
39
6
41
37
23
11
42
40
15
17
20
19
31
10
9
3
24
18
16
32
8
22
34
49
38
35
49
44
41
33
22
48
34
46
17
38
47
7
37
23
3
5
28
29
26
15
45
39
4
16
32
18
43
30
12
50
27
24
6
2
13
31
36
19
10
8
40
25
9
1
11
20
21
14
42
17
14
7
37
41
40
6
45
9
33
10
18
4
35
47
32
50
43
28
42
13
34
31
21
27
29
11
12
19
49
8
48
2
44
15
30
1
24
39
26
46
36
5
20
25
22
38
16
3
23
16
17
39
48
42
37
25
12
41
1
35
32
43
36
31
34
23
6
18
47
50
20
44
22
14
27
26
11
38
7
2
30
19
13
3
46
33
10
9
15
4
45
8
29
24
28
21
5
40
49
29
44
6
22
45
35
15
37
8
19
43
16
3
30
12
47
46
10
42
21
34
49
20
26
5
24
4
7
41
31
36
40
1
18
9
2
23
17
38
11
13
27
32
39
48
14
25
28
50
33
6
9
48
19
17
12
30
43
47
44
26
42
8
7
28
25
33
49
50
18
5
10
36
31
34
38
39
24
29
1
21
14
35
22
46
3
40
16
32
20
23
4
11
15
2
13
41
45
37
27
21
11
2
3
18
6
40
46
39
8
12
26
45
5
34
50
20
33
41
35
9
24
4
37
42
22
19
48
47
25
1
43
36
28
49
10
16
29
23
17
30
32
31
44
14
15
27
13
38
7
49
1
19
50
9
45
16
10
43
37
42
2
28
8
3
31
27
40
5
14
36
23
48
30
32
11
22
34
26
21
24
18
15
39
35
29
7
44
46
33
20
13
4
38
6
41
12
25
17
47
25
34
50
20
36
15
29
26
42
21
44
31
33
40
1
4
41
9
12
11
47
19
49
7
2
14
43
5
16
30
38
37
45
32
6
8
18
3
13
22
10
28
39
48
23
27
24
17
35
46
39
26
24
10
22
32
18
38
49
12
13
17
41
43
2
1
11
29
45
15
25
40
5
8
50
16
9
21
48
28
23
44
14
47
36
27
37
19
30
3
7
35
33
6
42
34
46
4
20
31
40
3
26
18
32
36
7
27
45
38
19
33
23
21
44
8
15
17
24
43
49
48
1
12
30
4
25
2
11
34
22
39
20
9
50
37
35
46
16
42
6
10
14
28
31
29
47
41
13
5
50
12
11
39
40
13
24
16
18
22
23
6
34
20
43
7
28
48
8
49
41
42
14
3
26
45
10
47
35
4
27
17
30
38
33
5
25
15
31
32
2
1
36
19
21
9
44
37
46
29
