43
28
49
45
17
31
9
33
19
26
22
29
18
41
15
14
32
46
16
34
3
13
50
8
23
10
2
1
38
25
27
11
42
39
47
7
20
35
36
12
6
5
24
44
37
21
30
40
4
48
26
18
14
49
43
24
6
17
9
38
28
2
45
12
21
46
47
1
44
15
31
22
7
3
42
8
48
41
30
32
4
25
37
33
19
20
27
34
11
35
40
16
10
23
36
39
50
29
13
5
5
38
10
32
18
23
21
31
41
16
17
45
36
35
50
20
33
37
47
40
48
25
2
9
28
49
11
26
3
7
14
29
30
44
6
46
43
42
13
19
24
39
15
34
4
22
1
8
27
12
18
42
2
36
26
48
17
27
22
45
47
20
41
50
30
25
11
7
9
28
12
39
21
37
1
15
24
40
44
3
35
49
14
10
13
16
4
19
8
34
46
23
43
29
5
32
38
33
31
6
11
36
48
14
37
40
7
10
17
30
38
28
4
1
9
18
22
6
32
2
20
50
43
29
39
31
3
12
47
23
42
33
27
34
26
41
25
8
19
44
13
45
35
15
21
46
5
16
49
24
40
21
33
29
16
37
10
1
39
36
41
9
42
44
31
12
48
43
5
27
18
6
8
49
2
26
4
34
35
20
24
32
46
47
25
22
38
17
50
23
19
13
30
45
15
28
14
11
7
3
2
41
25
26
30
27
50
45
1
46
31
42
13
4
10
35
20
40
28
19
15
11
49
36
18
24
17
8
16
34
21
6
7
43
22
39
47
33
48
29
23
12
5
3
38
44
37
9
14
32
45
31
41
15
6
44
39
37
43
50
13
8
11
33
19
36
7
23
20
5
30
38
1
40
29
14
12
9
32
22
2
34
28
46
24
26
17
49
35
4
21
10
48
16
25
27
3
18
42
47
21
30
11
16
14
33
42
15
38
10
44
40
17
7
32
49
29
4
12
22
37
26
18
45
34
47
5
50
13
24
1
48
8
23
20
27
9
31
46
41
35
25
36
28
39
6
19
3
43
2
13
12
24
19
42
6
49
40
35
31
43
27
20
37
45
17
25
26
3
8
21
36
34
15
4
44
39
10
5
41
33
2
50
22
32
48
29
14
28
11
30
9
16
47
23
38
7
46
18
1
19
48
4
13
22
1
40
11
49
23
33
3
35
34
20
2
9
17
26
43
32
44
25
18
46
39
21
30
36
5
6
12
16
29
28
38
15
47
7
27
45
24
31
37
50
10
8
42
41
14
33
5
39
50
24
12
20
6
10
28
30
18
47
16
26
11
27
8
17
4
9
40
41
31
36
48
25
13
49
21
46
7
19
14
42
2
44
32
37
45
43
3
29
38
1
15
35
22
34
23
7
3
44
47
39
42
45
21
37
35
15
24
34
31
36
1
13
33
22
11
10
12
29
32
25
6
20
49
48
14
8
30
9
27
17
43
19
5
23
16
26
28
4
46
40
41
18
38
2
50
34
7
19
33
35
21
30
49
47
11
16
36
9
14
4
41
38
24
29
26
6
20
31
10
40
18
45
32
28
37
43
23
3
25
50
8
13
39
44
15
22
42
1
2
27
48
12
5
46
17
3
32
36
2
23
39
16
25
21
22
35
33
7
29
48
42
37
47
34
31
50
27
38
12
8
1
14
44
4
18
17
46
49
45
11
15
10
24
9
6
5
30
28
41
43
19
13
20
40
26
46
39
29
4
12
10
8
5
31
49
20
1
24
13
41
16
40
30
37
38
26
43
47
44
11
2
36
28
23
33
45
42
21
19
35
3
22
6
32
18
9
50
27
14
7
17
34
48
15
25
48
9
46
34
49
43
33
28
44
42
19
26
32
39
27
10
6
2
8
3
35
16
11
23
21
13
29
14
20
15
7
17
25
50
45
36
40
18
31
38
1
22
41
5
47
37
24
4
12
30
38
37
1
27
20
47
2
35
12
19
4
13
6
8
42
3
23
9
31
49
44
17
14
11
50
33
28
43
46
16
15
45
36
21
40
32
34
48
39
22
7
18
25
26
29
5
41
24
30
10
37
47
43
30
4
25
22
38
36
3
46
50
40
20
8
6
34
49
15
10
2
31
28
35
5
7
16
39
1
19
9
21
44
13
23
18
33
29
41
48
32
17
12
11
24
14
42
45
26
27
36
1
32
31
46
15
12
8
48
20
29
23
39
42
25
4
44
35
11
24
7
28
17
30
45
41
49
5
27
40
47
38
6
16
9
13
21
2
34
50
37
33
14
18
26
3
22
19
10
43
32
2
22
48
50
45
1
14
30
39
24
31
25
40
35
13
21
36
27
44
23
34
37
47
38
46
7
15
42
49
19
18
10
11
16
29
28
26
5
20
3
4
8
9
17
43
33
12
6
41
25
19
15
1
28
8
31
39
20
5
3
43
21
48
23
50
42
45
7
35
16
32
13
17
33
37
6
4
22
46
18
36
40
24
49
47
14
44
29
2
10
38
11
30
41
12
26
27
9
34
14
33
30
39
32
11
41
23
28
8
21
49
10
38
16
47
31
15
18
13
25
37
19
24
44
22
34
42
6
26
36
43
12
17
2
9
5
50
3
7
4
27
20
1
46
40
29
35
48
45
31
40
13
9
45
29
28
48
4
33
5
44
50
3
7
15
43
12
19
39
17
10
23
22
14
21
27
47
25
42
41
35
2
1
18
6
32
36
26
8
49
46
37
24
16
30
11
34
38
20
12
24
47
7
34
18
25
36
15
43
40
38
5
49
1
45
35
27
50
33
13
41
32
48
37
19
42
11
39
28
29
16
26
30
44
10
23
22
4
3
2
14
9
21
8
31
6
17
20
46
20
14
34
37
7
17
4
29
24
47
26
12
19
36
2
43
5
25
42
48
8
35
3
6
15
11
13
33
41
10
16
44
39
28
1
21
50
38
27
46
18
40
22
31
32
45
49
30
23
9
44
8
7
43
15
38
19
30
32
9
6
11
48
47
34
29
45
20
21
12
5
3
10
39
31
16
23
18
24
4
40
1
17
35
41
37
26
13
42
14
28
36
46
49
33
2
27
50
25
22
9
50
28
23
25
14
43
24
11
34
48
21
49
6
22
33
46
10
13
17
4
8
15
26
12
27
47
19
29
2
5
41
35
18
38
44
16
30
45
42
36
20
7
39
3
1
32
31
37
40
16
46
38
25
29
22
36
3
40
13
49
10
28
19
44
7
39
31
24
14
42
2
26
21
27
50
35
20
37
17
30
5
23
32
4
12
45
41
1
43
48
11
18
6
34
47
9
15
33
8
50
29
18
24
27
13
35
16
8
25
12
32
44
46
49
31
41
14
4
47
28
7
5
2
20
36
9
38
17
43
39
10
48
3
21
19
30
40
33
1
15
26
34
42
45
11
23
6
22
37
39
6
40
3
38
28
47
9
45
18
27
34
8
30
13
37
50
16
23
7
46
5
33
42
48
17
31
24
12
35
22
4
1
36
15
25
41
11
43
21
14
19
49
20
10
29
2
26
32
44
27
11
42
21
3
34
48
47
33
29
32
46
30
18
5
40
36
22
10
41
45
1
4
7
16
23
37
17
26
13
12
50
15
2
31
14
35
43
25
24
44
49
6
19
28
9
20
39
8
38
49
16
20
42
2
3
11
19
29
27
50
7
31
21
38
23
8
18
30
32
33
46
40
1
35
12
43
6
45
36
25
9
4
15
34
17
48
37
14
10
41
47
26
22
13
24
28
44
5
39
29
23
45
40
5
16
34
13
46
15
18
41
38
26
12
9
14
28
39
6
47
48
20
43
49
30
33
7
50
8
32
27
31
42
10
1
37
3
22
36
11
21
19
25
44
35
17
2
24
4
17
34
16
44
8
20
32
50
26
48
2
22
1
23
6
21
18
3
45
36
29
14
39
46
10
25
40
35
9
27
11
24
43
41
5
33
7
15
38
30
31
37
42
12
19
13
4
47
28
49
23
10
5
6
33
46
44
12
27
40
42
16
15
25
17
30
28
34
41
20
11
21
35
4
9
38
22
37
19
50
13
8
24
31
7
45
49
1
18
32
47
2
39
36
48
26
43
14
3
29
35
17
50
38
10
9
29
32
42
7
23
19
14
15
47
34
30
41
49
1
27
24
48
33
22
45
46
25
21
44
26
28
11
5
8
4
3
12
40
39
20
43
2
13
6
18
31
37
36
16
42
27
21
28
36
32
13
7
18
4
45
39
2
5
43
48
24
50
38
46
49
15
6
19
3
29
30
16
11
12
44
26
22
8
37
31
1
25
20
9
34
41
47
33
14
23
40
10
17
35
4
44
8
10
31
2
14
46
6
32
37
15
43
9
40
28
19
39
25
23
34
18
24
16
26
20
38
48
33
30
3
22
41
49
29
5
11
27
21
13
42
35
17
7
12
50
45
1
47
36
24
22
12
5
1
19
26
41
7
2
8
4
37
17
18
27
15
44
14
21
36
9
16
13
30
28
50
23
10
47
34
3
20
48
43
35
42
46
6
49
38
29
40
32
11
33
39
25
45
31
15
35
26
22
44
50
37
18
34
12
36
48
23
27
3
8
4
32
43
16
24
47
30
14
17
42
19
46
2
45
28
13
38
20
39
11
31
10
49
5
29
6
33
40
9
25
21
41
1
7
22
4
27
11
47
35
46
26
2
1
7
14
33
28
24
44
49
42
40
30
41
29
36
34
32
5
18
45
15
9
38
19
13
37
3
50
6
16
10
25
12
31
23
17
20
8
48
43
39
21
6
45
17
35
40
26
23
42
3
24
11
25
22
10
14
5
1
29
46
37
38
49
27
41
43
9
32
36
18
48
50
20
47
12
30
28
8
21
16
31
39
15
13
4
2
34
44
7
19
33
47
26
37
46
13
49
18
34
5
14
39
17
12
24
28
38
3
11
35
9
22
45
42
50
41
43
10
27
7
1
20
15
32
6
33
30
36
23
2
40
16
48
44
8
31
4
25
21
29
19
30
25
31
17
9
41
5
2
16
21
1
37
27
32
11
19
10
48
6
29
39
33
45
20
13
35
15
22
8
38
23
47
34
40
14
49
24
4
12
26
50
7
3
43
42
36
46
28
44
18
41
49
9
20
11
7
38
4
13
44
14
6
46
2
39
22
16
19
36
25
43
30
12
5
24
3
1
21
34
31
10
40
29
26
27
23
18
28
17
37
33
8
45
48
35
42
47
32
50
15
8
43
35
12
19
36
27
44
23
6
34
30
16
22
46
24
26
38
2
18
14
4
9
25
47
32
41
3
40
29
37
31
5
7
48
42
39
45
15
33
17
1
21
50
49
20
10
13
11
28
28
20
6
8
21
5
3
43
25
41
10
47
29
11
33
26
2
13
1
50
40
23
22
38
19
4
44
31
14
39
48
37
45
9
12
24
46
7
30
17
27
34
32
35
18
49
15
36
16
42
10
13
23
18
41
30
15
20
50
17
25
5
3
45
37
39
12
21
48
42
1
19
44
28
7
34
26
29
43
6
31
14
33
4
46
40
2
9
24
47
8
32
38
27
22
16
36
49
35
11
1
15
3
41
48
4
24
22
14
37
9
35
26
43
29
32
17
5
33
45
19
42
46
27
6
40
8
2
31
11
49
39
18
38
36
34
12
20
47
28
25
44
50
10
30
7
16
23
21
13
