43
28
49
45
17
31
9
46
19
26
22
29
18
41
15
14
32
24
16
6
3
13
50
8
35
10
2
1
38
25
27
11
42
39
47
23
20
7
36
12
33
5
34
44
37
48
21
40
4
30
26
18
14
49
43
24
6
17
9
38
3
2
45
12
21
46
47
1
44
15
31
20
22
28
42
8
48
41
30
32
4
25
37
33
19
16
27
34
11
35
40
7
10
23
36
39
50
29
13
5
5
38
10
32
18
23
21
31
41
16
17
28
36
19
50
20
33
37
47
40
48
25
2
9
26
49
6
13
3
7
14
29
30
44
42
46
43
35
39
11
24
45
15
34
4
22
1
8
27
12
18
16
2
36
26
48
19
27
22
47
42
20
41
17
30
25
11
7
9
28
46
39
21
37
1
15
24
40
44
3
35
13
14
10
12
49
4
50
8
34
45
23
43
29
5
32
38
33
31
6
11
36
16
14
37
40
7
10
48
30
38
45
4
1
9
18
22
6
32
2
20
50
17
29
39
31
3
12
47
23
42
33
27
34
26
41
25
8
19
44
13
43
35
15
21
46
5
28
49
24
40
26
33
29
16
21
10
1
39
36
28
9
48
44
31
12
41
43
5
27
18
6
8
49
2
42
4
34
35
20
24
32
46
47
25
22
38
17
50
23
19
13
30
45
15
37
14
11
7
3
20
1
25
12
30
27
50
45
2
41
31
42
13
4
10
35
43
40
28
19
15
11
49
36
23
46
17
8
16
34
21
6
7
18
24
39
47
33
48
29
22
26
5
3
38
44
37
9
14
32
45
31
41
15
6
44
11
37
43
50
13
8
10
33
19
36
7
23
20
5
30
38
1
40
29
14
12
9
32
2
28
34
24
46
22
26
17
49
35
4
21
39
48
16
25
27
3
18
42
47
29
30
11
16
14
33
42
15
35
10
44
40
17
7
32
49
38
4
12
22
37
26
43
45
34
47
5
50
13
24
46
48
8
23
20
27
9
31
21
1
18
25
36
28
39
6
19
3
41
2
13
12
24
19
42
6
49
38
25
31
43
27
11
37
45
17
4
47
3
8
21
36
34
15
30
44
26
10
5
41
33
2
50
22
32
48
29
14
28
20
35
9
16
39
23
40
7
46
18
1
19
48
4
13
38
1
40
11
49
23
33
3
35
34
20
22
9
17
26
43
45
44
25
18
46
39
21
6
36
5
2
12
16
29
28
50
15
47
7
27
30
24
31
37
41
10
8
42
32
14
33
5
39
50
24
12
20
6
10
46
30
18
42
16
26
47
27
8
17
4
9
40
41
31
36
48
25
15
49
21
11
7
19
14
13
2
44
32
37
45
43
3
29
38
1
28
35
22
34
23
7
3
44
47
39
42
45
21
37
35
15
24
34
31
36
1
29
33
22
11
10
12
9
32
25
6
20
49
48
14
8
30
4
27
17
43
19
5
23
16
26
28
13
46
40
41
18
38
2
50
34
7
19
33
35
3
30
49
47
11
16
36
9
14
4
41
48
21
8
26
6
22
31
10
40
18
45
32
28
37
1
23
43
25
50
20
13
39
44
15
29
42
24
2
27
38
12
5
46
17
3
32
36
2
23
39
16
41
21
22
35
33
7
25
48
42
37
46
34
31
50
47
18
12
27
1
15
44
4
29
17
8
49
45
11
38
10
24
9
6
5
30
28
14
43
19
13
20
40
26
46
39
29
4
12
43
8
33
31
49
20
1
24
13
41
16
40
30
37
38
26
14
47
44
11
2
36
28
23
10
45
42
21
19
35
3
22
6
32
18
9
50
27
5
7
17
34
48
15
25
48
9
46
34
49
37
33
28
44
42
19
26
32
35
27
10
6
2
39
3
5
16
11
23
12
13
29
14
20
15
7
17
25
30
45
36
40
18
31
38
1
22
50
41
47
21
24
4
43
8
38
37
1
27
20
19
2
35
12
28
4
13
6
8
42
3
23
9
31
49
44
17
14
11
50
33
39
43
46
16
15
45
36
21
40
32
34
48
47
22
7
18
25
26
29
5
41
24
30
10
37
47
18
30
4
25
17
43
36
3
46
50
40
20
38
6
34
49
15
10
2
31
28
35
5
7
16
39
1
22
9
21
44
13
23
8
33
29
41
19
32
27
12
11
24
14
42
45
26
48
36
17
32
31
50
15
12
8
1
20
29
23
39
42
25
4
44
35
11
48
7
28
46
30
45
41
49
24
27
40
5
38
6
16
9
13
21
2
34
47
37
33
14
18
26
3
22
19
10
43
32
2
22
48
41
45
15
14
30
39
24
31
28
40
35
13
20
36
27
44
23
34
37
47
38
50
7
21
42
49
19
18
10
11
16
29
1
26
5
46
3
4
8
9
17
43
25
12
6
33
25
19
15
1
28
8
31
39
20
5
41
43
21
29
23
50
42
45
7
35
16
32
13
17
33
37
14
4
22
46
18
36
40
24
49
47
48
44
10
2
6
38
11
30
3
12
26
27
9
34
14
33
30
39
32
11
1
23
28
8
21
49
26
38
16
40
31
15
18
41
25
37
19
24
44
22
34
42
6
50
36
43
12
17
2
9
5
13
3
7
4
10
20
27
46
47
29
35
48
45
31
40
43
9
45
29
28
48
4
33
5
7
50
3
12
15
21
10
19
39
17
27
23
22
14
26
44
47
25
42
41
35
2
1
18
6
32
36
13
8
49
46
37
24
16
30
11
34
38
20
12
44
47
7
34
18
25
36
15
43
40
38
5
49
1
45
35
27
50
33
13
41
26
19
37
24
42
11
39
28
29
16
32
6
30
10
23
22
4
3
2
14
9
21
8
31
48
17
20
46
47
14
34
37
7
17
4
29
24
19
26
12
20
36
2
43
5
25
42
46
8
35
3
6
15
11
13
33
41
18
16
44
39
28
1
21
50
38
27
48
10
40
22
31
32
45
49
30
23
9
44
8
13
5
15
38
3
30
32
9
6
11
19
47
34
29
45
20
21
12
40
43
10
39
31
16
23
18
24
4
48
50
17
35
41
37
26
1
42
14
28
36
46
49
33
7
27
2
25
22
9
50
28
23
25
14
43
24
11
34
48
21
49
39
8
33
46
12
13
17
4
10
15
3
18
27
47
19
29
26
6
41
35
5
38
44
16
30
45
42
36
20
7
22
2
1
32
31
37
40
21
46
38
25
29
22
36
3
40
13
49
10
47
50
44
7
39
31
24
14
42
2
32
26
28
19
35
20
37
17
30
5
23
8
4
12
45
41
1
43
48
11
18
6
34
15
9
16
33
27
50
29
27
24
47
13
35
16
8
25
12
32
44
46
49
31
1
14
4
34
28
7
5
2
20
36
18
38
17
43
39
10
9
3
21
19
30
40
33
26
15
48
41
42
45
11
23
6
22
37
39
6
40
3
46
28
47
9
45
18
27
34
8
2
13
37
50
16
23
7
32
5
38
42
48
17
31
30
12
35
22
4
1
36
15
25
41
11
43
21
14
19
49
20
10
29
33
26
24
44
27
41
42
21
3
34
39
47
33
29
32
46
30
18
5
11
36
22
10
45
35
1
4
7
16
23
37
17
26
13
12
40
15
2
31
14
28
43
25
24
44
49
6
19
48
9
20
50
8
38
16
11
20
42
2
49
48
19
29
27
50
6
31
21
22
23
8
18
30
32
33
46
40
38
4
12
43
7
45
36
25
9
3
15
34
17
35
37
14
10
41
47
26
1
13
24
28
44
5
39
6
23
45
40
5
16
34
13
46
15
18
41
38
26
7
9
14
28
29
24
47
48
20
43
49
30
33
2
50
8
32
27
31
42
10
1
37
3
22
36
11
21
19
25
44
35
17
39
12
4
17
34
7
26
8
20
32
50
16
44
2
22
1
23
6
21
18
3
45
36
29
9
39
46
10
25
11
35
43
27
40
24
48
41
5
33
14
15
38
30
31
37
42
12
19
13
4
47
28
49
23
10
5
6
33
46
44
12
27
40
8
16
15
24
17
30
25
34
41
20
11
21
35
4
9
38
22
37
19
48
13
1
28
31
7
45
49
42
18
32
47
2
39
36
50
26
43
14
3
29
35
25
50
38
9
10
29
32
42
7
23
19
14
15
47
34
30
41
49
1
27
24
48
33
22
45
46
5
21
44
26
28
11
43
8
4
3
12
40
39
20
17
2
13
6
18
31
37
36
16
42
27
21
28
36
32
13
7
18
4
45
39
2
5
43
48
24
50
38
16
49
15
6
1
8
29
30
46
11
19
44
26
22
37
3
31
12
25
20
9
34
41
47
33
14
23
40
10
17
35
4
42
8
10
31
2
14
44
6
32
37
15
43
9
40
28
19
39
25
23
34
18
24
16
21
20
38
48
33
30
3
22
41
49
29
5
11
27
26
13
46
35
17
7
12
50
45
1
47
36
24
22
12
17
1
9
26
5
7
2
25
4
37
30
18
27
15
44
14
21
36
8
16
13
19
28
50
23
10
47
34
3
20
48
43
35
42
46
6
41
38
29
40
32
11
33
39
49
45
31
15
35
26
22
44
50
37
18
34
12
36
48
23
27
3
8
28
32
43
13
24
29
33
14
17
21
19
16
2
45
47
46
38
20
39
11
31
10
49
5
42
6
4
40
9
25
30
41
1
7
22
4
48
11
10
35
46
26
17
1
7
14
33
28
24
44
49
42
40
30
41
3
36
34
32
5
27
45
15
9
38
19
13
50
37
18
6
16
29
25
12
31
23
47
20
8
2
43
39
21
2
45
17
35
40
26
23
42
3
24
11
25
22
10
14
5
13
29
46
37
38
49
27
48
43
9
32
36
18
33
50
20
47
12
6
28
8
21
16
31
39
15
1
4
30
34
44
7
19
41
49
24
37
46
13
47
18
34
5
14
39
17
25
48
28
38
3
11
35
9
22
45
42
50
41
43
10
27
7
1
20
15
26
32
33
30
36
23
2
40
16
12
44
8
31
4
6
21
29
19
30
49
31
43
22
41
5
2
26
21
1
37
27
32
11
19
10
48
6
29
39
33
45
20
13
35
9
25
8
38
23
47
34
40
14
7
24
4
12
28
50
16
3
17
42
36
46
15
44
18
41
21
9
20
11
7
38
4
13
45
14
44
46
6
39
2
16
19
36
25
43
30
12
5
24
3
1
22
34
31
10
49
29
26
27
40
18
28
17
37
23
8
33
48
35
42
47
32
50
15
8
43
35
44
19
36
27
40
23
6
34
30
16
22
46
24
26
38
2
18
14
4
29
25
47
32
41
3
9
12
37
31
5
7
48
42
39
45
15
33
17
1
21
50
49
20
10
13
11
28
28
20
6
8
21
5
22
25
38
48
10
47
29
11
33
26
2
13
1
50
12
23
7
41
3
4
40
31
14
39
43
37
45
9
44
24
46
19
30
17
27
34
32
35
18
49
15
36
16
42
10
13
23
18
27
30
41
20
50
17
47
5
3
45
37
39
12
26
48
42
1
19
44
21
7
34
28
29
40
6
31
14
33
4
46
15
2
9
24
49
8
32
38
43
22
16
36
25
35
11
1
15
3
41
48
4
24
22
14
37
9
35
12
43
29
32
17
5
33
47
19
42
30
27
6
40
8
26
31
11
49
39
18
38
36
34
7
20
46
50
25
44
45
10
28
2
16
23
21
13
