42
21
23
41
37
8
12
35
5
2
18
27
47
3
10
38
17
15
34
44
7
33
28
30
36
1
24
9
40
32
48
39
31
29
16
26
4
11
25
13
50
45
22
6
19
20
43
14
46
49
25
24
37
8
36
17
14
40
12
10
35
34
16
47
28
22
33
42
23
46
39
4
30
15
29
7
41
48
32
3
9
1
43
11
6
38
5
19
13
49
27
50
31
20
21
18
45
26
44
2
22
10
1
12
32
21
17
24
19
23
34
28
36
15
46
47
9
41
8
35
38
3
48
6
14
5
20
50
43
30
4
33
2
45
27
7
13
49
31
16
42
29
25
39
40
26
44
11
37
18
45
43
19
15
29
37
39
48
20
38
21
42
41
2
11
35
40
31
1
47
6
12
34
36
26
22
50
3
17
44
13
49
30
18
4
27
8
28
23
5
32
14
7
9
24
46
25
16
33
10
15
36
6
49
25
29
19
37
11
42
4
26
5
8
44
27
1
24
41
10
28
43
18
2
46
21
22
34
35
47
40
32
7
39
17
16
23
20
45
12
30
33
48
50
31
3
14
9
13
38
4
14
3
38
33
18
26
36
44
27
42
10
39
25
22
20
50
28
35
31
1
15
47
40
7
6
9
11
34
24
37
23
41
49
30
45
19
12
2
29
5
46
8
16
32
17
21
13
43
48
37
19
45
42
44
27
18
3
50
40
16
14
8
33
36
1
29
12
31
32
23
49
17
46
21
10
28
35
9
43
26
5
25
2
15
39
41
30
22
24
4
13
47
38
34
6
20
7
48
11
48
35
30
45
14
33
42
46
41
7
3
49
37
38
29
43
27
2
5
1
12
25
32
18
28
17
31
47
11
50
15
8
34
6
19
24
36
13
20
4
10
9
16
23
22
40
26
44
21
39
14
31
27
3
19
50
15
43
45
13
1
41
35
36
30
17
25
5
12
40
24
28
2
7
9
4
39
20
6
48
32
37
46
38
21
47
34
44
8
11
49
26
18
22
42
33
29
23
10
16
16
5
28
27
7
43
40
11
49
22
24
15
13
44
18
19
26
29
47
20
41
36
6
35
1
34
38
17
46
9
2
42
45
31
37
8
32
21
14
48
25
30
4
3
33
12
10
39
50
23
24
50
5
47
26
49
13
8
3
36
12
18
1
23
43
6
10
40
11
38
32
34
44
45
48
39
19
42
33
7
16
21
14
27
41
4
46
31
35
22
28
2
20
37
29
15
9
25
17
30
23
37
34
43
8
20
46
45
40
15
31
33
11
18
24
30
16
25
28
2
5
27
42
32
41
9
13
29
3
38
50
19
44
48
7
35
49
6
12
26
47
36
1
10
39
14
17
21
4
22
3
16
13
39
12
14
23
29
38
18
27
30
44
50
5
8
2
6
32
17
4
19
45
41
25
24
36
7
48
34
10
43
22
20
42
28
47
37
26
35
33
15
11
40
49
21
46
1
9
31
1
26
17
11
4
5
30
42
33
45
25
40
6
32
12
16
46
10
19
23
18
31
39
21
27
35
48
15
49
13
14
3
8
36
50
44
29
22
38
28
37
34
9
24
41
2
7
43
47
20
41
42
38
4
48
9
28
34
7
17
47
5
45
10
25
2
21
36
49
11
8
13
20
31
39
50
40
32
16
23
33
44
12
22
14
19
26
35
1
37
3
18
24
15
30
29
27
46
6
43
12
17
14
2
49
15
33
22
48
19
23
38
34
39
16
21
13
37
10
30
20
32
7
1
3
18
25
40
31
4
44
11
24
46
9
36
35
26
42
43
41
6
50
29
47
8
5
27
28
45
30
6
24
44
2
23
35
38
18
12
9
36
26
22
42
29
39
45
40
13
15
16
27
34
10
41
49
4
8
19
20
47
3
43
25
48
17
46
33
50
21
1
32
14
28
37
11
31
5
7
39
25
4
13
28
36
11
15
23
5
17
2
48
43
26
50
7
1
45
37
46
30
49
24
38
44
3
41
22
12
34
10
40
32
47
29
27
18
6
20
14
35
21
33
9
16
8
42
31
19
18
39
43
36
27
28
50
6
14
1
13
31
22
42
48
32
45
26
30
21
40
24
37
12
33
16
8
5
10
25
49
9
35
23
20
17
44
34
3
38
2
47
19
7
46
11
15
41
29
4
11
41
47
1
6
10
45
25
27
34
8
29
30
31
4
5
37
48
50
36
44
35
26
9
18
23
7
49
20
14
43
38
39
17
2
3
33
15
24
42
40
28
46
21
16
32
12
19
22
13
40
44
18
35
5
7
27
39
8
46
11
48
50
14
47
31
12
33
16
6
30
41
43
38
32
2
1
22
36
49
42
25
37
3
23
13
20
24
10
15
45
21
29
34
26
9
4
28
19
17
34
15
44
32
1
26
43
17
36
48
40
12
25
35
3
10
47
46
39
29
21
18
16
50
23
13
2
30
5
33
6
27
49
9
8
20
45
38
7
14
22
19
28
4
11
31
37
24
41
42
47
45
7
37
17
40
6
50
1
35
10
20
3
28
15
14
24
49
36
5
19
21
22
33
8
42
26
44
13
29
27
48
18
4
11
31
30
25
46
2
9
23
41
12
43
39
38
34
16
32
8
18
35
28
42
39
49
16
47
29
41
21
4
20
13
7
5
44
9
26
50
48
38
27
43
45
33
6
19
11
31
34
23
1
46
12
25
10
30
40
24
17
14
2
37
22
32
36
3
15
7
22
40
14
18
13
31
10
30
28
2
16
38
34
17
4
36
50
27
8
25
46
33
19
11
12
35
1
37
42
47
29
48
41
39
15
6
3
21
32
43
20
44
26
5
24
23
45
49
9
5
1
2
34
3
47
32
13
4
8
14
50
23
21
39
15
35
19
48
43
11
38
25
10
31
26
12
27
24
17
41
16
20
33
28
37
22
29
40
9
7
42
30
44
6
36
18
49
45
46
9
3
48
25
35
38
10
4
37
43
44
13
7
24
1
28
18
32
26
49
42
47
19
14
22
31
11
33
50
39
46
15
36
30
34
23
40
5
16
21
12
8
6
17
45
27
2
29
20
41
27
28
8
20
31
30
7
47
43
9
50
46
19
37
41
36
34
22
42
24
29
14
21
16
35
40
23
2
39
10
11
26
6
25
45
32
38
33
4
3
17
12
49
5
18
1
13
48
15
44
31
38
10
6
43
22
24
49
46
37
20
19
17
29
45
42
28
47
15
33
35
5
14
11
34
27
18
26
1
8
23
41
9
21
36
2
48
16
32
39
13
44
12
30
25
4
40
50
7
3
10
11
25
19
20
41
2
14
15
32
5
24
21
45
33
23
8
43
3
9
48
26
50
42
4
28
46
39
29
37
22
7
47
13
1
40
18
17
49
30
6
31
38
35
27
44
16
12
36
34
2
13
26
9
39
19
8
1
32
11
6
4
28
16
20
12
48
23
43
3
33
37
36
49
45
15
30
31
41
21
25
50
38
5
10
22
42
7
27
18
29
24
40
46
44
47
34
17
14
35
33
12
11
29
16
4
9
19
17
3
7
32
42
6
8
44
49
38
37
22
45
40
24
47
30
48
5
13
18
41
39
28
21
14
26
46
31
2
15
23
20
25
27
1
36
43
35
10
34
50
32
27
33
46
34
42
48
20
29
44
26
43
2
1
40
25
41
16
22
50
14
45
31
5
15
37
4
28
23
6
17
18
13
24
49
21
7
36
9
19
8
39
10
11
38
35
47
3
30
12
29
40
20
7
11
2
37
18
26
25
48
45
12
9
38
49
23
30
33
39
16
6
5
13
47
14
21
43
44
35
36
17
19
34
24
42
10
27
41
8
46
4
3
31
15
28
50
22
32
1
17
46
15
30
50
12
47
23
39
41
49
1
40
48
14
9
38
11
7
27
26
2
4
22
19
43
29
18
21
5
8
20
10
28
44
34
3
45
37
31
16
32
33
13
35
42
36
6
24
25
44
2
16
48
46
6
1
28
42
4
37
22
15
26
21
39
31
27
13
7
17
29
9
43
49
8
10
19
45
20
35
24
32
40
12
25
14
50
18
33
36
3
34
41
23
38
30
5
11
47
38
34
22
10
45
35
21
26
28
20
29
3
24
41
31
48
32
39
18
19
13
8
1
23
37
25
6
16
7
46
5
30
27
44
40
9
2
4
17
36
11
49
43
47
14
50
42
15
12
33
50
29
36
26
10
46
34
44
25
47
33
7
9
12
49
24
19
21
38
28
31
20
35
39
17
32
42
37
15
40
3
4
1
8
43
6
11
41
5
27
48
16
23
45
13
30
22
2
18
14
36
7
29
31
41
1
5
33
21
6
15
9
20
19
2
34
14
35
25
16
49
42
46
37
12
11
43
23
30
22
45
40
17
50
3
18
39
47
28
44
38
10
26
32
4
13
48
8
27
24
26
23
39
50
9
24
22
21
10
49
19
35
32
13
37
11
4
3
46
45
47
1
8
44
6
20
27
38
25
16
29
12
5
7
18
14
28
40
43
17
31
41
15
42
48
34
33
30
2
36
28
48
50
22
30
31
29
32
13
33
39
17
10
27
34
26
44
7
6
41
2
9
23
25
24
47
37
21
14
18
19
45
4
42
38
11
16
1
36
46
15
40
35
43
12
49
3
20
8
5
20
47
21
24
13
34
25
27
16
50
45
23
46
11
9
41
3
4
2
48
10
17
15
26
44
33
32
14
38
36
30
35
29
37
31
43
12
39
19
1
18
22
5
49
8
7
28
40
42
6
19
30
42
16
23
32
36
2
22
26
38
25
43
46
6
40
11
9
14
12
27
50
29
8
13
3
44
24
47
15
28
31
33
10
5
49
21
48
34
41
1
7
17
18
20
45
39
4
35
37
43
9
46
18
40
45
4
30
31
14
36
11
29
7
32
3
42
13
21
34
22
44
41
17
20
49
47
12
26
28
24
2
16
19
35
5
15
8
48
6
23
38
37
25
50
10
1
33
39
27
46
33
12
21
22
16
41
31
2
24
32
44
18
49
35
45
20
17
4
15
9
10
13
29
5
36
14
8
28
1
7
6
50
47
48
30
43
42
11
34
26
37
39
27
3
25
19
38
23
40
21
8
9
23
24
25
16
41
35
30
46
6
49
4
19
33
22
18
17
42
36
39
3
20
50
38
34
10
2
27
12
14
26
15
13
1
37
43
29
47
44
11
45
48
7
5
31
32
40
28
6
32
41
5
38
3
20
7
9
31
43
39
27
40
50
46
30
8
24
14
37
11
10
4
16
29
15
45
12
2
18
36
42
35
22
33
1
23
44
25
34
48
13
28
17
19
49
47
26
21
13
4
49
33
47
11
44
12
6
39
28
37
31
17
23
18
43
20
29
25
34
7
40
3
42
30
16
46
27
45
21
22
15
26
32
41
9
14
50
10
19
5
2
36
1
48
24
35
38
8
35
49
32
40
21
44
3
5
34
16
22
8
33
30
7
37
15
14
20
4
43
23
11
48
2
46
17
25
42
31
38
13
28
12
29
50
24
9
47
45
39
27
36
19
10
41
6
18
1
26
49
20
31
17
15
48
38
9
24
21
30
47
14
5
27
13
6
34
44
18
3
22
12
28
40
19
45
36
4
26
1
46
11
16
33
10
50
32
39
7
35
43
42
8
2
23
41
37
25
29
