42
21
23
33
37
40
12
35
5
2
18
25
47
3
10
38
17
34
22
6
44
20
7
30
36
1
24
9
16
32
48
39
31
29
41
26
4
11
27
13
50
45
8
28
19
15
43
14
46
49
25
24
37
8
36
17
14
40
12
10
35
34
16
47
28
22
38
42
23
46
39
33
30
15
29
7
41
48
32
3
9
1
43
11
6
4
5
19
13
49
27
50
31
20
21
18
45
26
44
2
22
10
1
12
32
35
17
20
49
23
34
28
38
15
46
47
9
41
8
40
36
25
48
6
14
5
43
50
19
30
4
33
2
45
27
7
13
21
31
16
42
29
24
39
3
26
44
11
37
18
45
43
19
15
29
37
39
48
20
38
21
42
41
2
11
35
40
31
1
47
6
12
28
36
26
22
50
3
17
44
13
49
30
18
34
27
8
4
23
5
32
14
7
9
24
46
25
16
33
10
15
36
48
49
25
29
19
37
11
42
4
26
5
8
44
27
1
24
41
10
28
43
18
2
46
21
6
34
35
47
40
32
7
14
17
16
23
20
45
12
30
33
22
50
39
3
31
9
13
38
4
14
3
38
33
18
26
36
44
27
42
10
7
25
22
20
39
28
35
31
1
15
47
40
2
6
9
11
34
24
37
23
41
49
30
45
19
8
12
50
5
46
29
16
32
17
21
13
43
48
37
7
45
42
44
27
3
24
50
25
16
14
8
33
36
1
21
12
31
32
40
49
17
46
23
10
28
35
9
43
26
5
19
2
15
39
41
30
22
29
4
13
47
38
34
6
20
18
48
11
48
35
30
27
14
33
42
46
41
7
3
49
37
38
29
43
10
2
5
1
12
36
32
18
28
17
31
47
11
50
15
8
25
6
19
24
34
13
20
4
23
9
16
45
22
40
26
44
21
39
41
31
27
14
12
19
15
43
45
13
1
50
35
36
30
17
3
5
34
4
24
28
2
7
9
39
22
20
6
48
32
37
46
38
21
47
25
44
8
40
49
26
18
11
42
33
29
23
10
16
16
5
7
11
49
43
27
21
28
22
24
15
13
44
18
19
26
29
47
20
41
4
6
35
1
34
38
17
46
9
2
42
45
31
37
8
32
36
14
48
25
30
40
3
33
12
10
39
50
23
24
50
5
47
42
49
13
8
3
36
15
18
1
23
43
6
44
40
11
38
32
34
12
45
48
4
19
26
33
7
16
21
14
27
39
41
46
31
35
22
28
2
20
37
29
10
9
25
17
30
23
27
34
43
8
20
41
45
40
15
31
33
11
18
24
30
16
25
28
2
7
46
42
32
12
9
13
29
3
38
50
19
44
39
49
35
48
6
37
26
47
36
1
10
5
14
17
21
4
22
34
16
13
3
26
10
23
29
38
18
27
44
39
50
5
8
2
6
32
17
4
19
45
41
25
24
36
7
48
12
14
43
22
20
42
28
47
37
30
35
33
15
11
40
49
21
46
1
9
31
1
26
17
45
4
5
24
42
33
11
25
40
6
32
12
16
46
10
19
23
18
31
39
21
27
35
48
15
49
13
44
3
8
36
50
30
14
29
2
28
37
34
38
22
41
9
7
43
47
20
26
42
38
21
48
9
28
34
7
17
47
5
45
10
25
2
11
36
49
50
8
13
20
31
39
12
40
41
43
23
33
44
24
22
14
19
16
35
1
37
3
18
4
15
30
29
27
46
6
32
7
17
14
4
2
15
45
22
48
19
23
38
34
39
16
21
13
43
10
30
20
32
44
1
3
18
25
40
31
6
5
11
12
46
9
36
35
26
33
24
41
49
50
29
47
8
37
27
28
42
30
6
39
44
50
21
35
38
2
12
9
36
26
22
42
29
33
45
40
13
15
16
27
34
10
41
49
4
8
19
20
47
3
43
25
48
17
46
18
23
14
1
32
24
28
37
11
31
5
7
32
25
4
13
16
36
11
15
23
5
17
2
48
43
26
50
7
1
45
37
46
30
49
24
38
44
3
12
22
14
10
34
40
28
47
29
27
18
41
20
35
6
21
33
9
39
8
42
31
19
18
39
43
36
7
28
50
27
14
1
13
31
22
42
48
32
45
26
30
21
23
24
37
12
33
16
8
5
10
25
49
9
35
40
20
17
44
34
3
38
2
47
19
6
46
11
15
41
29
4
11
41
47
1
6
14
44
25
27
45
8
29
30
31
4
10
37
48
50
36
5
35
26
9
18
23
7
49
20
34
43
38
39
17
2
3
33
15
24
42
40
28
46
21
16
32
12
19
22
13
40
29
18
35
5
7
49
11
8
6
39
48
50
14
47
31
12
33
16
44
30
41
43
38
32
2
1
22
36
46
42
27
37
3
23
13
20
24
10
15
45
21
9
34
26
25
4
28
19
17
2
15
44
32
1
26
43
17
36
48
40
12
25
37
3
23
47
46
39
29
21
18
16
50
35
13
27
30
5
33
6
10
49
9
8
20
45
38
7
14
22
19
28
4
11
31
42
24
41
34
39
44
12
37
17
16
6
50
1
35
10
20
3
28
15
14
24
49
36
5
19
21
22
33
8
42
26
32
13
29
27
48
18
4
11
31
30
25
46
2
9
23
41
7
43
47
38
34
40
45
8
18
35
28
19
39
30
16
47
34
41
21
4
20
13
7
5
44
9
26
50
48
38
27
49
45
33
6
40
11
31
25
23
1
46
12
29
10
42
43
24
17
14
2
37
22
32
36
3
15
12
22
40
39
18
13
31
10
30
46
2
16
20
34
17
4
36
50
27
8
25
14
33
19
11
38
35
1
37
42
47
29
48
41
24
15
6
3
21
32
43
5
44
26
7
28
23
45
49
9
49
1
2
34
3
47
32
13
4
8
14
35
23
21
39
5
29
19
48
43
11
50
25
10
31
26
12
27
24
17
41
15
20
33
16
38
22
28
40
9
7
42
30
44
6
36
18
37
45
46
9
3
15
25
35
38
10
4
37
43
11
13
44
24
1
28
18
32
26
49
42
47
19
14
22
31
20
33
50
39
46
16
34
30
7
23
40
5
6
21
12
8
48
17
45
27
2
29
36
41
14
37
8
20
31
30
7
47
43
9
50
46
19
35
41
36
34
22
42
24
29
27
21
16
45
40
23
2
39
10
11
26
6
25
28
32
38
33
4
3
17
12
49
5
18
1
13
48
15
44
31
38
10
6
43
22
48
49
46
37
20
19
17
29
45
42
28
47
15
33
35
5
14
11
34
27
18
24
1
8
23
41
9
21
36
2
26
16
32
39
13
44
12
30
25
4
40
50
7
3
10
34
25
19
20
41
2
14
35
32
5
24
42
45
33
15
8
11
3
9
48
26
50
47
4
28
46
39
29
37
22
7
36
13
1
40
18
17
49
30
21
31
6
23
27
44
16
12
38
43
3
13
26
9
39
45
8
1
32
40
6
4
28
19
20
12
48
23
43
11
33
37
36
49
17
15
30
31
41
21
25
50
38
5
10
22
42
7
16
18
29
24
27
46
44
2
34
47
14
35
33
12
6
29
27
4
9
19
17
3
7
32
21
16
8
44
49
38
37
22
45
40
24
42
30
48
5
13
18
41
39
28
47
23
26
46
31
2
15
11
20
35
25
1
36
43
14
10
34
50
27
11
33
46
34
42
16
39
29
44
26
43
2
1
7
25
41
20
6
35
14
45
31
5
15
37
4
28
23
49
17
18
13
24
40
21
36
22
9
19
8
32
10
48
38
50
47
3
30
12
29
40
20
7
11
2
37
18
19
28
48
41
12
26
38
49
23
30
33
39
16
6
9
13
47
14
21
43
44
35
36
17
5
34
45
42
10
27
25
8
46
4
3
31
15
24
50
22
32
1
17
46
11
30
28
12
47
23
39
41
49
1
40
48
14
9
50
37
7
27
26
2
4
22
19
43
29
18
21
5
8
20
10
32
44
34
3
45
38
31
15
16
33
13
35
42
36
6
24
25
44
2
16
48
46
6
1
28
42
4
37
22
18
9
21
39
31
27
13
7
17
29
40
43
41
8
10
19
45
20
35
24
32
15
12
25
49
50
26
33
36
3
34
14
23
38
30
5
11
47
38
28
22
10
45
50
46
6
26
20
29
3
24
41
40
48
32
21
18
19
13
8
1
23
37
25
42
16
7
31
34
30
27
44
4
9
2
49
17
36
11
39
43
47
14
35
5
15
12
33
50
45
36
26
10
46
34
44
25
47
33
7
9
12
49
24
19
16
29
28
31
38
35
39
21
32
17
37
15
40
3
4
1
8
43
6
11
41
5
27
48
20
23
42
13
30
22
2
18
14
36
19
29
31
41
1
5
33
21
39
12
9
10
6
2
34
14
35
25
16
49
42
46
37
20
11
15
23
30
22
45
40
17
50
3
18
7
47
28
44
38
43
26
32
4
13
48
8
27
24
5
23
42
50
9
24
22
26
10
49
19
27
32
13
37
11
4
3
46
45
47
1
8
44
6
20
39
38
25
16
29
12
21
7
18
14
28
40
43
17
31
41
15
35
48
34
33
30
2
36
28
48
50
22
30
31
33
32
13
29
44
17
15
27
34
26
6
7
12
41
2
9
23
25
24
47
37
21
14
18
19
45
4
42
38
11
39
1
36
46
16
10
35
43
40
49
3
20
8
5
20
47
21
24
13
34
25
3
16
50
45
23
46
11
9
41
27
4
2
48
10
17
15
26
44
33
32
14
38
36
30
35
29
37
31
43
12
39
19
1
18
22
5
49
8
7
28
40
42
6
19
30
24
16
23
32
36
2
22
26
38
11
43
46
6
40
25
9
14
12
27
3
29
8
13
50
44
42
47
15
28
31
33
10
5
49
21
48
34
41
1
7
17
18
20
45
39
4
35
37
47
9
46
18
40
23
4
30
31
14
36
45
29
7
32
3
42
13
21
34
22
44
41
17
43
49
11
8
26
28
24
2
16
19
35
5
15
12
48
6
10
38
37
25
50
20
1
33
39
27
46
33
41
2
22
8
21
31
18
24
32
30
36
49
35
45
20
17
4
15
9
10
13
29
5
3
14
44
28
1
7
6
50
47
48
37
43
42
11
34
26
25
39
27
12
16
19
38
23
40
21
32
9
23
24
25
40
41
15
30
46
6
49
4
19
33
22
18
17
42
38
39
3
20
50
36
34
10
2
27
12
14
26
48
13
1
37
43
29
47
44
11
45
8
31
5
35
7
16
28
6
8
28
5
38
3
20
7
9
31
43
39
27
40
50
46
30
15
24
14
37
11
10
4
16
29
47
45
12
2
18
36
42
35
22
33
1
23
44
25
34
48
13
41
17
19
49
32
26
21
13
4
49
41
47
11
29
12
6
33
28
37
31
17
23
18
43
39
38
25
34
7
5
3
42
30
16
46
27
45
21
22
15
26
32
44
9
14
50
10
19
40
2
36
1
48
24
35
20
8
35
49
32
40
21
44
18
5
34
16
22
8
33
30
31
37
15
14
20
3
43
23
11
48
7
46
2
25
42
4
38
13
28
12
29
50
24
9
47
45
39
27
36
19
10
41
6
17
1
26
43
20
31
17
15
48
38
9
24
21
30
47
14
5
27
13
35
8
44
18
3
22
34
28
40
19
45
36
4
26
1
46
11
16
33
10
50
32
39
7
6
37
42
12
2
23
41
49
25
29
