42
21
23
32
37
8
12
35
5
2
18
27
47
3
10
38
17
44
6
40
7
33
20
30
36
1
24
9
15
34
48
39
31
29
41
26
4
11
16
13
50
45
22
28
19
25
43
14
46
49
18
24
37
8
36
17
14
40
12
10
35
34
16
47
28
22
9
42
23
46
39
4
30
25
29
7
41
48
32
3
33
1
43
11
6
38
5
19
13
49
27
50
31
20
21
15
45
26
44
2
22
10
1
12
32
21
17
24
19
23
34
28
20
15
46
3
38
41
47
45
36
25
48
6
14
5
43
50
40
30
4
33
2
9
27
7
13
49
31
16
42
29
8
39
35
26
44
11
37
18
45
43
19
15
29
37
39
48
20
38
21
42
41
2
11
35
40
31
26
47
6
12
9
36
34
22
50
3
17
44
13
49
30
18
4
27
8
28
23
5
32
14
7
1
24
46
25
16
33
10
15
36
7
49
25
29
19
27
11
42
37
26
5
8
44
4
1
24
41
10
28
43
18
2
46
21
22
6
35
47
40
32
34
39
17
16
23
20
45
12
30
33
48
50
31
3
14
9
13
38
4
14
3
38
33
18
26
16
44
27
42
10
2
25
22
20
50
28
35
31
1
15
47
40
7
6
9
11
34
24
37
23
12
49
30
45
19
36
41
39
5
46
29
8
32
17
21
13
43
48
37
7
45
42
44
27
18
21
50
3
16
14
8
33
36
1
29
12
31
32
5
49
17
46
23
10
28
35
9
43
26
25
19
2
15
39
41
30
22
40
4
13
47
38
34
6
20
24
48
11
48
35
30
45
14
33
42
46
41
7
3
49
37
38
29
43
10
2
5
1
12
27
32
18
28
17
31
47
11
50
15
8
36
6
19
24
34
13
20
4
25
9
16
23
22
40
26
44
21
39
25
31
27
21
50
40
15
43
45
13
4
41
35
34
30
17
3
5
1
6
24
28
2
7
9
14
12
20
19
48
32
37
46
38
39
47
36
44
8
11
49
26
18
22
42
33
29
23
10
16
16
5
4
11
28
43
40
17
49
22
24
15
13
44
18
19
26
29
7
20
41
36
6
35
1
34
38
25
46
9
2
42
45
31
37
8
32
21
14
48
23
30
27
3
33
12
10
39
50
47
24
50
5
47
27
49
13
8
3
36
12
18
1
26
43
6
44
40
11
38
32
34
23
45
48
39
19
41
33
7
16
21
14
15
42
4
46
31
35
22
28
2
20
37
29
10
9
25
17
30
23
44
34
7
49
20
27
45
40
15
1
33
11
18
24
30
16
25
28
2
31
3
42
32
37
9
13
29
43
38
50
19
41
48
8
35
39
6
12
26
47
36
46
10
5
14
17
21
4
22
26
34
13
3
12
42
16
29
38
18
27
44
39
50
5
8
2
6
32
17
4
19
45
41
25
24
36
7
48
14
10
43
22
20
23
28
47
37
30
35
33
15
11
40
49
21
46
1
9
31
1
26
17
2
4
5
45
42
33
11
25
40
6
32
12
16
46
10
19
23
18
31
44
21
27
35
48
15
49
13
39
3
8
36
50
30
14
22
38
29
37
34
28
9
41
24
7
43
47
20
41
42
38
43
48
9
28
34
7
17
47
5
45
10
25
2
21
36
49
33
8
13
12
31
20
50
40
26
16
23
11
44
24
22
14
19
39
35
1
37
3
18
4
15
30
29
27
46
6
32
2
17
14
4
45
15
49
22
48
19
23
38
34
39
16
21
13
43
10
30
20
32
7
1
3
18
25
40
31
12
5
11
44
46
9
36
35
26
33
24
41
6
50
29
47
8
37
27
28
42
30
6
39
44
2
23
35
38
14
12
9
36
26
22
42
29
33
45
40
13
15
16
27
34
10
41
49
4
8
19
20
47
3
43
25
48
17
46
18
50
21
1
32
24
28
37
11
31
5
7
12
25
41
13
16
35
11
15
23
5
17
2
48
36
26
50
7
1
45
37
46
30
49
24
38
44
3
32
22
4
9
34
40
14
47
29
27
18
6
20
10
43
21
33
39
28
8
42
31
19
14
39
43
36
8
28
50
6
18
1
13
31
22
42
48
32
45
26
30
21
23
24
37
12
33
16
27
5
10
25
49
9
7
40
20
17
44
34
3
38
2
47
19
35
46
11
15
41
29
4
11
41
47
1
6
14
46
10
27
34
8
29
30
31
4
45
37
48
50
36
44
35
26
9
18
23
7
49
20
5
43
38
39
17
2
3
33
15
24
42
40
28
25
21
16
32
12
19
22
13
40
29
11
35
5
7
23
39
8
25
6
48
50
14
47
31
12
33
16
44
30
41
43
38
32
2
1
22
36
46
42
27
37
3
49
13
20
24
10
15
45
21
9
34
26
18
4
28
19
17
39
15
44
27
1
26
43
32
36
48
40
12
25
35
3
9
47
46
8
29
21
18
16
50
2
13
17
30
5
33
6
10
49
28
34
20
45
38
7
14
22
19
24
4
11
31
42
37
41
23
7
32
12
39
17
45
6
50
1
35
10
20
3
28
15
14
24
49
36
5
19
21
22
33
8
42
26
37
13
29
27
48
18
4
11
31
30
25
46
2
9
23
41
16
43
47
38
34
40
44
8
18
35
28
19
39
30
25
47
40
41
21
4
20
13
7
5
34
9
26
50
48
38
27
43
45
33
44
6
11
31
16
23
1
46
12
29
10
42
36
24
17
14
2
37
22
32
49
3
15
34
22
40
14
18
13
31
20
30
28
2
16
38
7
17
10
36
50
27
8
25
46
33
19
11
4
35
1
37
42
47
29
48
41
24
15
6
3
21
32
43
5
44
26
12
39
23
45
49
9
49
1
2
34
3
47
32
13
4
8
14
50
23
21
39
15
35
19
48
43
11
38
25
10
31
26
42
27
24
17
41
5
20
33
28
37
22
12
40
9
7
16
30
44
6
36
18
29
45
46
9
3
48
25
35
38
10
4
37
43
31
13
44
24
1
28
18
32
34
49
42
47
19
14
22
36
11
33
50
39
46
15
29
30
16
23
40
5
26
21
12
8
6
17
45
27
2
7
20
41
27
28
8
20
31
30
7
47
43
9
50
46
19
37
41
36
34
22
42
11
29
14
21
16
24
40
23
2
39
10
44
26
6
25
45
32
38
33
4
3
17
12
49
5
18
1
13
48
15
35
31
38
10
6
43
22
33
49
46
37
20
19
17
29
45
42
39
47
15
24
35
5
14
11
12
27
18
34
1
8
23
41
9
21
36
2
48
16
32
28
13
44
26
30
25
4
40
50
7
3
10
11
25
19
20
41
24
14
2
32
5
47
15
45
33
23
8
21
3
9
48
26
50
42
4
28
46
39
29
37
22
7
35
13
1
40
18
17
49
30
6
31
38
43
27
44
16
12
36
34
47
13
26
9
39
19
8
1
32
45
11
4
28
6
20
12
48
23
43
3
33
37
36
49
35
15
30
31
41
21
25
50
38
5
10
22
42
7
2
18
29
24
40
46
44
16
34
17
14
27
33
12
6
29
26
4
9
19
17
39
7
32
42
16
8
44
49
38
37
22
45
40
24
47
30
48
5
13
18
41
14
28
25
27
21
46
31
2
15
23
20
3
1
11
36
43
35
10
34
50
32
27
33
46
34
16
2
11
35
44
26
43
36
1
40
25
41
39
22
42
14
45
31
5
15
37
4
28
23
6
17
18
13
24
7
21
49
29
9
19
8
20
10
48
38
50
47
3
30
12
29
40
20
41
11
2
37
18
24
46
48
45
12
19
38
49
23
30
33
39
16
6
28
13
47
31
21
43
44
35
36
17
5
34
26
42
10
27
25
8
14
4
3
7
15
9
50
22
32
1
17
46
15
30
7
12
47
37
39
41
49
1
40
48
14
5
28
11
38
50
26
2
4
22
19
43
29
18
21
32
8
20
10
23
44
34
3
45
27
31
16
35
33
13
9
42
36
6
24
25
44
2
16
48
46
6
1
28
42
4
15
22
18
9
21
39
31
27
13
7
17
29
40
43
41
8
10
19
3
20
35
24
32
47
12
25
26
50
37
33
36
49
34
14
23
38
30
5
11
45
38
45
22
10
42
50
21
36
28
20
29
3
24
41
31
48
32
37
18
19
13
8
1
23
49
25
6
16
7
26
34
30
27
44
40
9
2
4
17
46
11
39
43
47
14
35
5
15
12
33
50
37
36
26
10
46
34
44
25
47
33
7
9
12
49
24
19
16
29
28
38
20
35
39
21
32
15
17
45
40
3
4
1
8
43
6
11
41
5
27
48
42
23
31
13
30
22
2
18
14
36
19
29
31
41
1
5
33
21
6
39
9
7
43
2
34
14
35
25
16
49
42
46
37
26
11
20
23
30
22
45
40
17
50
3
18
15
47
28
44
38
10
12
32
4
13
48
8
27
24
5
23
42
50
9
24
22
26
10
49
19
35
32
13
37
11
4
3
46
27
47
1
8
44
6
20
39
38
25
16
29
12
21
7
18
14
28
40
43
17
31
41
15
45
48
34
33
30
2
36
28
48
50
22
30
31
29
23
13
33
44
17
10
27
34
26
25
7
12
41
2
9
39
15
24
47
37
21
14
18
19
45
4
42
38
11
16
1
36
43
46
32
35
6
40
49
3
20
8
5
20
16
21
24
13
34
25
3
29
50
45
23
46
11
9
41
27
4
2
48
10
17
15
26
44
33
32
14
38
36
30
35
47
37
31
43
12
39
19
1
18
22
5
49
8
7
28
40
42
6
19
30
24
16
23
32
36
2
22
26
38
25
43
46
6
40
11
9
14
12
27
50
29
8
13
3
44
42
47
15
28
31
33
10
5
49
21
48
34
41
1
7
17
18
20
45
39
4
35
37
3
9
46
18
40
10
4
30
31
14
36
11
29
23
32
27
42
13
21
34
22
44
41
17
45
49
47
12
26
28
24
2
16
19
35
5
7
8
48
6
15
38
37
25
50
20
1
33
39
43
46
33
18
37
22
36
44
31
16
24
32
30
21
49
35
47
20
17
4
15
9
10
13
29
5
12
14
8
28
1
7
6
50
45
48
41
43
42
11
34
26
25
39
27
3
2
19
38
23
40
21
8
9
23
24
25
48
41
15
30
46
6
49
4
19
33
22
18
17
35
40
39
3
20
50
38
34
10
2
27
12
14
26
32
13
1
37
43
29
47
44
11
45
42
7
5
31
36
16
28
6
47
28
5
38
3
20
7
9
31
43
39
27
40
50
46
30
15
24
14
37
11
10
4
16
29
8
45
12
2
18
36
42
35
22
33
1
23
44
25
34
48
13
41
17
19
49
32
26
21
13
4
49
33
47
11
41
12
6
29
28
37
31
17
23
18
43
20
39
25
34
7
5
3
42
30
16
46
27
45
21
22
15
26
32
44
9
14
50
10
19
40
2
36
1
48
24
35
38
8
35
49
32
40
21
44
3
5
34
16
22
8
33
30
7
37
15
14
20
4
43
23
11
48
17
46
2
24
42
31
38
13
28
12
29
50
25
9
47
45
39
27
36
19
10
41
6
18
1
26
43
20
31
17
15
48
38
9
26
21
30
24
14
5
27
13
6
8
44
18
3
22
34
28
40
19
45
36
4
49
1
46
11
16
33
10
50
32
39
7
35
37
42
12
2
23
41
47
25
29
