42
21
23
32
37
44
12
35
5
2
18
27
47
3
10
38
17
15
7
6
40
25
28
30
36
1
24
9
16
34
48
39
31
29
41
26
4
11
33
13
50
45
8
22
19
20
43
14
46
49
25
24
37
8
36
17
14
40
12
10
35
34
16
47
28
22
33
42
23
46
39
38
30
48
29
7
41
15
32
3
9
1
43
11
6
4
5
19
13
49
27
50
31
20
21
18
45
26
44
2
22
10
1
12
32
40
17
25
19
23
34
28
5
15
46
3
21
41
8
45
36
20
48
6
14
38
9
50
43
30
4
33
2
47
27
7
13
49
31
16
42
29
24
39
35
26
44
11
37
18
45
43
19
15
29
37
39
48
20
38
21
42
41
2
11
35
40
31
1
47
6
12
34
36
26
22
50
3
17
44
13
49
30
18
4
27
8
28
23
5
32
14
7
24
9
46
25
16
33
10
15
36
48
49
25
29
19
6
11
42
37
26
39
8
44
4
1
24
41
10
28
14
18
2
46
21
43
34
35
47
40
32
7
27
17
16
23
20
45
12
30
33
22
50
31
3
5
9
13
38
4
14
3
38
33
18
26
36
44
27
42
10
7
25
22
20
39
28
35
31
1
15
47
40
12
6
2
11
34
24
37
23
9
49
30
45
19
8
41
50
5
46
29
16
32
17
21
13
43
48
37
19
45
42
44
27
21
24
50
29
16
14
8
33
36
1
3
12
31
32
7
49
17
46
23
10
28
35
9
43
26
5
25
2
15
39
41
30
22
40
4
13
47
38
34
6
20
18
48
11
48
35
30
45
14
33
42
46
41
7
3
49
37
38
29
43
10
2
5
1
12
27
32
18
28
17
31
47
11
50
15
8
34
6
19
24
36
13
20
4
25
9
16
23
22
40
26
44
21
39
1
31
27
39
19
50
15
43
45
13
12
25
35
36
30
17
6
5
34
3
24
28
2
7
9
4
22
20
40
48
32
37
46
38
21
47
14
44
8
11
49
26
18
41
42
33
29
23
10
16
16
5
4
11
28
43
27
17
49
22
24
15
13
44
18
19
26
29
47
20
41
36
6
35
1
34
38
25
46
9
2
42
45
31
37
8
32
21
14
48
7
30
40
3
33
12
10
39
50
23
24
50
5
47
27
49
13
8
15
36
4
18
1
26
43
6
44
40
11
38
32
34
23
45
48
39
19
12
3
7
16
21
14
33
42
41
46
31
35
22
28
2
20
37
29
10
9
25
17
30
23
44
34
27
8
20
41
45
40
15
1
33
11
18
24
30
16
25
28
2
5
43
42
32
7
9
13
29
31
38
50
19
3
48
49
35
39
6
37
26
47
36
46
10
12
14
17
21
4
22
39
34
13
3
26
42
16
29
38
18
27
30
44
50
5
8
2
6
32
17
4
19
45
41
25
24
36
7
48
14
10
43
22
20
23
28
47
37
12
35
33
15
11
40
49
21
46
1
9
31
14
26
17
2
4
5
30
42
33
45
25
40
6
32
12
16
46
10
19
23
18
31
39
21
27
35
48
24
49
13
11
3
8
36
50
44
15
22
38
29
37
34
1
9
41
28
7
43
47
20
12
42
38
43
48
9
28
34
7
17
47
5
45
10
25
2
11
36
49
24
8
13
20
31
21
50
40
26
33
23
39
44
41
22
14
19
16
35
1
37
3
18
4
15
30
29
27
46
6
32
2
17
14
4
45
15
49
22
48
19
23
38
34
39
16
21
13
37
10
30
20
32
7
1
3
18
25
40
6
12
33
11
44
46
9
36
35
26
42
24
41
5
50
29
47
8
31
27
28
43
30
6
24
44
2
23
35
38
3
12
9
36
26
22
42
29
50
45
40
13
15
16
27
34
10
41
49
4
8
33
20
47
21
43
25
48
17
46
18
39
14
1
32
19
28
37
11
31
5
7
41
25
28
13
12
36
11
15
23
5
17
2
48
35
26
50
7
1
45
37
46
30
49
24
38
44
3
32
22
4
34
16
40
14
47
29
27
18
6
20
10
43
21
33
39
9
8
42
31
19
18
39
43
36
7
28
50
27
14
1
13
31
22
42
48
32
45
26
30
21
23
24
37
12
33
16
8
5
10
25
49
9
35
40
20
17
44
34
3
38
2
47
19
6
46
11
15
41
29
4
11
41
47
1
6
14
18
10
27
16
8
29
30
31
4
45
37
48
50
36
44
35
26
9
34
23
7
49
20
46
43
38
39
17
2
3
33
15
24
42
40
28
25
21
5
32
12
19
22
13
40
29
18
35
5
7
46
11
8
25
6
48
50
23
47
31
12
33
16
44
30
41
43
38
32
14
1
22
36
49
42
27
37
3
39
13
20
24
10
15
45
21
9
34
26
2
4
28
19
17
34
15
44
33
1
26
43
37
36
48
40
12
25
9
3
27
47
46
39
29
21
18
16
50
2
13
17
30
5
32
6
10
49
23
8
20
45
38
7
14
22
19
28
4
11
31
35
24
41
42
32
16
7
37
17
10
45
50
1
35
39
20
3
28
15
14
24
49
36
5
19
21
22
33
8
42
26
6
13
29
27
48
18
4
11
31
30
25
46
2
9
23
41
12
43
47
38
34
40
44
8
18
6
28
49
39
40
16
47
34
41
21
4
20
13
7
5
44
9
26
50
48
38
27
35
45
33
42
19
11
31
25
23
1
46
12
29
10
30
43
24
17
14
2
37
22
32
36
3
15
5
22
40
7
18
13
31
20
30
46
2
16
38
34
17
23
36
50
27
8
25
4
33
19
11
12
35
1
37
42
47
29
48
41
28
15
6
3
21
32
43
10
44
26
24
39
14
45
49
9
7
1
2
34
3
47
32
13
4
8
14
50
23
21
39
5
38
19
48
43
11
33
25
10
31
26
12
27
24
17
41
15
20
28
16
37
22
29
40
9
35
42
30
44
6
36
18
49
45
46
9
3
11
25
35
38
10
4
37
43
44
13
20
24
1
28
18
32
26
49
42
47
19
14
22
31
6
33
50
39
46
34
36
30
7
23
40
5
16
21
12
8
48
17
45
27
2
29
15
41
27
28
8
20
31
30
7
47
43
9
50
46
19
14
41
36
34
22
42
11
29
37
21
15
45
40
23
2
39
10
44
26
6
25
24
32
38
33
4
3
17
12
49
5
18
1
13
48
16
35
31
38
10
6
43
22
24
49
46
37
20
19
17
29
45
42
9
47
15
33
35
5
14
11
39
27
18
48
1
8
23
41
12
21
36
2
34
16
32
28
13
44
26
30
25
4
40
50
7
3
10
11
25
19
20
41
23
14
6
32
5
35
2
45
33
15
8
43
3
9
48
26
50
47
4
28
46
39
29
37
22
7
24
13
1
40
18
17
49
30
21
31
38
42
27
44
16
12
36
34
47
13
26
9
39
19
8
1
32
40
11
4
28
16
20
12
48
23
43
27
33
3
36
49
37
15
30
31
41
21
25
50
38
5
10
22
42
7
2
18
29
24
6
46
44
35
34
17
14
45
33
12
35
29
16
4
9
19
17
11
7
32
21
6
8
44
49
38
37
22
45
40
24
42
30
48
5
13
18
41
14
28
47
39
26
46
31
2
15
23
20
25
27
1
36
43
3
10
34
50
49
27
33
46
34
35
29
32
2
44
26
43
42
1
7
25
41
20
22
50
14
45
31
5
15
37
4
28
23
6
17
18
13
24
40
21
48
36
9
19
8
39
10
11
38
16
47
3
30
12
29
40
20
14
11
2
37
18
26
28
48
41
12
7
38
49
23
30
33
39
16
6
9
13
47
5
21
43
44
35
36
17
19
34
45
42
10
27
25
8
46
4
3
31
15
24
50
22
32
1
17
46
15
30
50
12
47
23
39
41
49
1
40
48
14
9
28
11
38
35
26
2
4
22
19
43
29
18
21
5
8
20
10
32
44
34
3
45
27
31
16
37
33
13
7
42
36
6
24
25
44
2
16
48
46
6
1
28
42
4
15
22
18
37
21
39
31
27
13
7
17
29
40
43
41
8
10
19
45
20
35
24
32
9
12
25
49
50
26
33
36
3
34
14
23
38
30
5
11
47
38
45
22
10
42
46
6
26
28
20
29
3
24
41
40
48
32
21
18
19
13
8
1
23
49
25
39
16
7
31
5
30
27
44
34
9
2
4
17
36
11
35
43
47
14
50
37
15
12
33
50
33
36
26
10
21
34
44
25
47
31
7
9
12
49
24
19
16
29
28
38
46
35
39
17
32
42
37
15
40
3
4
1
8
43
6
11
41
5
27
48
20
23
45
13
30
22
2
18
14
36
7
29
31
41
1
5
33
21
39
10
9
15
19
2
34
14
35
25
16
49
42
46
37
43
11
20
23
30
22
45
40
17
50
3
18
26
47
28
44
38
6
12
32
4
13
48
8
27
24
26
23
39
50
9
24
22
21
10
49
19
45
32
13
37
11
4
3
46
42
47
1
8
44
6
20
27
38
25
16
29
12
5
7
18
14
28
40
43
17
31
41
15
35
48
34
33
30
2
36
28
48
50
22
30
31
3
39
13
6
33
17
10
27
34
26
29
7
12
41
2
9
44
16
24
47
37
21
14
18
19
45
4
42
38
11
25
1
36
46
15
32
35
43
40
49
23
20
8
5
20
47
21
24
13
34
25
3
16
50
45
23
46
11
9
41
27
4
2
48
10
17
15
26
44
33
32
14
38
36
30
35
29
37
31
43
12
39
19
1
18
22
5
49
8
7
28
40
42
6
19
30
42
16
23
32
36
2
22
26
38
24
43
46
6
40
25
9
14
12
27
50
29
8
13
3
11
44
47
15
28
31
33
10
5
49
21
48
34
41
1
7
17
18
20
45
39
4
35
37
3
9
46
18
40
45
4
30
31
14
36
11
29
43
32
10
42
13
21
34
22
44
41
17
20
49
47
8
26
28
24
2
16
19
35
5
7
12
48
6
23
38
37
25
50
15
1
33
39
27
46
37
12
21
22
8
33
31
18
24
32
44
36
49
35
47
20
17
4
15
9
10
13
29
5
2
14
41
28
1
7
6
50
45
48
30
43
42
11
34
26
16
39
27
3
25
19
38
23
40
21
8
9
23
24
25
48
41
35
30
46
6
49
4
19
33
22
18
17
40
31
39
3
20
50
36
34
10
2
27
12
14
26
15
13
1
37
43
29
47
44
11
45
7
16
5
42
32
38
28
6
32
41
5
38
3
20
7
9
31
43
39
27
40
50
46
30
8
24
14
37
11
10
4
16
29
15
45
12
2
18
36
42
35
22
33
1
23
44
25
34
48
13
28
17
19
49
47
26
21
13
4
49
41
47
11
44
12
29
33
28
37
31
17
23
18
43
39
6
25
34
7
5
3
42
30
16
46
27
45
21
22
15
26
32
38
9
14
50
10
19
40
2
36
1
48
24
35
20
8
35
49
32
40
21
16
2
5
34
3
22
8
33
30
31
37
15
14
20
4
43
23
11
25
18
46
44
17
42
19
38
13
28
12
29
50
24
9
47
45
39
27
36
48
10
41
6
7
1
26
43
20
31
17
15
48
38
9
24
21
30
47
14
5
27
13
35
34
44
18
3
22
12
28
40
19
45
36
4
26
1
46
11
16
33
10
50
32
39
7
6
49
42
8
2
23
41
37
25
29
