42
21
23
27
37
8
12
35
5
2
18
41
47
3
10
38
17
20
34
44
7
25
28
30
36
1
24
9
16
6
48
39
31
32
40
26
4
11
33
13
50
45
29
22
19
15
43
14
46
49
18
24
37
8
36
17
14
40
12
10
35
50
16
47
28
4
15
42
23
46
39
33
30
48
29
7
41
34
32
3
9
1
43
11
6
38
5
19
13
49
27
22
31
20
21
25
45
26
44
2
22
10
1
12
32
45
17
25
19
23
34
28
38
15
46
3
21
41
8
40
36
20
48
6
14
5
9
50
43
30
4
33
2
47
27
7
13
49
31
16
42
29
24
39
35
26
44
11
37
18
45
43
19
15
29
37
39
48
20
38
21
42
41
2
11
35
40
31
1
47
6
12
9
36
26
22
50
3
17
44
13
49
30
18
34
27
8
4
23
5
32
14
7
28
24
46
25
16
33
10
15
36
48
49
25
29
19
27
11
42
4
26
5
8
44
22
1
24
41
10
28
43
18
2
46
21
39
37
35
47
34
32
7
40
17
16
23
20
45
12
30
33
6
50
31
3
14
9
13
38
4
14
3
38
33
18
26
39
44
27
42
10
2
25
22
20
50
28
35
31
1
15
47
40
45
6
12
11
34
24
37
23
9
49
30
41
19
29
16
36
5
46
8
7
32
17
21
13
43
48
37
19
45
42
44
27
18
3
50
29
16
14
8
33
36
1
25
12
31
32
40
49
17
46
23
10
28
35
9
43
26
5
21
2
15
39
41
30
22
24
4
13
47
38
34
6
20
7
48
11
48
35
30
45
14
33
42
46
41
7
3
49
37
38
29
43
10
2
5
1
12
27
32
18
28
17
31
47
11
50
15
8
36
6
19
24
34
13
20
4
25
9
16
23
22
40
26
44
21
39
25
31
27
21
19
50
15
43
45
13
1
34
35
36
30
17
6
5
22
3
24
28
2
7
9
4
20
41
40
48
32
37
46
38
39
47
14
44
8
11
49
26
18
12
42
33
29
23
10
16
16
5
4
11
7
43
27
17
49
40
24
15
13
44
18
19
26
29
47
20
41
36
6
35
1
34
38
25
46
9
2
42
45
31
37
8
32
21
14
48
22
30
28
3
33
12
10
39
50
23
24
50
5
47
12
49
13
8
15
36
44
18
1
26
43
6
33
40
11
38
32
34
23
45
48
39
19
42
3
7
16
21
14
27
41
4
46
31
35
22
28
2
20
37
29
10
9
25
17
30
23
8
34
43
27
20
3
45
40
15
12
33
11
18
24
30
16
25
28
2
5
37
42
32
39
9
13
29
31
38
50
19
44
48
49
35
7
6
41
26
47
36
1
10
46
14
17
21
4
22
39
34
13
3
16
14
23
29
38
18
27
30
44
50
5
8
2
6
32
17
4
19
45
41
25
24
36
7
48
12
10
43
22
20
26
28
47
37
42
35
33
15
11
40
49
21
46
1
9
31
14
26
17
2
4
5
30
42
33
22
25
40
6
32
12
16
46
10
19
23
18
31
39
21
27
35
48
15
49
13
44
3
8
36
50
45
24
28
38
29
37
34
9
11
41
1
7
43
47
20
41
42
38
32
48
9
28
34
7
17
47
5
45
10
25
2
11
36
49
24
8
13
20
31
21
50
40
26
33
23
39
44
12
22
14
19
16
35
1
37
3
18
4
15
30
29
27
46
6
43
12
17
14
4
49
15
33
22
48
19
23
38
34
39
16
21
13
37
10
30
20
32
7
1
3
18
25
40
6
46
5
11
24
45
9
36
35
26
2
43
41
42
50
29
47
8
31
27
28
44
30
6
24
44
2
23
35
38
14
12
9
36
26
22
42
29
39
45
40
13
15
16
27
34
10
41
49
4
8
33
20
47
3
43
25
48
17
46
18
50
21
1
32
19
28
37
11
31
5
7
34
25
43
13
28
36
11
15
23
5
17
2
48
6
26
50
7
1
45
37
46
30
49
24
38
44
3
32
22
4
41
10
40
9
47
29
27
18
12
20
14
35
21
33
16
39
8
42
31
19
43
39
7
36
8
28
41
6
18
1
13
31
22
42
48
27
45
26
30
21
23
24
37
12
33
16
32
5
10
25
49
9
35
46
20
17
44
34
3
38
2
47
19
14
40
11
15
50
29
4
11
41
47
1
6
46
45
16
27
34
8
29
30
31
4
10
37
48
50
36
44
35
26
9
18
23
7
49
20
14
43
38
39
17
2
3
33
15
24
42
40
28
25
21
5
32
12
19
22
13
40
29
18
35
5
7
44
11
8
39
6
48
50
14
47
31
12
33
16
27
30
41
43
38
32
2
1
22
36
49
42
25
37
3
23
13
20
24
10
15
45
21
46
34
26
9
4
28
19
17
32
15
44
33
1
26
43
24
36
48
40
12
25
23
3
9
47
46
39
29
21
18
16
50
37
13
2
30
5
34
6
27
49
28
8
20
45
38
7
14
10
19
22
4
11
31
35
17
41
42
7
45
12
39
17
40
6
50
1
35
10
20
3
28
15
14
24
49
36
5
19
21
22
33
8
42
26
44
13
29
27
48
18
4
11
31
30
25
46
2
9
23
41
16
43
47
37
34
38
32
8
18
35
28
42
39
16
36
47
25
41
21
4
20
13
7
5
44
9
26
50
48
38
27
43
45
33
6
19
11
31
34
23
1
46
12
29
10
30
40
24
17
14
2
37
22
32
49
3
15
5
22
40
7
18
13
31
10
30
46
2
16
20
34
17
23
36
50
27
8
25
4
33
19
11
14
35
1
37
42
47
29
48
41
24
15
6
3
21
32
43
39
44
26
12
28
38
45
49
9
49
1
2
34
3
47
32
13
4
8
14
35
23
21
39
5
28
19
48
43
11
38
25
10
31
26
42
27
24
17
33
15
20
29
7
37
22
12
40
9
16
50
30
44
6
36
18
41
45
46
9
3
11
25
35
38
10
4
37
43
31
13
7
24
1
28
18
32
26
49
42
47
34
14
22
36
44
33
50
39
46
20
19
30
16
23
40
5
6
21
12
8
48
17
45
27
2
29
15
41
1
44
8
20
31
30
7
47
43
9
50
46
19
37
41
36
34
22
42
45
29
14
21
15
35
40
23
2
39
10
11
26
6
25
28
32
38
33
4
3
17
12
49
5
18
24
13
48
16
27
31
38
10
6
43
22
50
49
46
37
20
19
17
29
45
42
9
47
15
33
35
5
14
11
12
27
18
48
1
8
23
41
34
21
36
2
39
16
32
28
13
44
26
30
25
4
40
24
7
3
10
11
25
19
20
41
2
14
35
32
5
23
21
45
33
15
8
43
3
9
48
26
50
42
4
28
46
39
29
37
22
7
47
13
1
40
18
17
49
30
6
31
38
24
27
44
16
12
36
34
27
13
26
9
39
19
8
1
32
45
11
4
28
16
20
12
48
23
43
6
33
3
36
49
17
15
30
31
41
21
25
50
38
5
10
22
42
7
37
18
29
24
40
46
44
2
34
47
14
35
33
12
6
29
26
4
9
19
17
11
7
32
42
35
8
44
49
38
37
22
45
40
24
47
30
48
5
13
18
41
14
28
25
39
21
46
31
2
15
23
20
16
27
1
36
43
3
10
34
50
2
27
33
46
34
35
29
20
6
44
26
43
39
1
40
25
41
11
7
50
14
45
31
5
15
37
4
28
23
32
17
18
13
24
42
21
36
22
9
19
8
49
10
48
38
16
47
3
30
12
29
40
20
14
11
2
37
18
26
28
48
24
12
7
38
49
23
30
33
39
16
6
19
13
47
31
21
43
44
35
36
17
41
34
45
42
10
27
25
8
46
4
3
9
15
50
5
22
32
1
17
46
28
30
50
12
47
37
39
41
49
1
40
48
14
32
35
15
38
11
26
2
4
22
19
43
29
18
21
5
8
16
10
23
44
34
3
45
27
31
7
20
33
13
9
42
36
6
24
25
44
2
16
48
46
6
1
28
42
4
37
22
18
9
21
39
31
27
13
7
17
29
40
43
41
8
10
19
15
20
35
24
32
14
12
25
49
50
26
33
36
3
34
45
23
38
30
5
11
47
38
37
22
10
45
42
46
26
28
20
29
3
24
41
49
48
32
21
18
19
13
8
1
23
34
25
6
16
7
31
40
30
27
44
4
9
2
36
17
39
11
5
43
47
14
35
50
15
12
33
50
33
36
26
10
21
34
44
25
47
15
7
9
12
31
24
19
16
29
28
38
46
35
39
49
32
17
20
45
40
3
4
1
8
43
6
11
41
5
27
48
37
23
42
13
30
22
2
18
14
36
7
29
31
41
1
5
33
21
6
39
9
15
19
2
34
14
35
25
16
49
42
46
37
20
11
43
23
30
22
45
40
17
50
3
18
26
47
28
44
38
10
12
32
4
13
48
8
27
24
26
23
39
50
9
24
22
21
10
49
19
27
32
13
37
11
4
3
46
42
47
1
8
44
6
20
45
38
25
16
29
12
5
7
18
14
28
40
43
17
31
41
15
35
48
34
33
30
2
36
28
48
50
22
30
31
40
32
13
3
33
17
10
27
34
26
29
7
12
41
2
9
44
16
24
47
37
21
14
18
19
45
4
42
38
11
25
1
36
46
15
43
35
6
39
49
23
20
8
5
20
16
21
24
13
34
25
23
3
50
45
47
46
11
9
41
27
4
2
48
10
17
15
26
44
33
22
14
38
36
30
35
29
37
31
43
12
39
19
1
18
32
5
49
8
7
28
40
42
6
19
30
42
16
23
32
36
2
22
26
38
25
43
46
6
40
44
9
14
12
27
50
29
8
13
3
11
24
47
15
28
31
33
10
5
49
21
48
34
41
1
7
17
18
20
45
39
4
35
37
3
9
46
18
40
10
4
30
31
14
36
11
29
43
32
47
42
13
21
34
22
44
41
17
7
49
27
12
26
28
24
2
16
19
35
5
15
8
48
6
23
38
37
25
50
20
1
33
39
45
46
47
41
37
22
16
21
31
2
24
32
44
36
49
35
45
20
17
4
15
9
10
13
29
5
12
14
8
28
1
7
6
50
33
48
30
43
42
11
34
26
25
39
27
3
18
19
38
23
40
21
32
9
23
24
25
48
41
16
30
46
6
49
4
19
33
22
18
17
35
31
39
3
20
50
38
34
10
2
27
12
14
26
15
13
1
37
43
29
47
44
11
45
8
7
5
42
36
40
28
6
28
15
5
38
3
20
7
9
31
43
39
27
40
50
46
30
8
24
14
37
11
10
4
16
29
47
45
12
2
18
36
42
35
22
33
1
23
44
25
34
48
13
41
17
19
49
32
26
21
13
4
49
41
47
11
38
12
29
33
28
37
31
17
23
18
43
39
6
25
34
7
5
3
42
30
16
46
27
45
21
22
15
26
32
44
9
14
50
10
19
40
2
36
1
48
24
35
20
8
35
49
32
40
21
44
24
5
34
16
22
8
33
30
7
37
3
14
20
4
43
23
11
25
2
46
15
17
42
19
38
13
28
12
29
50
48
9
47
45
39
27
36
31
10
41
6
18
1
26
47
20
31
17
15
48
49
9
24
21
30
45
14
5
27
13
38
34
44
18
3
22
12
28
40
19
8
36
4
26
1
46
11
16
33
10
50
32
39
7
35
6
42
43
2
23
41
37
25
29
