42
21
23
32
37
8
12
35
5
2
18
41
47
3
10
38
17
16
34
44
40
27
28
30
36
1
24
9
15
6
48
39
31
29
7
26
4
11
33
13
50
45
25
22
19
20
43
14
46
49
18
24
37
8
36
17
14
40
12
10
35
50
16
47
28
15
38
42
23
46
39
33
30
25
29
7
41
48
32
3
34
1
43
11
6
4
5
19
13
49
27
22
31
20
21
9
45
26
44
2
22
10
1
12
32
19
17
24
49
23
34
28
20
15
46
9
3
41
8
40
36
25
48
6
14
5
47
50
43
30
4
33
2
45
27
7
13
21
31
16
42
29
38
39
35
26
44
11
37
18
45
43
19
15
50
37
39
48
20
38
21
42
41
2
11
35
40
31
1
47
6
12
44
36
26
22
9
3
17
4
13
49
30
18
34
27
8
29
23
5
32
14
7
28
24
46
25
16
33
10
15
36
6
49
25
29
19
39
11
42
37
26
5
8
44
4
1
24
41
10
28
43
18
2
46
21
27
34
35
47
40
32
7
48
17
16
23
20
45
12
30
33
22
50
31
3
14
9
13
38
4
14
3
38
33
18
26
16
44
27
42
10
36
25
22
20
39
28
35
31
1
15
47
40
2
6
12
11
34
24
37
23
9
49
30
45
19
8
41
50
5
46
29
7
32
17
21
13
43
48
37
29
45
42
44
27
40
3
50
21
16
14
8
33
36
1
25
12
31
32
7
49
17
46
23
10
28
35
9
43
26
5
19
2
15
39
41
30
22
24
4
13
47
38
34
6
20
18
48
11
48
35
30
27
14
33
42
46
41
7
3
49
37
38
29
43
10
2
5
1
12
36
32
18
28
17
31
47
11
50
15
8
25
6
19
24
34
13
20
4
23
9
16
45
22
40
26
44
21
39
25
31
27
41
19
36
15
43
45
13
4
34
35
6
30
17
50
5
22
3
24
28
2
7
9
12
39
20
40
48
32
37
46
38
21
47
14
44
8
11
49
26
18
1
42
33
29
23
10
16
16
5
7
21
49
43
23
17
28
11
24
15
13
44
18
19
26
29
47
20
41
4
6
35
1
34
38
25
46
9
2
42
45
31
37
8
32
36
14
48
22
30
40
3
33
12
10
39
50
27
24
50
5
47
42
49
13
8
26
36
33
18
1
23
43
6
27
40
11
38
32
34
12
45
48
39
19
44
3
7
16
21
14
15
4
41
46
31
35
22
28
2
20
37
29
10
9
25
17
30
23
11
34
43
8
20
49
45
40
15
1
33
39
18
24
30
16
25
28
2
5
46
42
32
7
9
13
29
31
38
50
19
44
27
41
35
48
6
37
26
47
36
12
10
3
14
17
21
4
22
43
34
13
3
26
14
16
29
38
18
27
30
44
50
5
8
2
6
32
17
4
19
45
41
25
24
36
7
48
12
39
10
22
20
23
28
47
37
42
35
33
15
11
40
49
21
46
1
9
31
1
26
17
14
4
5
45
42
33
22
25
40
6
32
12
16
46
10
19
23
18
31
39
21
27
35
48
15
49
13
9
3
8
36
50
44
24
28
38
29
37
34
30
11
41
2
7
43
47
20
41
42
38
11
48
9
28
34
7
17
47
5
45
10
25
2
21
36
49
24
8
13
20
31
39
50
40
32
16
23
33
44
12
22
14
19
26
35
1
37
3
18
4
15
30
29
27
46
6
43
5
17
14
4
45
15
2
22
48
19
23
38
34
39
16
21
13
37
10
30
20
32
7
1
3
18
25
40
6
33
44
11
24
46
9
36
35
26
12
43
41
49
50
29
47
8
31
27
28
42
30
6
24
44
2
50
35
38
14
12
9
36
26
22
42
29
33
45
40
13
15
16
27
34
10
41
49
4
8
19
20
47
3
43
25
48
17
46
18
39
21
1
32
23
28
37
11
31
5
7
34
25
4
13
12
35
11
15
23
5
17
2
48
36
26
50
7
1
45
37
46
30
49
24
38
44
3
41
22
32
10
43
40
14
47
29
27
18
16
20
6
39
21
33
9
28
8
42
31
19
14
39
43
36
7
28
50
6
18
1
13
31
22
42
48
27
45
26
30
21
23
24
37
12
33
16
32
5
10
25
49
9
35
40
20
17
44
34
3
38
2
47
19
8
46
11
15
41
29
4
11
41
47
1
6
10
18
25
27
16
8
29
30
31
4
45
37
48
50
36
44
35
26
9
34
23
7
49
20
14
43
38
39
17
2
3
33
15
24
42
40
28
46
21
5
32
12
19
22
13
40
44
18
35
5
7
27
23
8
29
39
48
50
14
47
31
12
33
16
11
30
41
43
38
32
2
1
22
36
46
42
6
37
3
49
13
20
24
10
15
45
21
9
34
26
25
4
28
19
17
2
15
44
33
1
26
43
10
36
48
40
12
25
9
3
22
47
46
39
29
21
18
16
50
35
13
42
30
5
34
6
27
49
28
8
20
45
38
7
14
17
19
24
4
11
31
37
32
41
23
39
45
12
37
17
16
44
50
1
35
10
20
3
28
15
14
24
49
36
5
19
21
22
33
8
42
26
6
13
29
27
48
18
4
11
31
30
25
46
2
7
23
41
9
43
47
38
34
40
32
8
18
35
28
29
39
6
36
47
34
41
21
4
20
13
7
5
44
9
26
50
48
38
27
43
45
33
42
19
11
31
16
23
1
46
12
25
10
30
40
24
17
14
2
37
22
32
49
3
15
7
22
40
39
18
13
31
20
30
46
2
16
38
34
17
10
36
50
27
8
25
14
33
19
11
4
35
1
37
42
47
29
48
41
28
15
6
3
21
32
43
5
44
26
12
24
23
45
49
9
12
1
2
34
3
47
32
13
4
8
14
7
23
21
39
5
35
19
48
43
11
38
25
10
31
26
50
27
24
17
41
15
20
33
42
30
22
49
40
9
16
37
28
44
6
36
18
29
45
46
9
3
48
25
35
38
10
4
37
43
44
13
7
24
1
28
18
32
26
49
42
47
19
14
22
31
11
33
50
39
46
34
29
30
16
23
40
5
6
21
12
20
8
17
45
27
2
36
15
41
27
28
8
20
31
30
7
47
43
9
50
46
19
35
41
36
34
22
42
45
29
37
21
15
17
40
23
2
39
10
11
26
6
25
24
32
38
33
4
3
14
12
49
5
18
1
13
48
16
44
31
38
10
6
43
22
24
49
46
37
20
19
17
29
45
42
9
47
15
33
35
5
14
11
12
27
18
26
1
8
23
41
34
21
36
2
39
16
32
28
13
44
48
30
25
4
40
50
7
3
10
47
25
19
20
41
21
14
2
32
5
35
11
45
33
23
8
43
3
9
48
26
50
42
4
28
46
39
29
37
22
7
36
13
1
40
18
17
49
30
15
31
6
24
27
44
16
12
38
34
47
13
26
9
39
40
8
1
32
6
11
4
28
19
20
12
48
23
43
27
33
3
36
49
45
15
30
31
41
21
25
50
38
5
10
22
42
7
2
18
29
24
37
46
44
16
34
17
14
35
33
12
11
29
27
4
9
19
17
3
7
32
42
16
8
44
49
38
37
22
45
40
24
47
30
48
5
13
18
41
14
28
21
39
26
46
31
2
15
23
20
25
1
6
36
43
35
10
34
50
32
27
33
46
34
42
29
11
16
44
26
43
2
1
40
25
41
20
7
6
14
45
31
5
15
37
4
28
23
49
17
18
13
24
39
21
36
22
9
19
8
50
10
48
38
35
47
3
30
12
29
40
20
7
11
2
37
18
19
28
48
24
12
26
38
49
23
30
33
39
16
6
9
13
47
14
21
43
44
35
36
17
41
34
45
42
10
27
25
8
46
4
3
31
15
50
5
22
32
1
17
46
15
30
16
12
47
37
39
41
49
1
40
48
14
32
28
11
38
50
26
2
4
22
19
43
29
18
21
5
8
20
10
23
44
34
3
45
27
31
9
35
33
13
7
42
36
6
24
25
44
2
16
48
46
6
1
28
42
4
15
22
18
37
21
39
31
27
13
7
17
29
40
43
41
8
10
19
45
20
35
24
32
9
12
25
49
50
26
33
36
3
34
14
23
38
30
5
11
47
38
37
22
10
28
21
46
26
35
20
29
3
24
41
31
48
32
34
18
19
13
8
1
23
49
25
6
16
7
45
5
30
27
44
40
9
2
4
17
36
11
42
43
47
14
39
50
15
12
33
50
7
36
26
10
46
34
44
25
47
31
45
9
12
49
24
19
15
29
28
38
20
35
39
21
32
17
37
33
40
3
4
1
8
43
6
11
41
5
27
48
16
23
42
13
30
22
2
18
14
36
19
29
31
41
1
5
33
21
39
12
9
10
7
2
34
14
35
25
16
49
42
46
37
20
11
43
23
30
22
45
40
17
50
3
18
15
47
28
44
38
6
26
32
4
13
48
8
27
24
26
23
39
50
9
24
22
21
10
49
19
27
32
13
37
11
4
3
46
42
47
1
8
44
6
20
45
38
25
16
29
12
5
7
18
14
28
40
43
17
31
41
15
35
48
34
33
30
2
36
28
48
50
22
30
31
33
32
13
40
6
17
15
27
34
26
44
7
12
41
2
9
23
16
24
47
37
21
14
18
19
45
4
42
38
11
29
1
36
46
25
10
35
43
39
49
3
20
8
5
20
16
21
24
13
34
25
27
3
50
45
23
46
11
9
41
29
4
2
48
10
17
15
26
44
33
22
14
38
36
30
35
47
37
31
43
12
39
19
1
18
32
5
49
8
7
28
40
42
6
19
30
42
16
23
32
36
2
22
26
38
25
43
46
6
40
11
9
14
12
27
50
29
8
13
3
44
24
47
15
28
31
33
10
5
49
21
48
34
41
1
7
17
18
20
45
39
4
35
37
3
9
46
18
40
23
4
30
31
14
36
11
29
43
32
47
42
13
21
34
22
44
41
17
37
49
20
8
26
28
24
2
16
19
35
5
7
12
48
6
10
38
27
25
50
15
1
33
39
45
46
33
41
2
22
45
30
31
6
24
32
44
21
49
35
3
20
17
4
15
9
10
13
29
5
36
14
12
28
1
7
25
50
47
48
37
43
42
11
34
26
8
39
27
16
18
19
38
23
40
21
8
9
23
24
25
48
41
15
30
46
6
49
4
19
33
22
18
17
35
31
39
3
20
50
38
34
10
2
27
12
14
26
32
13
1
37
43
29
47
44
11
45
16
40
5
42
7
36
28
6
32
28
5
38
3
20
7
9
31
43
39
27
40
50
46
30
8
24
14
37
11
10
4
16
29
15
45
12
2
18
36
42
35
22
33
1
23
44
25
34
48
13
41
17
19
49
47
26
21
13
4
49
45
47
11
41
12
29
33
28
37
31
17
23
18
43
39
6
25
34
7
5
3
42
30
16
46
27
44
21
22
15
26
32
38
9
14
50
10
19
40
2
36
1
48
24
35
20
8
35
49
32
40
21
44
3
5
34
25
22
8
33
30
7
37
15
14
20
4
43
23
11
48
18
46
2
17
42
31
38
13
28
12
29
50
16
9
47
45
39
27
36
19
10
41
6
24
1
26
49
20
31
17
15
48
38
9
24
45
30
47
14
5
27
13
6
21
44
18
3
22
34
28
40
19
8
36
4
26
1
46
11
16
33
10
50
32
39
7
35
43
42
12
2
23
41
37
25
29
