45
20
47
25
18
40
27
35
12
44
28
4
48
46
34
36
10
31
15
19
26
13
33
39
37
24
42
3
41
43
38
8
16
22
14
11
6
29
2
23
50
1
17
30
9
21
49
7
5
32
33
25
27
42
6
41
48
2
5
31
37
43
29
18
21
39
17
45
34
38
8
35
49
16
11
50
24
20
28
26
23
30
40
4
15
7
13
14
32
36
9
22
3
10
1
46
19
44
47
12
11
44
35
10
5
46
31
4
9
50
43
19
6
47
30
17
45
27
33
22
16
12
14
41
32
23
37
18
40
34
21
38
25
20
24
39
42
7
48
26
3
8
28
2
13
36
1
49
29
15
30
2
7
3
28
29
50
21
22
49
15
18
8
44
6
13
33
19
42
23
32
40
41
11
14
43
9
24
46
31
16
1
4
47
12
45
35
10
26
20
5
38
37
17
36
34
48
25
39
27
1
18
40
21
32
23
45
16
2
37
39
26
9
25
13
28
49
34
12
31
44
43
8
20
33
11
35
5
48
15
19
3
36
50
22
10
47
24
42
38
17
41
27
6
46
7
4
14
30
29
38
45
29
33
26
49
11
32
3
41
44
47
15
17
40
22
34
30
48
35
14
2
25
23
6
37
8
9
50
5
13
21
24
19
42
36
27
16
7
10
43
18
20
12
31
39
28
4
1
46
44
24
22
13
15
14
29
46
11
8
36
40
50
37
1
18
5
23
17
16
28
48
10
19
49
30
34
43
31
21
42
25
26
41
47
12
2
27
3
6
32
35
38
20
39
4
7
9
45
33
16
23
2
30
35
48
28
18
31
21
4
11
5
45
26
24
8
6
47
12
33
36
7
3
9
17
50
15
49
20
46
29
19
25
27
42
38
39
10
32
1
34
44
14
37
43
41
40
13
22
24
31
16
18
39
38
5
36
49
27
26
44
19
20
33
6
1
47
43
21
13
28
32
42
34
48
45
23
7
2
29
46
17
8
50
41
4
37
30
14
22
12
15
9
35
25
3
11
40
10
47
14
30
2
23
9
43
37
41
12
32
3
39
26
46
31
28
29
27
33
7
6
5
21
18
34
19
10
22
40
4
42
35
38
17
50
36
1
25
16
11
24
49
13
48
44
15
45
20
8
14
3
4
9
47
10
37
22
21
29
48
49
20
40
28
41
39
46
38
8
19
27
42
25
16
45
2
33
17
12
30
44
6
13
11
26
7
32
15
18
35
36
5
43
50
1
24
23
31
34
25
15
24
34
3
11
26
44
18
39
9
21
37
38
50
1
13
42
29
46
40
23
6
7
4
47
43
16
14
45
48
10
32
28
2
49
17
22
35
8
31
27
41
19
5
20
30
33
12
36
49
16
31
20
1
43
41
33
36
32
13
23
10
48
29
42
3
5
7
24
46
25
19
17
50
4
12
38
37
44
18
26
45
34
28
9
14
15
22
39
27
21
35
47
8
40
6
2
11
30
36
6
9
16
17
5
42
30
28
4
1
37
35
19
20
47
32
15
50
49
23
3
43
18
45
13
22
29
26
25
41
40
2
21
33
46
44
12
14
7
39
48
10
31
34
38
11
27
8
24
27
21
37
29
9
2
40
45
39
5
19
46
22
16
11
43
31
48
18
36
25
32
20
15
1
14
41
7
4
6
3
47
44
23
49
35
30
50
8
12
26
42
33
34
24
10
17
38
28
13
39
17
43
5
16
34
47
15
14
10
38
7
42
50
3
19
24
1
2
6
21
41
37
49
28
22
36
4
33
35
45
48
9
40
44
13
46
18
20
31
30
25
12
11
29
27
32
8
23
26
12
8
32
50
14
7
19
13
46
42
17
31
36
15
43
30
9
41
37
47
35
21
18
10
25
33
49
34
11
38
27
2
22
5
45
28
1
44
39
3
4
40
23
29
26
6
16
48
24
20
46
49
42
37
12
24
33
48
6
22
23
14
44
32
7
3
36
40
31
18
17
19
16
13
29
28
5
27
35
8
34
20
15
10
9
1
50
2
43
45
25
26
21
39
30
11
38
41
4
47
41
9
36
23
34
13
8
28
4
14
22
2
7
42
24
26
30
10
3
32
39
37
35
29
38
25
15
49
6
47
43
50
21
17
19
20
40
11
45
44
18
5
16
48
33
12
31
46
27
1
3
50
17
49
4
15
44
27
38
40
2
41
16
13
39
11
22
9
25
42
30
24
21
36
5
35
6
1
43
23
33
28
47
29
7
37
20
8
19
34
46
10
31
32
45
48
12
26
14
18
18
41
20
1
27
6
7
43
19
33
11
5
45
34
42
32
26
8
24
10
22
16
31
44
36
39
29
13
12
50
25
35
38
48
40
4
49
23
9
30
37
15
14
28
47
17
46
3
2
21
22
43
46
19
7
1
20
14
17
45
47
9
30
27
25
5
40
37
16
48
6
26
44
24
21
2
11
39
13
36
49
32
34
33
41
3
18
31
12
50
38
4
8
42
15
35
23
29
10
28
10
36
15
26
49
47
30
23
37
48
3
27
31
24
17
35
6
16
41
40
12
11
38
14
46
5
39
21
20
33
22
34
18
43
29
25
28
4
1
9
45
13
19
44
2
8
42
32
7
50
6
46
8
11
10
50
17
24
33
13
16
42
1
5
19
14
7
18
22
44
3
45
29
32
23
12
4
47
39
27
31
15
20
49
48
21
34
36
38
28
2
30
9
35
40
26
43
37
25
41
42
10
11
17
29
31
35
25
32
23
50
34
46
43
36
12
48
33
6
4
5
8
45
28
2
38
14
22
9
19
44
16
3
24
18
30
41
26
27
49
40
37
7
1
20
13
47
21
15
39
43
5
19
45
38
35
21
3
15
24
49
32
12
29
22
37
41
20
8
7
10
47
23
31
27
46
26
40
34
48
39
14
13
16
25
2
9
28
36
42
33
11
18
4
17
30
50
1
44
6
23
30
25
6
37
32
22
9
27
11
18
48
4
10
49
2
12
50
5
1
20
39
34
38
17
29
40
19
42
3
35
31
28
44
13
8
26
45
47
24
16
46
43
36
21
33
14
15
41
7
9
22
5
46
19
16
24
38
50
15
20
36
13
6
23
45
25
26
28
37
2
17
3
4
39
21
7
35
47
41
40
18
12
1
30
32
48
43
31
33
44
49
11
27
14
29
8
10
34
42
34
35
50
4
11
8
36
26
40
1
29
33
41
12
10
7
21
38
30
20
24
31
27
5
48
18
44
32
25
14
6
45
23
42
16
47
39
9
46
15
19
43
13
49
3
22
2
28
17
37
50
28
44
38
31
18
16
20
26
2
5
29
32
23
47
46
27
39
49
14
9
10
12
30
40
7
3
36
1
24
15
41
11
37
6
48
25
13
17
35
21
33
4
8
42
19
22
34
43
45
4
42
33
14
50
22
2
19
45
6
34
8
40
41
18
27
29
21
35
39
43
20
15
46
7
36
25
11
3
30
5
12
10
26
32
31
16
38
49
1
24
44
48
37
28
23
13
47
9
17
48
34
18
24
44
36
1
31
16
7
35
17
2
4
41
49
38
32
10
11
15
30
39
26
8
6
47
28
21
22
20
37
33
46
43
14
12
5
13
19
29
9
45
40
25
42
27
50
3
23
20
32
14
27
8
26
15
6
29
34
21
12
47
49
16
10
37
44
36
2
45
18
30
40
35
42
28
46
23
13
1
4
48
9
39
43
24
3
50
11
41
17
25
22
7
5
33
31
38
19
5
12
26
48
25
28
32
17
23
47
10
24
34
22
37
44
2
4
45
43
1
38
50
9
41
15
13
30
27
29
11
33
8
35
3
40
31
42
6
46
14
39
36
7
19
18
20
16
21
49
8
7
21
12
42
3
14
50
35
9
31
6
24
1
38
15
16
43
39
27
34
46
47
2
22
20
33
45
44
4
26
13
29
30
36
17
19
25
28
41
10
32
40
18
23
49
37
5
48
11
35
1
39
41
43
20
25
7
44
17
40
38
49
9
32
16
50
11
13
29
47
33
26
48
31
8
18
12
36
28
37
22
30
14
34
27
5
6
24
21
23
3
46
15
10
2
45
19
42
4
32
40
34
15
30
19
46
12
10
26
33
1
28
11
2
21
23
35
9
5
18
4
17
22
42
3
20
50
29
39
14
7
41
45
8
44
37
49
16
48
13
31
47
38
27
24
25
6
36
43
21
13
45
43
48
30
34
40
8
20
14
35
25
36
15
23
47
28
19
17
31
22
2
37
3
10
1
6
5
9
7
49
39
12
46
38
33
41
11
27
42
50
26
24
4
32
29
18
16
44
7
4
23
22
40
39
9
5
20
36
45
13
33
14
48
38
43
24
1
41
29
44
46
47
19
49
16
2
30
17
10
11
27
31
35
15
8
21
18
25
12
28
32
50
6
37
34
42
26
3
40
26
10
32
46
42
4
49
30
19
8
22
18
33
12
25
35
2
20
9
38
14
36
27
24
1
17
41
45
11
28
23
7
39
31
6
3
34
44
47
48
29
50
21
43
15
5
13
37
16
2
27
48
31
20
17
18
11
13
16
24
25
26
3
35
40
46
49
44
50
42
7
4
6
15
9
21
8
10
1
12
39
14
32
23
34
45
33
37
29
28
19
30
5
41
47
36
43
22
38
17
11
12
44
33
4
13
8
48
43
41
39
27
35
5
20
15
7
40
3
50
1
22
45
26
31
32
25
16
49
2
6
42
36
21
24
23
19
29
37
47
14
34
46
38
28
10
30
18
9
31
33
41
28
21
45
6
47
7
46
42
20
38
39
27
9
44
36
26
13
4
50
11
8
10
19
30
48
2
18
32
17
37
15
1
22
43
40
23
5
34
16
29
25
12
3
35
24
49
14
29
47
3
35
45
33
12
39
25
38
27
28
11
8
4
48
42
17
23
15
41
34
13
1
20
40
10
37
19
46
50
5
49
6
26
18
22
30
21
43
7
2
24
16
44
14
9
36
32
31
28
48
38
47
2
27
49
41
43
3
6
45
14
30
31
8
4
22
21
34
11
42
40
12
44
32
46
17
24
37
9
36
5
7
10
23
29
35
33
13
15
20
1
26
16
50
18
39
19
25
15
29
49
7
36
21
39
42
24
30
25
50
43
31
14
34
20
3
32
26
48
9
28
33
13
27
38
44
18
16
17
19
1
11
37
5
10
47
4
2
8
23
6
45
22
41
40
12
46
35
26
38
1
36
22
25
10
29
42
35
12
15
3
21
9
50
11
13
46
28
37
49
24
34
30
16
23
14
8
7
47
27
43
2
4
19
32
48
41
40
20
45
39
33
18
31
44
17
6
5
13
37
6
8
41
44
23
10
34
28
46
30
17
2
45
4
19
12
14
25
36
15
1
43
47
26
27
31
38
32
24
9
50
18
5
29
21
20
40
22
49
7
42
3
11
16
39
35
33
48
19
39
13
40
24
37
3
34
1
25
7
10
23
28
8
33
18
14
4
30
49
29
9
35
12
44
48
26
15
42
36
43
31
27
38
16
11
46
5
17
6
47
22
41
32
45
21
20
50
2
37
19
28
39
13
12
38
1
47
18
30
16
21
7
44
29
14
25
11
45
27
5
48
50
43
41
31
42
32
10
8
24
46
3
20
33
15
17
34
4
36
6
2
23
49
9
26
22
35
40
