41
20
47
25
18
40
11
50
12
44
28
4
48
46
34
36
10
31
14
19
26
13
33
39
37
24
42
3
45
15
38
8
16
22
43
27
6
29
2
23
17
1
35
30
9
21
49
7
5
32
33
50
27
42
6
41
48
2
5
31
37
43
29
18
21
39
17
45
34
38
8
35
49
16
11
28
24
20
36
26
23
30
40
4
15
7
13
14
32
9
25
22
3
10
1
46
19
44
47
12
11
44
35
10
5
25
31
4
9
50
47
19
6
24
30
17
45
27
33
22
16
12
14
46
32
23
37
18
40
34
21
38
43
20
7
39
42
41
48
26
3
8
28
2
13
36
1
49
29
15
30
2
3
37
28
29
50
21
22
49
43
18
8
44
6
31
33
19
15
23
32
40
41
11
14
7
9
13
46
20
45
1
12
47
24
4
35
10
26
42
5
16
38
17
36
34
48
25
39
27
1
18
40
21
45
23
27
16
2
17
39
26
9
25
13
28
49
34
12
31
44
43
8
20
33
11
35
24
48
6
19
3
36
50
5
10
47
22
42
38
15
41
37
32
46
7
4
14
30
29
38
45
11
33
26
49
2
32
3
41
44
47
15
17
40
22
34
30
48
35
7
6
25
23
19
37
8
9
50
5
13
21
24
14
42
36
27
16
29
10
43
18
20
12
31
39
28
4
1
46
44
42
22
13
15
12
29
46
20
8
36
14
24
35
1
18
5
38
17
16
28
48
10
19
49
50
34
43
31
21
11
25
37
41
47
40
2
27
3
6
32
4
26
23
39
30
7
9
45
33
16
23
10
30
20
48
28
18
31
21
4
11
5
8
26
24
35
6
47
45
33
36
7
3
2
12
50
15
49
14
46
29
19
25
27
42
38
39
17
32
1
34
44
9
37
43
41
40
13
22
24
31
7
18
22
38
5
36
49
27
26
44
19
20
33
6
1
47
43
21
13
28
32
42
34
16
45
23
8
2
29
46
17
48
50
41
4
37
30
14
9
12
15
39
35
25
3
11
40
10
47
14
30
2
23
9
43
37
41
12
32
3
39
16
46
13
28
29
26
33
31
42
5
21
18
34
19
22
7
40
4
11
35
38
17
50
36
1
25
27
10
24
49
6
48
44
15
45
20
8
14
3
4
9
47
10
37
22
21
29
48
49
20
40
28
41
39
46
38
8
18
27
30
25
13
45
2
33
17
12
42
44
6
19
11
26
7
32
15
16
35
36
5
43
50
1
24
23
31
34
25
15
24
34
3
11
26
44
18
39
9
21
37
38
50
1
13
42
29
36
40
23
46
7
6
47
43
49
14
45
16
10
32
28
2
22
17
48
35
8
31
27
41
19
5
20
30
33
12
4
49
16
31
20
1
43
41
33
36
32
13
23
10
48
14
42
3
5
11
24
46
25
19
17
50
4
12
38
37
44
18
26
45
34
28
9
15
7
22
39
27
21
29
47
8
40
6
2
35
30
36
6
9
43
17
5
42
30
4
3
1
37
35
19
20
47
32
15
41
49
23
39
28
18
45
13
22
29
26
25
10
40
2
21
33
46
44
12
14
7
50
48
27
31
34
38
11
16
8
24
45
21
37
29
9
2
40
6
39
5
19
27
22
49
11
43
30
48
18
12
25
32
42
15
1
14
41
7
4
31
3
47
46
23
36
35
24
50
8
20
26
44
33
34
16
10
17
38
28
13
13
17
43
5
16
8
45
15
14
10
38
7
42
50
3
19
24
1
39
6
21
41
37
49
28
22
36
4
33
35
47
48
9
40
44
34
46
18
20
31
30
25
12
11
29
2
32
27
23
26
12
38
32
50
14
7
19
13
46
42
17
31
36
15
8
30
9
41
37
47
35
21
18
10
25
33
49
34
11
43
27
2
22
5
45
28
1
44
39
3
4
40
23
29
26
6
16
48
24
20
46
49
42
16
12
24
1
48
6
37
23
25
44
32
7
3
36
40
31
18
17
19
9
13
29
43
5
27
35
8
34
20
15
10
22
33
50
2
28
45
39
26
21
14
30
11
38
41
4
47
34
9
1
23
4
13
38
28
32
36
22
2
7
42
24
26
31
10
3
41
39
37
35
29
40
25
15
30
6
47
43
50
21
17
19
20
14
11
45
44
18
5
16
48
33
12
8
46
27
49
3
24
17
49
32
15
44
27
38
40
2
41
16
13
39
11
22
9
25
42
30
50
21
36
5
35
6
1
43
23
33
28
47
29
48
37
20
8
19
34
46
10
31
7
45
4
12
26
14
18
18
41
20
14
27
6
7
43
19
33
11
5
45
34
4
32
26
8
24
10
22
16
31
44
36
39
29
42
12
50
25
35
38
13
40
1
49
23
9
30
37
15
17
28
47
48
46
3
2
21
22
43
46
19
7
1
47
14
17
45
30
9
13
27
25
5
40
37
16
48
6
26
44
24
21
2
11
39
20
36
49
32
4
33
41
3
18
31
12
50
34
38
8
42
15
35
23
29
10
28
10
36
15
26
49
47
4
23
37
48
3
20
31
41
17
35
6
16
27
40
12
11
38
14
46
5
39
21
13
33
22
34
18
43
9
29
28
24
1
25
45
30
19
44
2
8
42
32
7
50
6
46
8
11
10
50
17
24
33
13
16
42
1
2
19
14
7
18
22
44
5
45
29
32
23
30
4
47
39
27
31
15
20
49
12
21
34
36
38
28
48
3
9
35
40
26
43
37
25
41
42
10
2
17
11
31
35
25
29
23
50
34
46
43
36
12
48
33
6
4
37
8
45
28
9
38
14
5
22
19
44
16
3
24
18
30
41
26
27
49
40
32
7
1
20
13
47
21
15
39
43
5
19
45
38
35
20
3
15
24
21
32
30
29
22
37
41
49
8
7
10
47
23
31
42
46
26
40
34
48
39
14
13
16
25
2
9
28
36
12
33
11
18
4
17
27
50
1
44
6
39
30
25
6
37
32
22
9
27
11
18
48
4
10
16
2
12
50
5
1
20
49
34
38
17
29
40
19
42
3
35
31
28
44
13
8
26
45
47
24
23
46
43
36
21
33
14
15
41
7
9
22
5
46
24
16
8
38
50
15
20
36
12
6
23
45
25
26
28
37
2
17
3
4
39
21
7
35
47
41
40
18
44
1
30
32
48
43
31
33
19
49
11
27
14
29
13
10
34
42
19
35
50
4
21
14
36
26
40
1
29
33
41
12
10
7
8
23
30
20
24
31
27
5
48
18
44
32
25
11
6
45
34
42
16
47
39
9
46
15
38
43
13
49
3
22
2
28
17
37
50
28
44
38
31
18
16
20
26
2
5
29
32
23
47
46
27
39
49
14
9
10
12
30
3
17
25
36
1
24
15
41
11
37
6
48
40
13
7
35
21
33
4
8
42
19
22
34
43
45
4
25
33
22
50
46
14
19
13
6
34
8
40
45
42
27
29
21
7
39
43
2
15
41
35
36
18
11
3
30
5
12
10
26
32
31
16
38
49
1
24
23
48
37
28
17
20
47
9
44
48
34
18
24
44
36
21
31
16
7
35
17
2
4
43
49
38
32
10
11
15
30
39
26
8
6
47
28
41
22
20
37
33
46
1
14
12
5
13
19
29
9
45
40
25
42
27
50
3
23
20
32
14
27
8
30
15
35
24
34
49
12
47
21
29
10
37
44
36
2
45
18
16
40
26
42
28
46
23
13
1
4
48
9
39
43
25
3
50
11
41
17
6
22
7
5
33
31
38
19
5
12
26
48
33
28
32
40
23
47
10
24
34
22
37
44
2
4
45
43
1
38
50
9
41
15
13
16
27
49
30
7
25
35
3
11
31
42
6
46
14
39
36
20
19
18
29
8
21
17
8
7
36
12
29
3
24
17
35
9
31
6
50
1
38
15
16
43
32
27
34
46
47
2
22
20
33
45
21
28
26
13
39
30
14
25
19
4
10
41
44
42
40
18
23
49
37
5
48
11
35
1
39
41
43
20
25
7
44
14
40
38
49
9
18
16
50
11
13
32
47
33
26
48
31
8
3
12
28
4
37
22
30
27
34
17
5
6
24
21
2
29
46
15
10
23
45
19
42
36
32
40
34
15
30
19
46
12
10
26
33
1
28
11
2
21
23
35
9
5
14
4
17
22
7
3
20
50
29
39
48
42
41
45
8
44
37
49
16
18
13
31
47
38
27
24
25
6
36
43
21
13
45
3
48
26
34
39
8
20
14
35
25
36
49
23
47
28
19
17
41
22
2
37
27
10
1
6
44
9
7
43
29
12
46
38
33
15
11
40
42
50
30
24
4
32
31
18
16
5
7
4
23
1
40
39
9
5
11
22
45
46
33
14
48
38
43
24
21
13
29
44
20
47
10
49
16
2
30
17
41
19
27
31
35
15
8
25
18
36
12
28
32
50
6
37
34
42
26
3
40
26
29
32
46
42
30
49
45
19
8
22
18
33
12
25
4
2
20
9
48
14
36
27
38
1
17
41
24
10
28
23
7
39
31
6
3
34
44
47
11
35
50
21
43
15
5
13
37
16
2
27
48
31
34
17
18
11
30
16
24
13
26
3
35
40
46
20
44
50
42
7
4
6
15
9
21
8
10
1
12
39
14
32
23
49
45
33
37
29
28
19
25
5
41
47
36
43
22
38
17
11
12
44
35
33
13
8
48
43
41
39
27
26
5
20
15
7
40
3
50
1
22
45
4
31
32
25
16
29
2
6
42
36
49
24
23
19
21
37
47
14
34
46
38
28
10
30
18
9
31
33
41
28
13
34
6
47
7
46
42
50
38
39
27
9
44
36
1
29
4
20
11
8
16
19
30
48
2
18
32
17
26
15
21
45
43
40
23
5
22
37
10
25
12
3
35
24
49
14
29
8
21
35
39
4
12
45
25
38
27
28
11
47
41
48
42
17
23
15
3
34
13
1
20
40
10
37
19
46
50
33
49
6
26
18
22
30
5
43
7
2
24
16
44
14
9
36
32
31
28
48
38
47
2
27
49
41
43
4
6
45
14
30
31
8
21
22
42
34
11
3
40
12
44
32
46
17
15
37
9
36
5
7
10
23
29
35
33
13
16
20
1
26
24
50
18
39
19
25
23
29
49
7
36
21
39
42
28
30
25
15
43
31
32
34
20
3
50
26
19
9
6
33
24
48
38
44
18
16
17
27
1
11
37
5
10
47
4
2
8
13
14
45
22
41
40
12
46
35
26
47
16
36
25
22
10
29
42
35
12
40
3
37
9
50
11
13
46
28
38
15
43
34
30
27
23
14
5
7
24
49
8
2
4
19
32
21
41
48
20
45
39
33
18
31
44
17
6
1
15
37
6
8
41
44
23
10
34
28
46
30
17
5
45
4
19
12
2
25
36
24
1
43
47
26
27
31
38
32
14
9
50
18
29
13
21
20
40
22
49
7
42
3
11
16
39
35
33
48
27
39
13
40
19
37
3
34
1
25
7
10
23
28
15
33
18
14
4
30
49
29
24
35
12
44
48
26
9
42
36
5
31
8
38
16
11
46
43
17
6
47
22
41
32
45
21
20
50
2
37
19
28
39
42
45
33
1
47
18
15
16
21
7
44
29
14
25
35
46
27
5
48
50
43
41
31
10
32
38
8
24
23
3
20
12
30
17
34
4
36
6
2
13
49
9
26
22
11
40
