41
20
47
25
18
40
27
50
12
44
28
4
48
46
34
36
10
31
11
19
26
13
33
39
37
35
42
3
24
14
38
8
16
22
43
45
6
29
2
23
15
1
17
30
9
21
49
7
5
32
33
25
27
42
6
41
48
2
5
31
37
43
29
18
21
39
17
45
34
36
8
35
49
16
11
28
24
20
38
26
23
30
40
4
15
7
13
14
32
9
50
22
3
10
1
46
19
44
47
12
11
44
35
10
5
46
31
4
9
50
43
19
6
24
30
17
45
27
33
22
16
12
14
21
32
23
37
18
40
34
47
38
25
20
7
39
42
41
48
26
3
8
28
2
13
36
1
49
29
15
30
2
36
16
28
29
50
45
22
49
15
18
8
44
6
20
13
19
7
23
32
40
41
11
14
43
9
42
46
4
26
1
37
47
31
33
35
10
21
38
5
3
12
17
24
34
48
25
39
27
1
18
40
21
22
23
45
16
2
37
39
26
9
25
13
28
49
34
12
31
44
43
8
20
33
11
35
24
48
6
19
3
36
50
5
10
47
15
42
27
17
41
38
32
46
7
4
14
30
29
38
45
2
33
26
49
6
32
29
41
44
47
15
17
40
22
34
30
48
35
7
3
25
23
42
37
8
9
50
5
13
21
24
19
14
36
27
16
11
10
43
18
20
12
31
39
28
4
1
46
44
42
22
13
15
4
29
46
11
8
36
40
24
37
1
18
5
38
17
16
28
48
20
19
49
50
34
43
31
21
10
25
23
41
47
12
2
27
3
6
32
35
26
14
39
30
7
9
45
33
16
23
50
30
45
48
28
18
31
21
4
11
5
8
26
24
35
14
47
12
33
36
7
3
2
17
20
15
49
22
46
29
19
25
27
42
38
39
10
32
1
34
44
9
37
43
41
40
13
6
24
31
7
18
42
38
5
36
49
27
26
44
19
20
33
6
1
47
43
21
13
39
32
35
34
16
45
22
8
2
29
46
17
48
50
41
4
37
30
14
9
12
15
23
28
25
3
11
40
10
47
14
30
2
23
9
43
37
41
12
32
3
39
26
46
13
28
29
21
33
31
49
5
42
18
34
19
10
36
11
4
7
35
38
17
50
40
1
25
16
22
24
27
6
48
44
15
45
20
8
14
3
16
9
47
10
4
22
21
29
48
49
20
40
28
41
39
46
38
8
19
27
42
13
7
45
2
33
17
12
30
44
6
37
11
26
25
32
15
18
35
36
5
43
50
1
24
23
31
34
25
15
24
34
3
11
26
44
18
39
9
21
37
38
50
1
36
42
29
13
40
23
46
7
6
47
43
16
22
45
14
10
32
28
2
49
17
48
35
8
31
27
41
19
5
20
30
33
12
4
49
16
31
20
1
43
41
33
36
32
13
23
10
48
29
42
3
5
15
24
46
25
19
17
50
4
12
38
37
44
18
26
45
34
28
9
14
7
22
39
27
21
35
47
8
40
6
2
11
30
36
6
9
12
17
5
42
30
26
23
1
37
35
19
20
47
32
15
41
49
3
50
43
18
45
13
22
29
28
25
16
40
2
21
33
46
44
4
14
7
39
48
10
31
34
38
11
27
8
24
15
21
37
29
9
2
40
6
39
5
19
27
22
12
11
43
31
48
18
45
25
32
30
46
1
14
41
7
4
20
3
47
42
23
49
35
24
50
8
36
26
44
33
34
16
10
17
38
28
13
27
17
43
5
16
34
47
15
14
10
38
7
42
50
3
19
24
1
39
6
21
41
37
49
28
22
36
4
33
35
45
48
9
12
44
13
46
18
20
31
30
25
40
11
29
2
32
8
23
26
12
38
32
50
14
7
19
13
46
42
17
31
36
15
8
30
9
41
37
47
35
21
18
10
25
33
49
34
11
43
27
2
22
5
45
28
1
44
39
3
4
40
23
29
26
6
16
48
24
20
46
49
42
37
12
24
9
48
6
13
23
20
44
32
7
3
33
40
31
18
17
19
16
14
38
36
5
27
35
8
34
43
15
10
1
22
50
2
28
45
25
26
21
39
30
11
29
41
4
47
31
9
4
23
34
13
38
28
30
14
22
2
7
42
24
26
41
10
3
32
39
37
35
29
40
25
15
49
6
47
43
50
21
17
19
20
36
11
45
44
18
5
16
48
33
12
8
46
27
1
3
50
17
49
35
15
44
27
38
40
2
41
16
13
39
11
22
9
25
42
30
24
21
36
5
32
6
1
43
23
33
28
47
29
48
37
7
8
19
34
46
10
31
20
45
4
12
26
14
18
18
41
20
1
27
6
7
43
19
33
11
5
45
34
4
32
26
8
24
10
22
16
31
44
36
39
29
13
12
50
25
42
38
35
40
17
49
23
9
30
37
15
14
28
47
48
46
3
2
21
22
43
46
19
7
1
30
14
17
45
47
9
13
27
25
5
40
37
16
48
6
26
44
24
21
2
11
39
20
36
49
32
4
33
41
3
18
31
12
50
34
38
8
42
15
35
23
29
10
28
10
36
15
26
49
47
37
23
4
48
3
14
31
29
17
35
6
16
27
39
12
11
38
41
46
5
25
21
13
33
22
34
18
43
9
40
28
24
1
42
45
30
19
44
2
8
20
32
7
50
6
10
8
11
13
50
17
24
33
3
16
42
1
2
19
14
7
18
22
44
5
45
29
32
23
30
4
47
39
27
31
15
20
49
12
21
34
36
38
28
48
46
9
35
40
26
43
37
25
41
42
47
11
17
19
33
35
25
32
22
50
34
46
43
36
12
48
2
6
4
23
8
45
28
10
38
14
5
9
29
44
16
3
24
18
30
41
26
27
49
40
37
7
1
20
13
31
21
15
39
43
5
19
45
38
35
14
3
15
24
49
32
30
41
42
37
21
6
8
7
10
47
23
31
29
46
26
40
34
48
39
20
13
16
25
2
9
28
36
12
33
11
18
4
17
27
50
1
44
22
39
30
25
6
37
32
22
9
27
11
18
48
4
10
49
2
12
50
5
1
20
46
34
38
17
29
40
19
42
3
35
31
28
44
13
8
26
45
47
24
23
16
43
36
21
33
14
15
41
7
9
22
5
46
24
16
8
38
50
15
20
36
12
6
23
45
25
26
28
37
2
17
3
4
39
21
7
35
47
41
40
18
44
1
30
32
48
43
31
33
19
49
11
27
14
29
13
10
34
42
34
35
12
4
11
14
36
26
40
1
29
33
41
21
10
7
50
23
30
20
24
31
27
5
48
18
44
32
25
19
6
45
8
42
16
47
39
9
46
15
38
43
13
49
3
22
2
28
17
37
50
28
44
38
31
25
16
19
37
2
5
29
32
23
47
46
27
39
49
14
9
10
12
30
26
3
18
36
1
24
15
41
11
40
6
48
20
13
7
35
21
33
4
8
42
17
22
34
43
45
4
46
33
14
50
18
20
17
28
6
34
8
40
45
22
27
29
21
35
41
43
2
15
25
13
7
39
11
3
30
5
12
10
26
32
31
16
38
49
1
24
23
48
37
36
19
42
47
9
44
48
34
18
24
44
22
1
31
16
7
35
17
2
4
43
49
38
32
10
11
36
30
39
26
8
6
47
28
41
15
20
37
33
46
21
14
12
5
13
19
29
9
45
40
25
42
27
50
3
23
20
32
14
27
8
26
15
35
3
34
21
12
47
49
16
10
37
44
36
2
45
18
6
40
24
42
28
46
23
13
1
4
48
9
39
43
30
25
50
11
41
17
29
22
7
5
33
31
38
19
5
12
26
48
33
28
32
20
23
17
10
24
34
22
37
44
2
4
45
43
1
38
50
9
41
15
13
30
27
40
11
35
29
8
3
25
31
42
6
46
14
39
36
7
19
18
47
16
21
49
8
7
10
36
32
3
24
40
35
9
31
6
50
1
38
15
16
43
14
27
34
28
47
2
22
20
33
45
26
39
21
13
46
30
29
4
19
12
17
41
44
42
25
18
23
49
37
5
48
11
35
1
39
41
43
20
25
7
44
4
40
38
49
9
32
16
18
11
13
17
47
33
26
48
3
8
50
12
29
28
37
22
30
14
34
27
5
6
24
21
2
31
46
15
10
23
45
19
42
36
32
40
34
15
30
19
46
39
10
26
33
1
28
11
2
21
23
20
9
5
18
4
17
22
35
12
3
50
7
31
42
14
41
45
8
44
37
49
16
48
13
29
47
38
27
24
25
6
36
43
21
13
45
43
48
30
34
12
8
20
14
35
25
36
41
23
47
28
19
40
15
22
2
37
27
10
1
6
44
9
7
11
39
31
46
38
33
3
26
29
42
50
49
24
4
32
5
18
16
17
7
4
23
22
40
39
11
5
20
36
45
46
33
14
48
31
43
24
1
38
29
44
10
47
9
49
16
2
30
17
41
19
27
13
35
15
8
21
18
25
12
28
32
50
6
37
34
42
26
3
40
26
29
32
46
42
2
49
45
19
8
22
18
35
12
25
30
33
20
9
48
14
36
27
31
1
17
41
5
10
28
23
7
39
24
6
3
34
44
47
11
4
50
21
43
15
38
13
37
16
2
27
48
31
29
17
18
11
13
16
24
25
26
3
35
40
46
49
44
50
42
7
4
6
15
9
21
8
10
1
12
39
14
32
23
34
45
33
37
20
28
19
30
5
41
47
36
43
22
38
17
11
1
44
21
12
13
8
48
43
41
39
27
33
5
38
15
7
40
3
50
20
22
45
4
31
32
25
16
49
2
6
26
36
42
24
23
19
29
37
47
14
34
46
35
28
10
30
18
9
45
33
41
28
20
31
21
47
7
46
42
50
38
39
27
9
44
36
26
29
4
6
11
8
16
19
30
48
2
18
32
17
34
15
22
1
43
40
23
5
10
13
37
25
12
3
35
24
49
14
29
39
3
35
4
8
12
21
25
38
27
28
11
47
45
48
42
17
23
15
41
34
13
1
20
40
10
37
19
46
50
33
49
6
26
18
22
30
5
43
7
2
24
16
44
14
9
36
32
31
28
48
21
3
2
27
49
41
43
47
6
45
14
30
31
8
4
22
32
34
11
42
40
12
44
24
46
17
15
37
9
36
5
7
10
23
29
35
33
13
16
20
1
26
38
50
18
39
19
25
23
29
49
7
36
21
39
42
24
30
25
13
43
31
15
34
20
3
50
26
14
9
28
33
19
48
38
44
18
16
17
27
1
11
37
5
10
47
4
2
8
32
6
45
22
41
40
12
46
35
26
8
38
47
25
36
10
29
42
35
12
15
3
16
9
50
11
13
46
28
37
1
24
34
30
27
23
14
21
7
48
49
43
2
4
19
32
22
41
40
20
45
39
33
18
31
44
17
6
5
13
37
6
8
41
44
23
10
34
28
46
30
17
5
14
4
19
12
2
25
38
15
1
43
47
26
27
31
45
32
24
9
50
18
36
29
21
20
40
22
49
7
42
3
11
16
39
35
33
48
19
24
13
40
39
37
3
34
1
25
7
10
23
28
18
33
8
35
4
30
49
29
9
15
12
44
48
26
14
42
36
5
31
27
38
16
11
46
43
17
6
47
22
41
32
45
21
20
50
2
37
19
28
39
10
45
33
1
47
18
30
16
21
7
44
29
14
25
42
46
27
5
48
50
43
41
31
23
32
38
8
24
12
3
20
11
15
17
34
4
36
6
2
13
49
9
26
22
35
40
