15
20
47
25
18
40
27
50
12
44
28
4
48
46
34
36
10
31
41
19
26
13
33
39
37
43
42
3
45
11
38
8
16
14
24
17
6
29
2
23
22
1
35
30
9
21
49
7
5
32
33
38
27
42
6
41
48
2
5
31
37
14
29
18
21
39
17
45
34
12
8
35
49
16
11
50
24
20
28
26
23
30
40
4
15
7
13
25
32
43
9
22
3
10
1
46
19
44
47
36
11
44
35
10
5
25
31
4
9
7
47
19
6
50
30
17
45
27
33
22
16
12
14
46
32
23
37
18
40
34
24
38
43
20
21
39
42
41
48
26
3
8
28
2
13
36
1
49
29
15
30
2
38
36
28
29
50
33
22
49
43
18
8
44
6
20
13
19
7
23
32
40
41
11
14
24
9
42
46
15
3
1
12
47
31
45
35
10
26
16
5
21
37
17
4
34
48
25
39
27
1
18
40
21
32
23
37
16
2
17
39
26
9
25
13
28
49
34
12
31
44
43
8
20
33
11
35
5
48
6
19
3
36
50
22
10
47
45
42
38
15
41
27
24
46
7
4
14
30
29
38
45
29
33
26
49
2
32
3
41
44
47
15
17
40
22
34
30
48
35
14
6
25
23
42
37
8
9
50
5
13
21
24
19
7
36
27
16
11
10
43
18
20
12
31
39
28
4
1
46
44
24
22
13
15
4
29
46
37
8
36
40
30
12
1
18
5
23
35
16
28
48
50
19
49
17
34
43
31
21
14
25
26
41
47
11
2
27
3
6
32
42
38
20
39
10
7
9
45
33
16
23
2
30
20
48
28
18
31
21
4
11
5
45
26
24
8
6
47
17
33
36
7
3
35
12
50
15
49
14
46
29
19
25
27
42
38
39
10
32
1
34
44
9
37
43
41
40
13
22
24
31
7
18
39
38
5
36
49
27
26
44
19
20
33
6
1
47
43
21
13
28
32
42
34
16
45
22
9
2
29
46
17
8
50
41
4
37
30
14
48
12
15
23
35
25
3
11
40
10
47
14
30
2
23
9
43
37
41
12
32
3
39
49
46
13
28
29
11
33
31
42
5
21
18
34
19
10
26
22
4
7
35
38
17
50
36
1
25
27
16
24
40
6
48
44
15
45
20
8
14
3
4
1
47
10
9
22
21
29
48
49
20
40
28
41
39
46
38
8
37
27
42
25
13
45
2
33
17
12
30
44
6
16
11
26
7
32
15
18
35
36
5
43
50
19
24
23
31
34
25
15
24
34
3
11
26
44
18
39
9
21
37
38
50
1
4
42
29
46
40
23
6
7
19
47
43
49
36
45
48
10
32
28
2
13
17
22
35
8
31
27
41
14
16
20
30
33
12
5
49
16
31
20
1
43
41
39
36
32
13
23
10
48
29
42
3
5
21
24
46
25
19
17
50
35
12
38
37
44
18
26
45
34
28
33
15
7
22
9
27
4
14
47
8
40
6
2
11
30
36
6
9
16
17
5
42
30
28
26
1
37
35
19
20
47
32
15
39
49
3
50
43
18
45
13
22
29
41
25
33
40
2
21
8
46
44
12
14
7
23
48
10
31
34
38
11
27
24
4
45
21
37
29
9
2
40
6
39
5
19
27
22
16
11
43
31
48
18
36
25
32
46
15
1
14
41
7
4
20
42
47
44
23
49
35
24
50
8
12
26
3
33
34
10
30
17
38
28
13
39
17
43
5
16
34
45
15
14
10
38
7
42
2
3
19
24
1
27
6
21
41
37
49
28
22
36
4
33
35
47
48
9
13
44
40
46
18
20
31
30
25
12
11
29
50
32
8
23
26
12
25
32
50
14
7
19
13
46
42
17
31
36
15
43
30
9
41
37
47
35
21
18
10
24
33
49
34
11
38
27
2
22
5
45
28
1
44
39
3
4
40
23
29
26
6
16
48
8
20
46
49
42
37
12
24
38
48
6
13
23
43
44
32
7
3
33
40
31
18
17
19
20
22
16
36
5
27
35
8
34
14
15
10
9
1
50
2
28
45
25
26
21
39
30
11
29
41
4
47
41
9
36
23
34
13
8
28
30
4
22
2
7
42
24
26
50
10
3
32
39
37
35
29
40
25
15
1
6
47
43
31
21
17
19
20
14
11
45
44
18
5
16
48
33
12
38
46
27
49
3
1
17
49
7
15
44
27
38
40
2
41
50
13
39
11
22
9
25
42
30
24
21
36
5
4
6
35
43
23
16
28
47
29
33
37
20
8
19
34
46
10
31
32
45
48
12
26
14
18
18
41
46
14
27
6
7
43
19
33
11
5
45
34
42
32
26
8
24
10
22
16
31
44
36
39
29
13
12
50
25
35
38
48
40
4
49
23
9
30
37
15
17
28
47
1
20
3
2
21
22
43
20
19
4
1
47
14
17
45
30
9
13
27
25
5
40
37
16
48
6
26
44
24
21
2
11
39
7
36
49
32
46
33
41
3
18
31
12
50
34
38
8
42
15
35
23
29
10
28
10
36
15
26
49
47
24
23
4
48
3
20
31
37
17
35
6
16
30
40
12
11
38
41
46
5
39
21
13
33
22
34
18
27
43
9
28
14
1
29
45
44
25
19
2
8
42
32
7
50
6
46
8
11
10
50
17
24
33
3
16
42
1
5
19
14
7
18
22
44
48
45
29
32
23
30
4
47
39
27
31
15
20
49
12
21
34
36
38
28
2
13
9
35
40
26
43
37
25
41
42
10
11
17
22
33
35
25
32
37
50
34
46
43
36
12
48
2
6
4
19
8
45
28
9
38
14
23
20
29
44
16
3
24
18
30
41
26
27
49
40
31
7
1
5
13
47
21
15
39
43
5
19
45
38
35
30
3
15
24
49
32
16
21
22
37
41
14
8
7
10
47
23
31
29
46
26
40
34
48
39
20
13
12
25
2
9
28
36
42
33
11
18
4
17
27
50
1
44
6
31
30
25
6
37
32
22
9
27
11
18
48
4
10
45
2
12
50
5
1
20
46
34
38
17
29
40
19
42
3
35
49
28
44
13
8
26
15
47
24
39
23
43
36
21
33
14
16
41
7
9
22
5
46
19
16
6
38
50
15
20
36
12
35
23
45
25
26
28
37
2
17
3
4
39
21
7
24
47
41
40
18
8
1
30
32
48
43
31
33
44
49
11
27
14
29
13
10
34
42
23
35
12
4
21
14
36
26
40
1
29
33
41
8
10
7
30
38
50
20
24
31
27
5
48
18
44
32
25
19
6
45
34
42
16
47
39
9
46
15
11
43
13
49
3
22
2
28
17
37
50
28
44
38
31
18
16
21
26
2
5
29
32
23
47
46
27
39
49
14
9
10
12
30
25
3
20
36
1
24
15
41
11
37
6
48
40
13
7
35
19
33
4
8
42
17
22
34
43
45
4
42
33
22
50
45
14
19
20
6
34
8
40
41
18
27
29
21
17
39
43
2
15
13
7
28
25
11
3
30
5
12
10
26
32
31
16
38
49
1
24
35
48
37
36
23
46
47
9
44
48
34
18
24
44
36
21
31
16
50
35
17
2
4
41
49
38
32
10
11
7
30
39
26
8
6
47
28
22
43
20
37
33
46
1
14
12
5
13
19
29
9
45
40
25
42
27
15
3
23
20
32
14
27
8
30
15
35
29
34
21
12
47
26
16
10
37
44
36
2
45
18
24
40
3
42
28
46
23
13
1
4
48
9
39
43
25
6
50
11
41
17
49
22
7
5
33
31
38
19
5
12
26
48
29
28
32
20
23
47
10
24
34
22
37
44
2
4
45
43
1
38
30
9
41
15
13
16
27
40
11
33
25
35
3
49
31
42
6
46
14
39
36
7
19
18
8
50
21
17
8
7
50
12
42
3
4
40
35
9
31
6
14
1
38
15
16
43
32
27
34
39
47
2
22
20
33
45
44
28
21
13
29
30
36
25
19
24
17
41
10
46
26
18
23
49
37
5
48
11
35
50
39
41
43
20
25
7
44
23
40
38
49
9
32
16
36
11
13
29
47
33
26
48
4
8
18
12
14
31
10
22
30
6
34
27
5
3
24
21
17
37
46
15
28
2
45
19
42
1
32
40
34
15
30
19
46
12
10
22
33
1
28
11
2
21
23
20
9
5
18
4
17
35
31
7
3
50
8
39
26
42
41
45
14
44
37
49
16
48
13
29
47
38
27
24
25
6
36
43
21
13
45
3
48
26
34
17
8
20
14
35
25
36
49
23
47
28
19
41
15
22
2
37
27
10
1
6
29
9
7
11
39
31
46
38
33
4
43
40
42
50
30
44
24
32
5
18
16
12
7
4
23
9
40
39
20
5
11
36
45
46
33
14
48
31
43
24
1
13
29
44
10
47
38
49
16
2
30
17
41
19
27
22
35
15
8
21
18
25
12
28
32
50
6
37
34
42
26
3
40
26
10
32
46
42
11
49
45
19
8
22
18
29
12
25
35
33
20
9
5
14
36
27
2
1
17
41
24
4
28
23
7
39
48
6
3
34
44
47
38
30
50
21
43
15
31
13
37
16
2
27
48
31
45
17
18
11
13
16
24
25
26
3
35
40
46
49
44
50
42
7
4
6
15
9
21
8
10
1
12
39
14
32
23
34
30
33
37
20
28
19
29
5
41
47
36
43
22
38
17
11
21
44
35
12
13
8
48
43
41
39
27
33
5
38
15
7
40
3
50
1
22
45
26
31
32
25
16
49
2
6
4
36
42
24
23
19
29
37
47
14
34
46
20
28
10
30
18
9
34
33
41
28
13
31
1
47
7
46
42
50
38
39
27
9
44
36
26
45
4
20
11
8
10
19
30
48
2
18
32
17
37
15
29
22
43
40
23
5
21
16
6
25
12
3
35
24
49
14
29
47
3
35
33
8
12
45
25
38
27
28
11
6
4
48
42
17
23
15
41
34
13
1
20
40
10
37
19
46
50
5
49
43
26
18
22
30
21
39
7
2
24
16
44
14
9
36
32
31
28
48
16
47
2
27
49
41
43
14
6
45
24
30
31
8
21
22
15
34
11
3
40
12
44
32
46
17
5
37
9
36
42
7
10
23
29
35
33
13
50
20
1
26
38
4
18
39
19
25
27
29
49
7
36
21
39
42
24
30
25
13
43
31
15
34
20
3
14
26
23
9
28
33
6
48
38
44
18
16
17
50
1
11
37
5
10
47
4
2
8
32
19
45
22
41
40
12
46
35
26
8
1
40
25
22
10
29
42
35
12
15
3
47
9
50
11
13
46
28
38
49
16
34
30
27
23
14
21
7
37
43
5
2
4
19
32
48
41
36
20
45
39
33
18
31
44
17
6
24
13
37
6
8
41
44
23
10
34
28
46
30
17
24
14
4
19
12
2
25
36
15
1
43
47
26
27
31
38
32
45
9
50
18
5
29
21
20
40
22
49
7
42
3
11
16
39
35
33
48
19
39
13
43
24
37
3
34
1
25
7
10
23
28
8
33
18
35
4
30
49
29
9
14
12
44
48
26
15
42
36
27
31
40
38
16
11
46
5
17
6
47
22
41
32
45
21
20
50
2
37
19
28
39
11
46
33
1
47
18
15
16
21
7
44
29
14
25
42
38
27
5
48
50
43
41
31
30
32
10
8
24
23
3
20
12
45
17
34
4
36
6
2
13
49
9
26
22
35
40
