27
20
47
25
18
40
11
50
12
44
28
4
48
46
34
36
10
31
17
19
26
13
33
39
37
24
42
3
41
14
38
8
16
43
22
45
6
29
2
23
15
1
35
30
9
21
49
7
5
32
33
38
27
42
6
41
48
2
5
31
37
14
29
18
21
39
50
45
34
32
8
35
49
16
11
43
24
20
28
26
23
30
40
4
15
7
13
25
17
12
9
22
3
10
1
46
19
44
47
36
11
44
35
10
5
25
31
4
9
7
47
19
6
50
30
17
45
27
33
22
16
12
14
41
32
23
37
18
40
34
24
38
46
20
43
39
42
21
48
26
3
8
28
2
13
36
1
49
29
15
30
2
12
3
28
29
50
45
22
49
43
18
8
44
6
31
13
19
15
23
32
40
41
11
14
36
9
16
46
4
26
1
42
47
7
33
35
10
21
20
5
37
38
17
24
34
48
25
39
27
1
18
40
21
32
23
27
16
2
17
39
26
9
25
13
28
49
34
12
31
44
43
8
20
33
11
35
5
48
15
19
3
36
50
24
10
47
45
42
38
22
41
37
6
46
7
4
14
30
29
38
45
11
33
26
49
14
32
3
41
44
47
15
17
40
22
34
30
48
35
37
2
25
23
42
7
8
9
50
19
13
21
24
6
5
36
27
16
29
10
43
18
20
12
31
39
28
4
1
46
44
42
22
13
15
4
29
46
26
8
36
40
30
12
1
18
5
23
50
16
28
48
20
19
49
35
34
43
31
21
37
25
14
41
47
11
2
27
3
6
32
38
10
24
39
17
7
9
45
33
16
23
2
30
20
48
28
18
31
21
4
11
5
8
26
24
17
35
47
45
33
36
7
3
9
12
50
15
49
22
46
29
19
25
27
42
38
39
10
32
1
34
44
14
37
43
41
40
13
6
24
31
7
18
35
38
5
36
49
27
26
44
19
20
33
6
1
47
43
21
13
39
32
42
34
28
45
22
8
2
29
46
17
48
50
41
4
37
30
14
23
12
15
9
16
25
3
11
40
10
47
14
30
2
23
9
43
37
41
12
32
3
39
26
46
13
28
29
42
33
36
6
5
21
18
27
19
10
22
31
4
11
35
38
17
50
40
1
25
16
34
24
49
7
48
44
15
45
20
8
14
3
16
37
47
10
4
22
21
29
48
49
20
40
42
41
39
46
38
8
7
27
28
13
19
45
2
33
17
12
30
44
6
18
11
26
25
32
15
9
35
36
5
43
50
1
24
23
31
34
25
15
24
34
3
11
26
44
18
39
9
21
37
38
50
1
4
42
29
46
40
23
16
7
6
47
43
49
13
45
48
10
32
28
2
22
17
14
35
8
31
27
41
19
36
20
30
33
12
5
49
16
31
20
1
43
41
33
36
32
13
23
10
48
14
42
3
5
11
24
46
25
19
17
50
4
12
38
37
44
18
26
45
34
28
9
15
7
22
39
27
21
29
47
8
40
6
2
35
30
36
6
9
43
17
5
42
30
28
26
1
37
35
19
20
47
32
15
39
49
23
3
10
18
45
13
22
29
24
25
16
40
2
21
33
46
44
41
14
7
50
48
12
31
34
38
11
27
8
4
31
21
37
29
9
2
40
6
39
5
19
46
22
24
11
43
30
48
18
12
25
32
42
15
1
14
41
7
4
20
3
47
44
23
49
35
45
50
8
36
26
16
33
34
10
27
17
38
28
13
39
17
43
5
16
34
8
15
14
10
38
7
42
45
3
19
24
1
27
6
21
41
37
49
28
22
36
4
33
35
47
48
9
12
44
13
46
18
20
31
30
25
40
11
29
2
32
50
23
26
12
8
32
50
14
7
19
13
46
42
17
31
36
15
43
30
9
41
37
47
35
21
18
10
25
33
49
34
11
38
27
2
22
5
45
28
1
44
39
3
4
40
23
29
26
6
16
48
24
20
46
39
42
36
12
24
9
48
6
13
23
25
44
32
7
3
33
40
31
18
17
19
43
22
29
37
5
27
35
8
34
49
15
10
14
1
50
2
28
45
16
26
21
20
30
11
38
41
4
47
41
9
4
23
34
13
30
28
32
14
22
2
7
42
24
26
31
10
3
40
39
37
35
29
38
25
15
1
6
47
43
50
21
17
19
20
36
11
45
44
18
5
16
48
33
12
8
46
27
49
3
24
17
49
33
15
44
27
38
40
2
20
16
13
39
11
22
9
25
42
30
50
21
36
5
34
6
35
43
23
41
28
47
29
1
37
7
8
19
48
46
10
31
32
45
4
12
26
14
18
18
41
20
1
27
6
7
43
19
33
11
5
45
34
4
32
26
8
24
10
22
16
31
44
36
39
29
13
12
50
25
42
38
35
40
17
49
23
9
30
37
15
14
28
47
48
46
3
2
21
22
43
46
19
7
1
47
14
17
45
30
9
13
27
25
5
40
37
16
48
6
26
44
24
21
2
11
39
20
36
49
32
34
33
41
3
18
31
12
50
38
4
8
42
15
35
23
29
10
28
10
36
15
26
49
47
37
23
4
48
3
43
31
29
17
35
6
16
41
39
12
11
38
25
46
5
20
21
14
33
22
34
18
13
9
40
28
24
1
27
45
30
19
44
2
8
42
32
7
50
6
46
8
11
10
50
17
24
33
3
16
42
1
2
19
14
7
18
22
44
5
45
29
32
23
30
4
47
39
27
31
15
20
49
12
21
34
36
38
28
48
35
9
13
40
26
43
37
25
41
42
10
29
17
22
31
35
25
11
37
50
34
46
43
36
12
48
33
6
4
19
8
45
28
2
38
14
23
9
5
44
16
3
24
18
30
41
26
27
49
40
32
7
1
20
13
47
21
15
39
43
5
19
45
38
35
21
3
15
24
49
32
14
16
29
37
41
6
8
7
10
47
23
31
27
46
26
40
34
48
39
20
13
22
25
2
9
28
36
42
33
11
18
4
17
30
50
1
44
12
23
30
25
6
37
32
22
9
27
11
18
48
4
10
45
2
12
50
5
1
20
49
34
38
17
29
40
19
42
3
35
31
28
44
13
8
26
15
47
24
39
46
43
36
21
33
14
16
41
7
9
22
5
46
19
16
6
38
50
15
20
36
12
35
23
45
25
26
28
37
2
17
3
4
39
21
7
24
47
41
40
18
8
1
30
32
48
43
31
33
44
49
11
27
14
29
13
10
34
42
34
35
50
4
24
12
36
26
40
1
29
33
41
21
10
7
8
38
30
20
14
31
27
5
48
18
44
32
25
11
6
45
23
42
16
47
39
9
46
15
19
43
13
49
3
22
2
28
17
37
50
28
44
38
31
18
16
21
37
2
5
29
32
23
47
46
27
39
49
14
9
10
12
30
26
3
25
36
1
24
15
41
11
40
6
48
20
13
7
35
17
33
4
8
42
19
22
34
43
45
4
25
33
22
50
14
2
19
45
6
34
8
40
41
18
27
29
21
7
36
43
28
15
46
13
17
39
11
3
30
5
12
10
26
32
31
16
38
49
1
24
42
48
37
35
23
20
47
9
44
48
34
18
24
44
36
1
31
16
50
35
17
2
4
22
49
38
32
10
11
41
30
39
26
8
6
47
28
7
43
20
37
33
46
21
14
12
5
13
19
29
9
45
40
25
42
27
15
3
23
20
32
14
27
8
26
15
35
29
34
21
12
47
49
16
10
37
44
36
2
45
18
30
40
3
42
28
46
23
13
1
4
48
9
39
43
24
6
50
11
41
17
25
22
7
5
33
31
38
19
5
12
26
48
11
28
32
20
23
47
10
24
34
22
37
44
2
4
45
43
1
38
50
9
41
15
13
30
27
40
33
7
25
16
3
49
31
42
6
46
14
39
36
35
19
18
29
8
21
17
8
7
36
14
42
3
24
40
35
9
31
6
50
1
38
15
16
43
26
27
34
46
47
2
22
20
33
45
21
28
10
13
39
30
29
4
19
12
32
41
25
44
17
18
23
49
37
5
48
11
35
50
39
41
43
20
25
7
44
23
40
38
49
9
32
16
36
11
13
17
47
33
26
48
31
8
18
12
29
6
14
22
30
37
34
27
5
4
24
21
2
3
46
15
28
10
45
19
42
1
32
40
34
15
30
19
46
12
10
22
33
1
28
11
2
21
23
20
9
5
31
4
17
14
7
48
3
50
26
39
42
35
41
45
8
44
37
49
16
18
13
29
47
38
27
24
25
6
36
43
21
13
45
12
48
30
34
17
8
20
14
35
25
36
49
23
47
28
19
41
15
22
2
37
40
10
1
6
44
9
7
43
4
27
46
38
33
3
11
29
42
50
26
39
5
32
31
18
16
24
7
4
23
9
40
39
20
5
1
36
45
41
33
14
48
38
43
24
21
13
29
44
46
47
10
49
16
2
30
17
11
19
27
31
35
15
8
22
18
25
12
28
32
50
6
37
34
42
26
3
40
26
10
32
46
42
38
49
30
19
8
22
18
33
12
25
35
2
20
9
24
14
36
27
4
1
17
41
45
29
28
23
7
39
48
6
3
34
44
47
11
31
50
21
43
15
5
13
37
16
2
27
48
31
45
17
18
11
20
16
24
13
26
3
35
40
46
49
44
50
42
7
4
6
15
9
21
8
10
1
12
39
29
32
23
25
14
33
37
34
28
19
30
5
41
47
36
43
22
38
17
11
38
44
29
33
13
8
48
43
41
39
27
47
5
20
15
7
40
3
50
1
22
45
35
31
32
25
16
49
2
6
12
36
42
24
23
19
26
37
21
14
34
46
4
28
10
30
18
9
37
33
41
28
21
22
45
47
7
46
42
50
38
39
27
9
44
36
1
29
4
20
11
8
16
19
30
48
2
18
32
17
26
15
31
34
43
40
23
5
10
13
6
25
12
3
35
24
49
14
29
47
21
35
4
45
12
39
25
38
27
28
11
6
41
48
42
17
23
15
3
34
13
1
20
40
10
37
19
46
50
33
49
8
26
18
22
30
5
43
7
2
24
16
44
14
9
36
32
31
28
48
3
16
2
27
49
41
43
4
6
45
24
30
31
8
21
22
14
34
11
42
40
12
44
32
46
17
15
37
9
36
5
7
10
23
29
35
33
13
47
20
1
26
38
50
18
39
19
25
19
29
49
7
36
21
39
42
13
30
25
15
43
31
28
34
20
3
32
26
48
9
6
33
24
50
38
44
18
16
17
14
1
11
37
5
10
47
4
2
8
23
27
45
22
41
40
12
46
35
26
49
1
47
25
8
10
29
42
35
12
27
3
37
9
50
11
13
46
28
38
15
24
34
30
16
23
14
36
7
21
5
43
2
4
19
32
48
41
40
20
45
39
33
18
31
44
17
6
22
13
37
6
8
41
44
23
10
34
28
46
30
17
5
15
4
19
12
2
25
18
24
1
43
47
26
27
31
38
32
45
9
50
14
36
29
21
20
40
22
49
7
42
3
11
16
39
35
33
48
15
1
13
40
39
37
3
34
24
25
7
10
23
28
8
33
18
14
4
30
49
29
9
35
12
44
48
26
5
42
36
27
31
19
38
16
11
46
43
17
6
47
22
41
32
45
21
20
50
2
45
19
28
39
13
46
33
1
47
18
15
16
21
7
44
29
14
25
35
38
27
5
48
50
43
41
31
42
32
10
8
24
37
3
20
12
30
17
34
4
36
6
2
23
49
9
26
22
11
40
