41
20
47
25
18
40
27
50
12
44
28
4
48
46
34
36
10
31
14
19
26
13
33
39
37
24
42
3
45
43
38
8
16
35
22
11
6
29
2
23
15
1
17
30
9
21
49
7
5
32
33
50
27
42
6
41
48
2
5
31
37
43
29
18
21
39
17
45
34
12
8
35
49
16
11
28
24
20
14
26
23
30
40
4
15
7
13
3
32
9
25
22
38
10
1
46
19
44
47
36
11
44
35
10
5
25
31
4
9
7
43
19
6
50
30
17
45
27
33
22
16
12
14
41
32
23
37
18
40
34
47
38
46
20
21
39
42
24
48
26
3
8
28
2
13
36
1
49
29
15
30
2
36
12
28
29
50
45
22
49
15
18
8
44
6
31
33
19
26
23
32
40
41
11
14
34
9
16
46
20
21
1
43
47
24
13
35
10
7
42
5
37
3
17
38
4
48
25
39
27
1
18
40
21
32
23
45
16
2
37
39
26
9
25
13
28
49
34
12
31
44
43
8
20
33
11
35
24
48
22
19
3
36
50
5
10
47
15
42
38
17
41
27
6
46
7
4
14
30
29
38
45
7
33
26
49
6
32
11
41
44
47
15
17
40
22
34
30
48
35
14
2
25
23
19
3
8
9
50
5
13
21
24
37
42
36
27
16
29
10
43
18
20
12
31
39
28
4
1
46
44
42
22
13
15
14
29
46
4
8
36
50
11
26
1
18
5
23
35
16
28
48
20
19
49
17
34
43
31
21
10
25
12
41
47
40
2
27
3
6
32
38
37
24
39
30
7
9
45
33
16
23
2
30
22
48
28
18
31
21
4
11
5
45
26
24
8
20
47
17
33
36
7
3
35
12
50
15
49
14
46
29
19
25
27
42
38
39
10
32
1
34
44
9
37
43
41
40
13
6
24
31
16
18
7
38
5
36
49
27
26
44
19
20
33
6
1
47
43
21
13
23
32
42
34
35
45
22
8
2
29
46
17
48
50
41
4
37
30
14
9
12
15
39
28
25
3
11
40
10
47
14
30
2
23
9
43
37
41
12
32
3
39
16
46
13
28
29
7
33
36
42
5
21
18
27
19
10
26
11
4
49
35
38
17
50
40
1
25
34
22
24
6
31
48
44
15
45
20
8
14
3
4
37
47
10
9
22
21
29
48
49
20
40
28
41
39
46
38
8
18
27
42
13
7
45
2
33
17
12
30
44
6
16
11
26
25
32
15
19
35
36
5
43
50
1
24
23
31
34
19
15
24
34
3
11
26
44
18
39
9
21
37
38
50
1
4
42
29
13
40
49
46
7
6
47
43
23
36
45
48
10
32
28
2
25
17
22
35
8
31
27
41
14
16
20
30
33
12
5
49
16
31
20
1
43
41
35
36
32
13
23
10
48
15
42
3
5
21
24
46
25
19
17
9
50
12
38
37
44
18
26
45
34
28
33
14
7
22
39
27
4
29
47
8
40
6
2
11
30
36
6
9
43
17
5
42
30
26
3
1
37
35
19
20
47
32
15
41
49
31
39
24
18
45
13
22
29
28
25
16
40
2
21
33
46
44
4
14
7
50
48
10
23
34
38
11
27
8
12
45
21
37
29
9
2
40
6
39
5
19
27
22
12
11
43
36
48
18
46
25
32
16
15
1
14
41
7
4
49
3
47
44
23
31
35
30
50
8
20
26
42
33
34
24
10
17
38
28
13
13
17
43
5
16
34
47
15
14
10
38
7
42
8
3
19
24
1
39
6
21
41
37
49
28
22
36
4
33
35
45
48
9
12
44
27
46
18
20
31
30
25
40
11
29
2
32
50
23
26
12
8
32
50
14
7
19
13
46
42
17
31
36
15
43
30
9
41
37
47
35
21
18
10
25
33
49
34
11
38
27
2
22
5
45
28
1
44
39
3
4
40
23
29
26
6
16
48
24
20
46
49
42
14
12
24
37
48
6
36
23
25
44
32
7
3
13
40
31
18
17
19
28
22
29
16
5
27
35
8
34
33
15
10
9
1
50
2
43
45
39
26
21
20
30
11
38
41
4
47
31
9
50
23
34
13
38
28
32
4
22
2
7
42
24
26
30
10
3
41
39
37
35
29
40
25
15
49
6
47
43
14
21
17
19
20
36
11
45
44
18
5
16
48
33
12
8
46
27
1
3
24
17
49
35
15
44
27
38
40
2
41
16
13
39
11
22
9
25
42
30
50
21
36
5
4
6
1
43
23
33
28
47
29
7
37
20
8
19
48
46
10
31
32
45
34
12
26
14
18
18
41
20
1
27
6
7
43
19
33
11
5
45
34
4
32
26
8
24
10
22
16
31
44
36
39
29
13
12
50
25
42
38
14
40
17
49
23
9
30
37
15
35
28
47
48
46
3
2
21
22
43
46
19
4
1
20
14
17
45
47
9
13
27
25
5
40
37
16
48
6
26
44
24
21
2
11
39
7
36
49
32
34
33
41
3
18
31
12
50
38
30
8
42
15
35
23
29
10
28
10
36
15
26
49
47
4
23
24
48
3
14
31
37
17
35
6
16
42
40
12
11
38
25
46
5
39
21
20
33
22
34
18
13
43
9
28
41
1
27
45
44
30
19
2
8
29
32
7
50
6
46
8
11
10
50
17
24
33
13
16
42
1
2
19
14
7
18
22
44
5
45
29
32
23
30
4
47
39
27
31
15
20
49
12
21
34
36
38
28
48
3
9
35
40
26
43
37
25
41
42
10
29
17
11
22
35
25
37
23
50
34
46
43
36
12
48
33
6
4
19
8
45
28
2
38
14
5
9
31
44
16
3
24
18
30
41
26
27
49
40
32
7
1
20
13
47
21
15
39
43
5
19
45
38
35
14
3
15
24
21
32
30
29
42
37
41
6
8
7
10
47
23
31
16
46
26
40
34
48
39
20
13
22
25
2
9
28
36
12
33
11
18
4
17
27
50
1
44
49
39
30
25
6
37
32
22
9
27
11
18
48
4
10
49
2
12
50
5
1
20
46
34
38
17
29
40
19
42
3
35
31
28
44
13
8
26
45
47
24
23
16
43
36
21
33
14
15
41
7
9
22
5
46
19
16
24
38
50
15
20
36
12
6
23
45
25
26
28
37
2
17
3
4
39
21
7
35
47
41
40
18
8
1
30
32
48
43
31
33
44
49
11
27
14
29
13
10
34
42
8
35
11
4
21
12
36
26
40
1
29
33
41
24
10
7
50
38
30
20
23
31
27
5
48
18
44
32
25
19
6
45
14
42
16
47
39
9
46
15
34
43
13
49
3
22
2
28
17
37
50
28
44
38
31
18
16
20
3
2
5
29
32
23
47
46
27
39
49
14
9
10
12
30
26
37
25
36
1
24
15
41
11
40
6
48
7
13
21
35
19
33
4
8
42
17
22
34
43
45
4
25
33
22
50
45
2
19
20
6
34
8
40
41
14
27
29
21
17
39
43
28
15
46
13
7
18
11
3
30
5
12
10
26
32
31
16
38
49
1
24
35
48
37
36
23
42
47
9
44
48
34
18
24
44
36
21
31
16
50
35
17
2
4
22
49
38
32
10
11
7
30
39
26
8
6
47
28
41
15
20
37
33
46
1
14
12
5
13
43
29
9
45
40
25
42
27
19
3
23
20
32
14
27
8
26
15
21
29
34
49
12
47
35
16
10
37
44
36
2
45
18
30
40
3
42
28
46
23
13
1
4
48
9
39
43
24
6
50
11
41
17
25
22
7
5
33
31
38
19
5
12
26
48
33
28
32
40
23
47
10
24
34
22
37
44
2
4
45
43
1
38
50
9
41
15
13
30
27
29
11
35
42
8
3
49
31
25
6
46
14
39
36
7
19
18
20
16
21
17
25
7
21
36
29
3
8
17
35
9
31
6
50
1
38
15
16
43
32
27
34
44
47
2
22
20
33
45
24
40
26
13
39
30
14
4
19
42
28
41
10
46
12
18
23
49
37
5
48
11
35
1
39
41
43
20
25
7
44
17
40
38
49
9
18
16
31
11
13
32
47
33
26
48
50
8
3
12
29
28
37
22
30
27
34
6
5
14
24
21
2
23
46
15
10
19
45
36
42
4
32
40
34
15
30
19
46
12
10
26
33
1
28
11
2
21
23
14
9
5
3
4
17
35
31
48
20
50
22
39
42
7
41
45
8
44
37
49
16
18
13
29
47
38
27
24
25
6
36
43
21
13
45
3
48
30
34
39
8
20
14
35
25
36
41
23
47
28
19
29
15
22
2
37
27
10
1
6
5
9
7
11
26
43
46
38
33
12
17
40
42
50
49
44
4
32
31
18
16
24
7
4
23
9
40
39
11
5
13
22
45
46
33
14
48
38
43
24
1
36
29
20
10
47
44
49
16
2
30
17
41
19
27
31
35
15
8
21
18
25
12
28
32
50
6
37
34
42
26
3
40
26
10
32
46
42
30
49
45
19
8
22
18
33
12
25
35
2
20
9
24
14
36
27
4
1
17
41
38
6
28
23
7
39
48
29
3
34
44
47
11
31
50
21
43
15
5
13
37
16
2
27
48
31
13
17
18
11
30
16
24
20
26
3
35
40
46
49
44
50
42
7
4
6
15
9
21
8
10
1
12
39
25
32
23
34
45
33
37
29
28
19
14
5
41
47
36
43
22
38
17
11
12
44
42
33
13
8
48
43
41
39
27
47
5
20
15
7
40
3
50
1
22
45
38
31
32
25
16
4
2
6
29
36
49
24
23
19
26
37
21
14
34
46
35
28
10
30
18
9
34
33
41
28
20
31
1
47
7
46
42
13
38
39
27
9
44
36
50
45
4
6
11
8
10
19
30
48
2
18
32
17
37
15
29
22
43
40
23
5
16
21
26
25
12
3
35
24
49
14
29
47
3
35
39
4
12
33
25
38
27
28
43
21
45
48
42
17
23
15
41
34
13
1
20
40
10
37
19
46
50
5
49
6
26
18
22
30
11
36
7
2
24
16
44
14
9
8
32
31
28
48
38
16
2
27
49
41
43
14
6
45
24
30
31
8
21
22
15
34
11
3
40
12
42
32
46
17
44
37
9
36
4
7
10
23
29
35
33
13
47
20
1
26
5
50
18
39
19
25
23
29
49
7
36
21
39
42
28
30
25
15
14
31
32
34
20
3
27
26
48
9
6
33
24
43
38
44
18
16
17
50
1
11
37
5
10
47
4
2
8
13
19
45
22
41
40
12
46
35
26
38
1
47
25
8
10
29
42
35
12
40
3
49
9
50
11
13
46
28
37
15
43
34
30
36
23
14
21
7
24
27
5
2
4
19
32
48
41
16
20
45
39
33
18
31
44
17
6
22
15
37
6
8
41
44
23
10
34
28
46
30
17
5
29
4
19
12
2
25
38
24
1
43
47
26
27
31
13
32
14
9
50
18
36
45
21
20
40
22
49
7
42
3
11
16
39
35
33
48
27
39
13
40
24
37
3
34
1
25
7
10
23
28
8
33
18
35
4
30
49
29
9
14
12
44
48
26
15
42
36
43
31
19
38
16
11
46
5
17
6
47
22
41
32
45
21
20
50
2
37
19
28
39
45
46
33
1
47
18
30
16
21
7
44
29
14
25
11
38
27
5
48
50
43
41
31
42
32
10
8
24
23
3
20
12
15
17
34
4
36
6
2
13
49
9
26
22
35
40
