41
20
47
25
18
40
27
50
12
44
28
4
48
46
34
36
10
31
15
19
26
13
33
39
37
24
42
3
45
11
38
8
16
43
14
22
6
29
2
23
17
1
35
30
9
21
49
7
5
32
33
38
27
42
6
41
48
2
5
31
37
43
29
18
21
39
50
45
34
12
8
35
49
16
11
28
24
20
14
26
23
30
40
4
15
7
13
3
32
36
9
22
25
10
1
46
19
44
47
17
11
44
35
10
5
46
31
4
9
50
43
19
6
21
30
17
45
27
33
22
16
12
14
41
32
23
37
18
40
34
47
38
25
20
24
39
42
7
48
26
3
8
28
2
13
36
1
49
29
15
30
2
7
12
28
29
50
45
22
49
15
18
8
44
6
20
33
19
26
23
32
40
41
11
14
36
9
16
46
31
24
1
4
47
43
13
35
10
21
42
5
3
37
17
38
34
48
25
39
27
1
18
40
21
32
23
45
16
2
37
39
26
9
25
13
28
49
34
12
31
44
43
8
20
33
11
35
24
48
22
19
3
36
50
5
10
47
15
42
27
38
41
17
6
46
7
4
14
30
29
38
45
2
33
26
49
11
32
3
41
44
47
15
17
40
22
34
30
48
35
14
6
25
23
7
37
8
9
50
5
13
21
24
19
42
36
27
16
29
10
43
18
20
12
31
39
28
4
1
46
44
10
22
13
15
4
29
46
26
8
36
14
11
35
1
18
5
23
17
16
28
48
20
19
49
50
34
43
31
21
42
25
12
41
47
40
2
27
3
6
32
37
38
24
39
30
7
9
45
33
16
23
20
30
22
48
28
18
31
21
4
11
5
45
26
24
8
2
47
17
33
36
7
3
9
12
50
15
49
14
46
29
19
25
27
42
38
39
10
32
1
34
44
35
37
43
41
40
13
6
24
31
16
18
39
38
5
36
49
27
26
44
19
20
33
6
1
47
43
21
13
28
32
42
34
48
45
22
7
2
29
46
17
8
50
41
4
37
30
14
23
12
15
9
35
25
3
11
40
10
47
14
30
2
23
9
43
37
41
12
32
3
39
26
46
31
28
29
11
33
36
49
5
21
18
34
19
42
13
40
4
27
35
38
17
50
10
1
25
16
22
24
6
7
48
44
15
45
20
8
14
3
1
37
47
10
9
22
21
29
48
49
20
40
28
41
39
46
38
8
7
27
42
13
4
45
2
33
17
12
30
44
6
16
11
26
25
32
15
18
35
36
5
43
50
19
24
23
31
34
25
15
24
34
3
11
26
44
4
39
9
21
37
38
50
1
46
42
14
36
40
23
18
7
13
47
43
5
29
45
48
10
32
28
2
49
17
6
35
8
31
27
41
19
16
20
30
33
12
22
49
16
31
20
1
43
41
39
36
32
13
23
10
48
15
42
3
5
35
24
46
25
19
17
50
4
12
38
37
44
18
26
45
34
28
33
7
14
22
9
27
21
29
47
8
40
6
2
11
30
36
6
9
43
17
5
42
30
28
26
1
37
35
19
20
47
32
15
50
49
23
3
10
18
45
13
22
29
41
25
16
40
2
21
33
46
44
12
14
7
39
48
27
31
34
38
11
8
24
4
15
21
37
29
9
2
40
6
39
5
19
27
22
16
11
43
31
48
18
45
25
32
30
46
1
14
41
7
4
20
3
47
42
23
49
35
24
50
8
12
26
44
33
34
36
10
17
38
28
13
8
17
43
5
16
34
47
15
14
10
38
7
42
50
3
19
24
1
39
6
21
41
37
49
28
22
36
4
33
35
45
48
9
13
44
12
46
18
20
31
30
25
40
11
29
2
32
27
23
26
12
25
32
50
14
7
19
13
46
42
17
31
36
15
18
30
9
41
37
47
35
21
24
10
38
33
49
34
11
43
27
2
22
5
45
28
1
44
39
3
4
40
23
29
26
6
16
48
8
20
46
49
42
22
12
24
37
48
6
13
23
20
44
32
7
3
36
40
31
18
17
19
43
14
29
16
5
27
35
8
34
33
15
10
9
1
50
2
28
45
25
26
21
39
30
11
38
41
4
47
31
9
50
23
34
13
38
28
32
4
22
2
7
42
24
26
30
10
3
41
39
37
35
29
40
25
15
49
6
47
43
14
21
17
19
20
36
11
45
44
18
5
16
48
33
12
8
46
27
1
3
24
17
49
4
15
44
27
38
40
2
41
16
13
39
11
22
9
25
42
30
50
21
36
5
35
6
1
43
23
33
28
47
29
7
37
20
8
19
34
46
10
31
32
45
48
12
26
14
18
18
41
46
1
27
6
7
43
19
33
11
5
45
34
42
32
26
8
24
10
22
16
31
44
36
39
29
13
12
50
25
35
38
48
40
17
49
23
9
30
37
15
14
28
47
4
20
3
2
21
22
43
38
19
7
1
30
14
17
45
47
9
13
27
25
5
40
37
16
48
6
26
44
24
21
2
11
39
20
36
49
32
46
33
41
3
18
31
12
50
34
4
8
42
15
35
23
29
10
28
10
36
15
26
49
47
4
23
20
48
3
13
31
37
17
35
6
16
41
40
12
11
38
25
46
5
39
21
44
33
22
34
18
27
29
9
28
24
1
43
45
30
19
14
2
8
42
32
7
50
6
46
8
11
10
50
17
24
33
3
16
42
1
2
19
14
7
18
22
44
5
45
29
32
23
30
4
47
39
27
31
15
20
49
12
21
34
36
38
28
48
35
9
13
40
26
43
37
25
41
42
47
11
17
29
31
35
25
37
22
50
34
46
43
36
12
48
33
6
4
19
8
45
28
2
38
14
23
9
10
44
16
3
24
18
30
41
26
27
49
40
32
7
1
20
13
5
21
15
39
43
5
19
45
38
35
6
3
15
24
21
32
30
49
14
37
41
20
8
7
10
47
23
31
16
46
26
40
34
48
39
42
13
22
25
2
9
28
36
29
33
11
18
4
17
27
50
1
44
12
23
30
25
6
37
32
22
9
27
11
18
48
4
10
49
2
12
50
5
1
20
39
34
38
17
29
40
19
42
3
35
31
28
44
13
8
26
45
47
24
16
46
43
36
21
33
14
15
41
7
9
22
5
46
24
16
8
38
50
15
20
36
12
6
23
45
25
26
28
37
2
17
3
4
39
21
7
35
47
41
40
18
44
1
30
32
48
43
31
33
19
49
11
27
14
29
13
10
34
42
34
35
12
4
11
14
36
26
40
1
29
33
41
8
10
7
21
38
30
20
24
31
27
5
48
18
44
32
25
19
6
45
23
42
16
47
39
9
46
15
50
43
13
49
3
22
2
28
17
37
50
28
44
38
31
26
16
20
18
2
5
29
32
23
47
46
27
39
49
14
9
10
12
30
19
3
25
36
1
24
15
41
11
37
6
48
40
13
7
35
21
33
4
8
42
17
22
34
43
45
4
42
33
36
50
18
14
19
45
6
34
8
40
41
22
27
29
21
7
39
43
2
15
35
25
17
20
11
3
30
5
12
10
26
32
31
16
38
49
1
24
13
48
37
28
23
46
47
9
44
48
34
18
24
44
36
1
31
16
7
35
17
2
4
43
49
38
32
10
11
41
30
39
26
8
6
47
28
21
15
20
37
33
46
22
14
12
5
13
19
29
9
45
40
25
42
27
50
3
23
20
32
14
27
8
25
15
35
24
34
49
12
47
29
16
10
37
44
36
2
45
18
6
40
26
42
28
46
23
13
1
4
48
9
39
43
30
21
50
11
41
17
3
22
7
5
33
31
38
19
5
12
26
48
35
28
32
33
23
17
10
24
34
22
37
44
2
4
45
43
1
38
50
9
41
15
13
30
27
29
11
7
8
40
3
25
31
42
6
46
14
39
36
20
19
18
47
16
21
49
39
7
29
14
21
3
24
40
35
9
31
6
50
1
38
15
16
43
32
27
34
46
47
2
22
20
33
45
36
28
10
13
26
30
8
4
19
25
17
41
44
42
12
18
23
49
37
5
48
11
35
50
39
41
43
20
25
7
44
23
40
38
49
9
29
16
17
11
13
32
47
33
26
48
3
8
18
12
28
6
37
22
30
14
34
27
5
4
24
21
2
31
46
15
10
1
45
19
42
36
32
40
34
15
30
19
46
12
10
14
33
1
28
11
2
21
23
35
9
5
18
4
17
22
42
7
3
50
8
39
26
20
41
45
31
44
37
49
16
48
13
29
47
38
27
24
25
6
36
43
21
13
45
3
48
30
34
17
8
20
14
35
25
36
4
23
47
28
19
29
15
22
2
37
27
10
1
6
26
9
7
11
39
12
46
38
33
41
43
40
42
50
49
44
5
32
31
18
16
24
7
4
23
9
40
39
21
5
11
36
45
25
33
14
48
13
43
24
1
38
29
44
46
47
10
49
16
2
30
17
41
19
27
31
35
15
8
22
18
20
12
28
32
50
6
37
34
42
26
3
40
26
10
32
46
42
2
49
30
19
8
22
18
33
12
25
35
6
20
9
31
14
36
27
24
1
17
41
5
4
28
23
7
39
48
45
3
34
44
47
11
38
50
21
43
15
29
13
37
16
2
27
48
31
20
17
18
11
29
16
24
46
26
3
35
40
13
49
44
50
42
7
4
6
15
9
21
8
10
1
12
39
14
32
23
34
45
33
37
25
28
19
30
5
41
47
36
43
22
38
17
11
21
44
42
33
13
8
48
43
41
39
27
12
5
38
15
7
40
3
50
20
22
45
35
31
32
25
16
49
2
6
29
36
1
24
23
19
26
37
47
14
34
46
4
28
10
30
18
9
37
33
41
28
45
22
20
47
7
46
42
50
38
39
27
9
44
36
29
13
4
1
11
8
31
19
30
48
2
18
32
17
34
15
21
6
43
40
23
5
10
16
26
25
12
3
35
24
49
14
29
8
4
35
33
45
12
21
25
38
27
28
43
47
41
48
42
17
23
15
3
34
13
1
20
40
10
37
19
46
50
5
49
6
26
18
22
30
11
39
7
2
24
16
44
14
9
36
32
31
28
48
3
16
2
27
49
41
43
47
6
45
14
30
31
8
4
22
21
34
11
42
40
12
44
32
46
17
38
37
9
36
5
7
10
23
29
35
33
13
15
20
1
26
24
50
18
39
19
25
19
29
49
7
36
21
39
42
13
30
25
15
24
31
32
34
20
3
27
26
48
9
28
33
6
43
38
44
18
16
17
50
1
11
37
5
14
47
4
2
8
23
10
45
22
41
40
12
46
35
26
1
36
47
25
8
10
29
42
35
12
40
3
24
9
50
11
13
46
28
37
15
16
34
30
27
23
14
22
7
21
49
43
2
4
19
32
48
41
38
20
45
39
33
18
31
44
17
6
5
13
37
6
8
41
44
23
10
34
28
46
30
17
5
45
4
19
12
2
25
38
24
1
43
47
26
27
31
15
32
14
9
50
18
36
29
21
20
40
22
49
7
42
3
11
16
39
35
33
48
27
39
13
40
19
37
3
34
1
25
7
10
23
28
8
33
18
14
4
30
49
29
9
15
12
44
48
26
24
42
36
43
31
35
38
16
11
46
5
17
6
47
22
41
32
45
21
20
50
2
45
19
28
39
13
12
33
1
47
18
30
16
21
7
44
29
14
25
42
46
27
5
48
50
43
41
31
10
32
38
8
24
37
3
20
11
15
17
34
4
36
6
2
23
49
9
26
22
35
40
