41
20
47
25
18
40
45
35
12
44
28
4
48
46
34
36
10
31
17
19
26
13
33
39
37
50
42
3
14
15
38
8
16
43
24
22
6
29
2
23
11
1
27
30
9
21
49
7
5
32
33
25
27
42
6
41
48
2
5
31
37
14
29
18
21
39
50
45
34
32
8
35
49
16
11
28
24
20
38
26
23
30
40
4
15
7
13
12
17
43
9
22
3
10
1
46
19
44
47
36
11
44
35
10
5
46
31
4
9
50
30
19
6
47
41
17
45
27
33
22
16
12
14
25
32
23
37
18
40
34
24
38
43
20
7
39
42
21
48
26
3
8
28
2
13
36
1
49
29
15
30
2
12
3
28
29
50
33
22
49
43
18
8
44
6
13
4
19
15
23
32
40
41
11
14
24
9
16
46
20
21
1
37
47
31
45
35
10
7
42
5
38
26
17
36
34
48
25
39
27
1
18
40
21
45
23
27
16
2
17
39
26
9
25
13
28
49
34
12
31
44
43
8
20
33
11
35
22
48
6
19
3
36
50
5
10
47
24
42
38
15
41
37
32
46
7
4
14
30
29
38
45
7
33
26
49
2
32
11
41
44
47
15
17
40
22
34
30
48
35
14
3
25
23
19
37
8
9
50
5
13
21
24
6
42
36
27
16
29
10
43
18
20
12
31
39
28
4
1
46
44
42
22
13
15
14
29
46
26
8
36
50
11
24
1
18
5
23
35
16
28
48
30
19
49
17
34
43
31
21
37
25
12
41
47
40
2
27
3
6
32
4
38
20
39
10
7
9
45
33
16
23
2
30
35
48
28
18
31
21
4
11
5
8
26
24
17
20
47
45
33
36
7
3
9
12
50
15
49
22
46
29
19
25
27
42
38
39
10
32
1
34
44
14
37
43
41
40
13
6
24
31
16
18
39
38
5
36
49
27
26
44
19
20
33
6
1
47
43
21
13
28
32
42
34
35
45
23
7
2
29
46
17
48
50
41
4
37
30
14
22
12
15
9
8
25
3
11
40
10
47
14
30
2
23
9
43
37
41
12
32
3
39
16
46
31
28
29
26
33
7
6
5
21
18
27
19
10
22
11
4
42
35
38
17
50
36
1
25
40
34
24
49
13
48
44
15
45
20
8
14
3
4
37
47
10
9
22
21
29
48
49
20
40
42
41
39
46
38
8
19
27
28
13
7
45
2
33
17
12
30
44
6
16
11
26
25
32
15
18
35
36
5
43
50
1
24
23
31
34
19
15
24
34
3
11
26
44
18
39
9
21
37
38
50
1
36
42
14
29
40
23
46
7
4
47
43
49
13
45
16
10
32
28
2
25
17
48
35
8
31
27
41
6
5
20
30
33
12
22
49
16
31
20
1
43
41
39
36
32
13
23
10
48
8
42
3
5
29
24
46
25
19
17
50
4
12
38
37
44
18
26
45
34
28
33
15
7
22
9
27
21
14
47
35
40
6
2
11
30
36
6
9
12
17
5
42
30
28
26
1
37
35
19
20
47
32
15
41
49
23
39
16
18
45
13
22
29
8
25
33
40
2
21
43
46
44
3
14
7
50
48
10
31
34
38
11
27
24
4
20
21
37
29
9
2
40
10
39
5
19
27
22
45
11
43
46
48
18
12
25
32
6
15
1
14
41
7
4
31
3
47
42
23
49
35
24
50
8
36
26
44
33
34
16
30
17
38
28
13
13
17
43
5
16
34
47
15
14
10
38
7
42
50
3
19
24
1
39
6
21
41
37
49
28
22
36
4
33
35
45
48
9
12
44
27
46
18
20
31
30
25
40
11
29
2
32
8
23
26
12
24
32
50
14
7
19
13
46
42
17
31
36
15
43
30
9
41
37
47
35
21
18
10
25
33
49
34
11
38
27
2
22
5
45
28
1
44
39
3
4
40
23
29
26
6
16
48
8
20
46
49
42
1
12
24
14
48
6
37
23
13
44
32
7
3
33
40
31
18
17
19
20
22
38
16
5
27
35
8
34
43
15
10
36
9
50
2
28
45
25
26
21
39
30
11
29
41
4
47
31
9
36
23
34
13
8
28
32
4
22
2
7
42
24
26
30
10
3
41
39
37
35
29
40
25
15
1
6
47
43
50
21
17
19
20
14
11
45
44
18
5
16
48
33
12
38
46
27
49
3
1
17
49
32
15
44
27
38
40
2
41
50
13
39
11
22
9
25
42
30
20
21
36
5
34
6
35
43
23
48
28
47
29
33
37
7
8
19
16
46
10
31
24
45
4
12
26
14
18
18
41
20
14
27
6
7
43
19
33
11
5
45
34
4
32
26
8
24
10
22
16
31
44
36
39
29
42
12
50
25
35
38
13
40
1
49
23
9
30
37
15
17
28
47
48
46
3
2
21
22
43
46
19
7
1
4
14
17
45
47
9
30
27
25
5
40
37
16
48
6
26
44
24
21
2
11
39
20
36
49
32
34
33
41
3
18
31
12
50
38
13
8
42
15
35
23
29
10
28
10
36
15
26
49
47
24
23
20
48
3
43
31
29
17
35
6
16
27
40
12
11
38
41
46
5
39
21
44
33
22
34
18
37
9
4
28
14
1
25
45
42
30
19
2
8
13
32
7
50
6
46
8
11
10
50
17
24
33
13
16
42
1
2
19
14
7
18
22
44
5
45
29
32
23
30
4
47
39
27
31
15
20
49
12
21
34
36
38
28
48
3
9
35
40
26
43
37
25
41
42
10
11
17
22
33
35
25
29
23
50
34
46
43
36
12
48
2
6
4
37
8
45
28
31
38
14
5
9
19
44
16
3
24
18
30
41
26
27
49
40
32
7
1
20
13
47
21
15
39
43
5
19
45
38
35
30
3
15
24
21
32
14
49
16
37
41
6
8
7
10
47
23
31
42
46
26
40
34
48
39
20
13
22
25
2
9
28
36
29
33
11
18
4
17
27
50
1
44
12
23
30
25
6
37
32
22
9
27
11
18
48
4
10
49
2
12
50
5
1
20
46
34
38
17
29
40
19
42
3
35
31
28
44
13
8
26
45
47
24
39
16
43
36
21
33
14
15
41
7
9
22
5
46
13
16
6
38
50
15
20
36
12
35
23
45
25
26
28
37
2
17
3
4
39
21
7
24
47
41
40
18
44
1
30
32
48
43
31
33
19
49
11
27
14
29
8
10
34
42
34
35
50
4
19
8
36
26
40
1
29
33
41
12
10
7
11
38
30
20
24
31
27
5
48
18
44
32
25
14
6
45
23
42
16
47
39
9
46
15
21
43
13
49
3
22
2
28
17
37
50
28
44
38
31
25
16
20
37
2
5
29
32
23
47
46
27
39
49
14
9
10
12
30
26
7
3
36
1
24
15
41
11
18
6
48
40
13
21
35
17
33
4
8
42
19
22
34
43
45
4
39
33
22
50
18
20
19
45
6
34
8
40
41
14
27
29
21
7
17
43
2
15
46
13
36
25
11
3
30
5
12
10
26
32
31
16
38
49
1
24
35
48
37
28
23
42
47
9
44
48
34
18
24
44
36
1
31
16
7
35
17
2
4
22
49
38
32
10
11
15
30
39
26
8
6
47
28
41
43
20
37
33
46
21
14
12
5
13
19
29
9
45
40
25
42
27
50
3
23
25
32
14
27
8
30
15
21
3
34
49
12
47
26
29
10
37
44
36
2
45
18
24
40
16
42
28
46
23
13
1
4
48
9
39
43
20
6
50
11
41
17
35
22
7
5
33
31
38
19
5
12
26
48
29
28
32
50
23
47
10
24
34
22
37
44
2
4
45
43
1
38
42
9
41
15
13
30
27
40
11
33
8
35
3
49
31
25
6
46
14
39
36
7
19
18
20
16
21
17
8
7
29
36
25
3
21
40
35
9
31
6
24
1
38
15
16
43
50
27
34
44
47
2
22
20
33
45
28
4
26
13
39
30
14
17
19
42
32
41
10
46
12
18
23
49
37
5
48
11
35
50
39
41
43
20
25
7
44
3
40
38
49
9
32
16
31
11
13
36
47
33
26
48
2
8
18
12
29
28
14
22
30
27
34
6
5
4
24
21
23
37
46
15
10
17
45
19
42
1
32
40
34
15
30
19
46
12
10
22
33
1
28
11
2
21
23
35
9
5
18
4
17
14
29
3
20
50
26
39
42
7
41
45
8
44
37
49
16
48
13
31
47
38
27
24
25
6
36
43
21
13
45
43
48
26
34
17
8
20
14
35
25
36
30
23
47
28
19
39
3
22
2
37
27
10
1
6
15
9
7
49
4
40
46
38
33
41
11
12
42
50
29
44
24
32
31
18
16
5
7
4
23
9
40
39
11
5
13
36
45
25
33
14
48
38
43
24
21
46
29
1
10
47
44
49
16
2
30
17
41
19
27
31
35
15
8
22
18
20
12
28
32
50
6
37
34
42
26
3
40
26
10
32
46
42
38
49
4
19
8
22
18
6
12
25
35
33
20
9
31
14
36
27
24
1
17
41
45
29
28
23
7
39
48
11
3
34
44
47
2
30
50
21
43
15
5
13
37
16
2
27
48
31
20
17
18
11
30
16
24
46
26
3
35
40
13
49
44
50
42
7
4
6
15
9
21
8
10
1
12
39
14
32
23
29
45
33
37
34
28
19
25
5
41
47
36
43
22
38
17
11
21
44
4
12
13
8
48
43
41
39
27
33
5
20
15
7
40
3
50
42
22
45
35
31
32
25
16
49
2
6
29
36
1
24
23
19
26
37
47
14
34
46
38
28
10
30
18
9
45
33
41
28
21
31
37
47
7
46
42
20
38
39
27
9
44
36
1
13
4
50
11
8
10
19
30
48
2
18
32
17
26
15
22
34
43
40
23
5
16
29
6
25
12
3
35
24
49
14
29
47
3
35
33
4
12
6
25
38
27
28
43
21
45
48
42
17
23
15
41
34
13
1
20
40
10
37
19
46
50
11
49
8
26
18
22
30
5
39
7
2
24
16
44
14
9
36
32
31
28
48
38
47
2
27
49
41
43
14
6
45
16
30
31
8
21
22
42
34
11
15
40
12
3
32
46
17
24
37
9
36
5
7
10
23
29
35
33
13
44
20
1
26
4
50
18
39
19
25
27
29
49
7
36
21
39
42
24
30
25
15
13
31
28
34
20
3
32
26
48
9
50
33
6
43
38
44
18
16
17
14
1
11
37
5
10
47
4
2
8
23
19
45
22
41
40
12
46
35
26
38
1
16
11
22
10
29
42
35
12
40
3
37
9
50
8
13
46
28
36
49
43
34
30
48
23
14
21
7
47
5
25
2
4
19
32
15
41
27
20
45
39
33
18
31
44
17
6
24
15
37
6
8
41
44
23
45
34
28
46
30
17
5
18
4
19
12
2
25
38
24
1
43
47
26
27
31
36
32
10
9
50
14
29
13
21
20
40
22
49
7
42
3
11
16
39
35
33
48
39
8
13
40
24
37
3
34
1
25
7
10
23
28
15
33
18
14
4
30
49
29
9
35
12
44
48
26
5
42
36
27
31
19
38
16
11
46
43
17
6
47
22
41
32
45
21
20
50
2
37
19
28
39
42
45
33
1
47
18
15
16
21
7
44
29
14
25
11
38
27
5
48
50
43
41
31
13
32
10
8
24
46
3
20
12
30
17
34
4
36
6
2
23
49
9
26
22
35
40
