45
20
47
25
18
40
24
50
12
44
28
4
48
46
34
36
10
31
41
19
26
13
33
39
37
27
42
3
14
11
38
8
16
35
43
22
6
29
2
23
15
1
17
30
9
21
49
7
5
32
33
38
27
42
6
41
48
2
5
31
37
50
29
18
21
39
36
45
34
17
8
35
49
16
11
43
24
20
28
26
23
30
40
4
15
7
13
3
32
25
9
22
14
10
1
46
19
44
47
12
11
44
35
10
5
46
31
4
9
7
47
19
6
50
43
17
45
27
33
22
16
12
14
41
32
23
37
18
40
34
30
38
25
20
21
39
42
24
48
26
3
8
28
2
13
36
1
49
29
15
30
2
36
37
28
29
50
12
22
49
43
18
8
44
6
20
13
19
7
23
32
40
41
11
14
3
9
16
46
15
45
1
26
47
31
33
35
10
21
34
5
42
38
17
24
4
48
25
39
27
1
18
40
21
45
23
37
16
2
22
39
26
9
25
13
28
49
34
12
31
44
43
8
20
33
11
35
24
48
6
19
3
36
50
5
10
47
15
42
38
17
41
27
32
46
7
4
14
30
29
38
45
29
33
26
49
2
32
3
41
44
47
15
17
40
22
34
30
48
35
7
6
25
23
19
37
8
9
50
5
13
21
24
14
42
36
27
16
11
10
43
18
20
12
31
39
28
4
1
46
44
42
22
13
15
26
29
46
24
8
36
14
11
35
1
18
5
38
17
16
28
48
20
19
49
50
34
43
31
21
10
25
12
41
47
40
2
27
3
6
32
4
37
23
39
30
7
9
45
33
16
23
12
30
22
48
28
18
31
21
4
11
5
8
26
24
17
2
47
45
33
36
7
3
9
35
50
15
49
20
46
29
19
25
27
42
38
39
10
32
1
34
44
14
37
43
41
40
13
6
24
31
7
18
39
38
5
36
49
27
26
44
19
20
33
6
1
47
43
21
13
28
32
42
34
16
45
23
8
2
29
46
17
48
50
41
4
37
30
14
22
12
15
9
35
25
3
11
40
10
47
14
30
2
23
9
43
37
41
12
32
3
39
16
46
13
28
29
11
33
31
49
5
21
18
34
19
42
7
22
4
27
35
38
17
50
36
1
25
40
10
24
26
6
48
44
15
45
20
8
14
3
16
9
47
10
4
22
21
29
48
49
20
40
30
41
39
46
38
8
37
27
28
13
7
45
2
33
17
12
42
44
6
19
11
26
25
32
15
18
35
36
5
43
50
1
24
23
31
34
25
15
24
34
3
11
26
44
4
39
9
21
37
38
50
1
18
42
29
36
40
23
46
7
6
47
43
22
13
45
14
10
32
28
2
49
17
48
35
8
31
27
41
19
16
20
30
33
12
5
49
16
31
20
1
43
41
33
36
32
13
23
10
48
15
42
3
5
39
24
46
25
19
17
50
4
12
38
37
44
18
26
45
34
28
11
7
14
22
9
27
21
29
47
8
40
6
2
35
30
36
6
9
43
17
5
42
30
28
4
1
37
35
19
20
47
32
15
26
49
23
3
50
18
45
13
22
29
41
25
16
40
2
21
33
46
44
12
14
7
39
48
10
31
34
38
11
27
8
24
31
21
37
29
9
2
40
20
39
5
19
27
22
6
11
43
30
48
18
12
25
32
45
46
1
14
41
7
4
49
3
47
42
23
24
35
15
50
8
16
26
44
33
34
36
10
17
38
28
13
39
17
43
5
16
34
27
15
14
10
38
7
42
45
3
19
24
1
50
6
21
41
37
49
28
22
36
4
33
35
47
48
9
40
44
13
46
18
20
31
30
25
12
11
29
2
32
8
23
26
12
25
32
50
14
7
19
13
46
42
17
31
36
15
8
30
9
41
37
47
35
21
18
10
38
33
49
34
11
43
27
2
22
5
45
28
1
44
39
3
4
40
23
29
26
6
16
48
24
20
46
49
42
36
12
24
38
48
6
37
23
13
44
32
7
3
33
40
31
18
17
19
43
22
25
28
5
27
35
8
34
14
15
10
9
1
50
2
29
45
16
26
21
39
30
11
20
41
4
47
41
9
1
23
34
13
8
28
30
36
22
2
7
42
24
26
31
10
3
32
39
37
35
29
40
25
15
49
6
47
43
50
21
17
19
20
14
11
45
44
18
5
16
48
33
12
38
46
27
4
3
50
17
49
4
15
44
27
38
40
2
41
16
13
39
11
22
9
25
42
30
24
21
36
5
32
6
35
43
23
33
28
47
29
1
37
20
8
19
48
46
10
31
7
45
34
12
26
14
18
18
41
4
14
27
6
7
43
19
33
11
5
45
34
42
32
26
8
24
10
22
16
31
44
36
39
29
1
12
50
25
20
38
13
40
17
49
23
9
30
37
15
35
28
47
48
46
3
2
21
22
43
46
19
7
1
47
14
17
45
30
9
13
27
25
5
40
37
16
48
6
26
44
24
21
2
11
39
20
36
49
32
4
33
41
3
18
31
12
50
34
38
8
42
15
35
23
29
10
28
10
36
15
26
49
47
30
23
20
48
3
43
31
29
17
35
6
16
42
41
12
11
38
25
46
5
39
21
24
33
22
34
18
27
14
9
28
4
1
19
45
37
40
44
2
8
13
32
7
50
6
10
8
11
13
50
17
24
33
3
16
42
1
2
19
14
7
18
22
44
5
45
29
32
23
30
4
47
39
27
31
15
20
49
12
21
34
36
38
28
48
35
9
46
40
26
43
37
25
41
42
47
20
17
11
22
35
25
37
23
50
34
46
43
36
12
48
33
6
4
19
8
9
28
2
38
14
5
45
31
44
16
3
24
18
30
41
26
27
49
40
32
7
1
10
13
29
21
15
39
43
5
19
45
38
35
14
3
15
24
21
32
30
49
29
37
41
6
8
7
10
47
23
31
16
46
26
40
34
48
39
42
13
12
25
2
9
28
36
20
33
11
18
4
17
27
50
1
44
22
15
30
25
6
37
32
22
9
27
11
18
48
4
10
49
2
12
50
5
1
20
39
34
38
17
29
40
19
42
3
35
31
28
44
13
8
26
45
47
24
23
46
43
36
21
33
14
16
41
7
9
22
5
46
35
16
6
38
50
15
20
36
12
24
23
45
25
26
28
37
2
17
3
4
39
21
7
13
47
41
40
18
44
1
30
32
48
43
31
33
19
49
11
27
14
29
8
10
34
42
19
35
50
4
24
12
36
26
40
1
29
33
41
21
10
7
8
23
30
20
38
31
27
5
48
18
44
32
25
14
6
45
34
42
16
47
39
9
46
15
11
43
13
49
3
22
2
28
17
37
50
28
44
38
31
18
16
21
26
2
5
29
32
23
47
46
27
39
49
14
9
10
12
30
3
17
20
36
1
24
15
41
11
37
6
48
40
13
7
35
25
33
4
8
42
19
22
34
43
45
4
46
33
22
50
14
20
19
18
6
34
8
40
41
45
27
29
21
2
39
43
44
15
35
13
7
25
11
3
30
5
12
10
26
32
31
16
38
49
1
24
23
48
37
28
17
42
47
9
36
48
34
18
24
44
36
1
31
16
50
35
17
2
4
22
49
38
32
10
11
41
30
39
26
8
6
47
28
21
19
20
37
33
46
7
14
12
5
13
43
29
9
45
40
25
42
27
15
3
23
20
32
14
27
8
25
15
6
29
34
49
12
47
26
16
10
37
44
36
2
45
18
30
40
35
42
28
46
23
13
1
4
48
9
39
43
24
21
50
11
41
17
3
22
7
5
33
31
38
19
5
12
26
48
33
28
32
40
23
17
10
24
34
22
37
44
2
4
45
43
1
38
42
9
41
15
13
30
27
29
11
35
8
16
3
25
31
7
6
46
14
39
36
20
19
18
47
50
21
49
8
7
10
12
32
3
21
17
35
9
31
6
24
1
38
15
16
43
14
27
34
46
47
2
22
20
33
45
44
40
26
13
39
30
36
4
19
42
28
41
50
29
25
18
23
49
37
5
48
11
35
1
39
41
43
20
25
7
44
14
40
38
49
9
32
16
50
11
13
29
47
33
26
48
10
8
18
12
36
28
37
22
30
31
34
27
5
6
24
21
2
3
46
15
4
23
45
19
42
17
32
40
34
15
30
19
46
35
10
26
33
1
28
11
2
21
23
20
9
5
18
4
17
14
29
12
3
50
22
39
48
7
41
45
8
44
37
49
16
42
13
31
47
38
27
24
25
6
36
43
21
13
45
3
48
30
34
39
8
20
14
35
25
36
4
23
47
28
19
40
15
22
2
37
27
10
1
6
26
9
7
11
29
43
46
38
33
41
17
12
42
50
49
24
5
32
31
18
16
44
7
4
23
1
40
39
9
5
11
13
45
46
33
14
48
31
43
24
21
38
29
20
10
47
44
49
16
2
30
17
41
19
27
22
35
15
8
25
18
36
12
28
32
50
6
37
34
42
26
3
40
26
2
32
46
42
11
49
45
19
8
22
18
33
12
25
4
35
20
9
24
14
36
27
31
1
17
41
29
10
28
23
7
39
48
6
3
34
44
47
38
30
50
21
43
15
5
13
37
16
2
27
48
31
20
17
18
11
13
16
24
25
26
3
35
40
46
49
44
50
42
7
4
6
15
9
21
8
10
1
12
39
14
32
23
34
45
33
37
29
28
19
30
5
41
47
36
43
22
38
17
11
21
44
29
33
13
8
48
43
41
39
27
12
5
38
15
7
40
3
50
1
22
45
42
31
32
25
16
4
2
6
46
36
49
24
23
19
26
37
47
14
34
35
20
28
10
30
18
9
34
33
41
28
10
31
45
47
7
46
42
20
38
39
27
9
44
36
1
13
4
50
11
8
26
19
30
48
2
18
32
17
37
15
22
29
43
40
23
5
21
16
6
25
12
3
35
24
49
14
29
8
11
35
21
4
12
45
25
38
27
28
43
47
41
48
42
17
23
15
3
34
13
1
20
40
10
37
19
46
50
33
49
6
26
18
22
30
5
39
7
2
24
16
44
14
9
36
32
31
28
48
3
16
2
27
49
41
43
47
6
45
14
30
31
8
21
22
32
34
11
42
40
12
4
24
46
17
15
37
9
36
5
7
10
23
29
35
33
13
44
20
1
26
38
50
18
39
19
25
23
29
49
7
36
21
39
42
32
30
25
15
50
31
28
34
20
3
27
26
14
9
6
33
24
48
38
44
18
16
17
43
1
11
37
5
10
47
4
2
8
13
19
45
22
41
40
12
46
35
26
24
38
47
25
8
10
29
42
35
12
40
3
37
9
50
11
13
46
28
48
15
16
34
30
36
23
14
5
7
21
49
43
2
4
19
32
22
41
27
20
45
39
33
18
31
44
17
6
1
13
37
6
8
41
44
23
10
34
28
46
30
17
5
14
4
19
12
15
25
36
2
1
43
47
26
27
31
38
32
24
9
50
18
29
45
21
20
40
22
49
7
42
3
11
16
39
35
33
48
27
39
13
40
19
37
3
34
1
25
7
10
23
28
18
33
35
14
4
30
49
29
24
15
12
44
48
26
9
42
36
5
31
8
38
16
11
46
43
17
6
47
22
41
32
45
21
20
50
2
37
19
28
39
42
45
33
1
47
18
15
16
21
7
44
29
14
25
35
46
27
5
48
50
43
41
31
10
32
38
8
24
23
3
20
12
30
17
34
4
36
6
2
13
49
9
26
22
11
40
