41
20
47
25
18
40
27
50
12
44
28
4
48
46
34
36
10
31
17
19
26
13
33
39
37
24
42
3
45
11
38
8
16
43
14
22
6
29
2
23
15
1
35
30
9
21
49
7
5
32
33
38
27
42
6
41
48
2
5
31
37
43
29
18
21
39
50
45
34
32
8
35
49
16
11
3
24
20
36
26
23
30
40
4
15
7
13
14
28
12
9
22
25
10
1
46
19
44
47
17
11
44
35
10
5
46
31
4
9
50
43
19
6
47
30
17
45
27
33
22
16
12
14
21
32
23
37
18
40
34
41
38
25
20
24
39
42
7
48
26
3
8
28
2
13
36
1
49
29
15
30
2
12
43
28
29
50
45
22
49
15
18
8
44
6
20
33
19
26
23
32
40
41
11
14
34
9
16
46
31
37
1
42
47
7
13
35
10
21
36
5
38
3
17
24
4
48
25
39
27
1
18
40
21
32
23
45
16
2
3
39
26
9
25
13
28
49
34
12
31
44
43
8
20
33
11
35
24
48
15
19
27
36
50
5
10
47
22
42
38
17
41
37
6
46
7
4
14
30
29
38
45
11
33
26
49
2
32
29
41
44
47
15
17
40
22
34
30
48
35
19
3
25
23
6
37
8
9
50
5
13
21
24
14
42
36
27
16
7
10
43
18
20
12
31
39
28
4
1
46
44
42
22
13
15
4
29
46
26
8
36
40
50
35
1
18
5
23
30
16
28
48
20
19
49
17
34
43
31
21
11
25
14
41
47
12
2
27
3
6
32
37
38
24
39
10
7
9
45
33
16
23
2
30
45
48
28
18
31
21
4
11
5
8
26
24
35
6
47
17
33
36
7
3
9
12
50
15
49
20
46
29
19
25
27
42
38
39
10
32
1
34
44
14
37
43
41
40
13
22
24
31
7
18
42
38
5
36
49
27
26
44
19
20
33
6
1
47
43
21
13
28
32
22
34
35
45
23
8
2
29
46
17
48
50
41
4
37
30
14
39
12
15
9
16
25
3
11
40
10
47
14
30
2
23
9
43
37
41
12
32
3
39
26
46
13
28
29
11
33
36
6
5
42
18
16
19
10
21
49
4
7
35
38
17
50
40
1
25
34
22
24
27
31
48
44
15
45
20
8
14
3
4
37
47
10
9
22
21
29
48
49
20
40
28
41
39
46
38
8
7
27
42
13
19
45
2
33
17
12
30
44
6
16
11
26
25
32
15
18
35
36
5
43
50
1
24
23
31
34
25
15
24
34
3
11
26
44
4
39
9
21
37
38
50
1
46
42
29
36
40
23
18
7
13
47
43
22
14
45
16
10
32
28
2
49
17
48
35
8
31
27
41
19
5
20
30
33
12
6
49
16
31
20
1
43
41
39
36
32
13
23
10
48
29
42
3
5
7
24
46
25
19
17
4
50
12
38
37
44
18
26
45
34
28
33
15
21
22
9
27
35
14
47
8
40
6
2
11
30
36
6
9
16
17
5
42
30
24
26
1
37
35
19
20
47
32
15
41
49
31
39
10
18
45
13
22
29
28
25
33
40
2
21
43
46
44
3
14
7
50
48
12
23
34
38
11
27
8
4
27
21
37
29
9
2
40
20
39
5
19
46
22
16
11
43
31
48
18
45
25
32
24
15
1
14
41
7
4
6
3
47
12
23
49
35
36
50
8
42
26
44
33
34
10
30
17
38
28
13
13
17
43
5
16
34
47
15
14
10
38
7
42
50
3
19
24
1
39
6
21
41
37
49
28
22
36
4
33
35
45
48
9
12
44
27
46
18
20
31
30
25
40
11
29
2
32
8
23
26
12
8
32
50
14
7
19
13
46
42
17
31
36
15
18
30
9
41
37
47
35
21
43
10
25
33
49
34
11
38
27
2
22
5
45
28
1
44
39
3
4
40
23
29
26
6
16
48
24
20
46
49
42
1
12
24
37
48
6
14
23
13
44
32
7
3
36
40
31
18
17
19
28
25
38
43
5
27
35
8
34
33
15
10
22
9
50
2
29
45
16
26
21
39
30
11
20
41
4
47
31
9
36
23
34
13
8
28
32
4
22
2
7
42
24
26
41
10
3
40
39
37
35
29
50
25
15
49
6
47
43
14
21
17
19
20
30
11
45
44
18
5
16
48
33
12
38
46
27
1
3
50
17
49
35
15
44
27
38
40
2
41
16
13
39
11
22
9
25
42
30
20
21
36
5
4
6
1
43
23
24
28
47
29
33
37
7
8
19
48
46
10
31
32
45
34
12
26
14
18
18
41
20
14
27
6
7
43
19
33
11
5
45
34
4
32
26
8
24
10
22
16
31
44
36
39
29
42
12
50
25
35
38
13
40
1
49
23
9
30
37
15
17
28
47
48
46
3
2
21
22
43
38
19
7
1
30
14
17
45
47
9
13
27
25
5
40
37
16
48
6
26
44
24
21
2
11
39
20
36
49
32
4
33
41
3
18
31
12
50
34
46
8
42
15
35
23
29
10
28
10
36
15
26
49
47
24
23
20
48
3
14
31
37
17
35
6
16
27
29
12
11
38
41
46
5
39
21
44
33
22
34
18
19
9
40
28
25
1
43
45
4
30
13
2
8
42
32
7
50
6
46
8
11
10
50
17
24
33
13
16
42
1
2
19
14
7
18
22
44
5
45
29
32
23
30
4
47
39
27
31
15
20
49
12
21
34
36
38
28
48
3
9
35
40
26
43
37
25
41
42
10
29
17
19
31
35
25
11
37
50
34
46
43
36
12
48
33
6
4
23
8
45
28
2
38
14
5
9
22
44
16
3
24
18
30
41
26
27
49
40
32
7
1
20
13
47
21
15
39
43
5
19
45
38
35
14
3
15
24
49
32
30
41
22
37
21
20
8
7
10
47
23
31
29
46
26
40
34
48
39
42
13
6
25
2
9
28
36
16
33
11
18
4
17
27
50
1
44
12
39
30
25
6
37
32
22
9
27
11
18
48
4
10
49
2
12
50
5
1
20
46
34
38
17
29
40
19
42
3
35
31
28
44
13
8
26
45
47
24
23
16
43
36
21
33
14
15
41
7
9
22
5
46
13
16
6
38
50
15
20
36
12
24
23
45
25
26
28
37
2
17
3
4
39
21
7
35
47
41
40
18
44
1
30
32
48
43
31
33
19
49
11
27
14
29
8
10
34
42
34
35
50
4
24
8
36
26
40
1
29
33
41
12
10
7
30
38
21
20
14
31
27
5
48
18
44
32
25
19
6
45
23
42
16
47
39
9
46
15
11
43
13
49
3
22
2
28
17
37
50
28
44
38
31
26
16
21
37
2
5
29
32
23
47
46
27
39
49
14
9
10
12
30
3
7
18
36
1
24
15
41
11
40
6
48
20
13
17
35
25
33
4
8
42
19
22
34
43
45
4
39
33
22
50
14
20
19
18
6
34
8
40
45
42
27
29
21
35
41
43
2
15
46
7
28
25
11
3
30
5
12
10
26
32
31
16
38
49
1
24
23
48
37
36
17
13
47
9
44
48
34
18
24
44
36
1
31
16
22
35
17
2
4
41
49
38
32
10
11
15
30
39
26
8
6
47
28
7
43
20
37
33
46
21
14
12
5
13
19
29
9
45
40
25
42
27
50
3
23
20
32
14
27
8
25
15
35
3
34
21
12
47
29
16
10
37
44
36
2
45
18
30
40
26
42
28
46
23
13
1
4
48
9
39
43
24
6
50
11
41
17
49
22
7
5
33
31
38
19
5
12
26
48
11
28
32
33
23
17
10
24
34
22
37
44
2
4
45
43
1
38
50
9
41
15
13
30
27
40
47
20
8
35
3
25
31
42
6
46
14
39
36
7
19
18
29
16
21
49
8
7
46
36
25
3
4
40
35
9
31
6
24
1
38
15
16
43
14
27
34
50
47
2
22
20
33
45
26
28
42
13
39
30
29
17
19
12
32
41
44
21
10
18
23
49
37
5
48
11
35
1
39
41
43
20
25
7
44
18
40
38
49
9
32
16
17
11
13
50
47
33
26
48
27
8
3
12
29
14
10
22
30
37
34
6
5
4
24
21
2
31
46
15
28
23
45
19
42
36
32
40
34
15
30
19
46
12
10
7
33
1
28
11
2
21
23
35
9
5
18
4
17
14
31
48
20
50
22
39
26
3
41
45
8
44
37
49
16
29
13
42
47
38
27
24
25
6
36
43
21
13
45
12
48
30
34
17
8
20
14
35
25
36
43
23
47
28
19
39
3
22
2
37
40
10
1
6
41
9
7
49
29
31
46
38
33
15
11
27
42
50
26
44
4
32
5
18
16
24
7
4
23
9
40
39
11
5
13
36
45
25
33
14
48
31
43
24
1
38
29
44
46
47
10
49
16
2
30
17
21
19
27
22
35
15
8
41
18
20
12
28
32
50
6
37
34
42
26
3
40
26
10
32
46
42
33
49
45
19
8
22
18
6
12
25
11
2
20
9
24
14
36
27
35
1
17
41
5
29
28
23
7
39
48
4
3
34
44
47
38
30
50
21
43
15
31
13
37
16
2
27
48
31
20
17
18
11
30
16
24
50
26
3
35
40
13
49
44
46
42
7
4
6
15
9
21
8
10
1
12
39
34
32
23
45
14
33
37
25
28
19
29
5
41
47
36
43
22
38
17
11
21
44
29
12
13
8
48
43
41
39
27
33
5
38
15
7
40
3
50
49
22
45
42
31
32
25
16
4
2
6
46
36
1
24
23
19
26
37
47
14
34
20
35
28
10
30
18
9
37
33
41
28
22
45
21
47
7
46
42
20
38
39
27
9
44
36
50
13
4
1
11
8
16
19
30
48
2
18
32
17
26
15
31
34
43
40
23
5
10
29
6
25
12
3
35
24
49
14
29
47
3
35
4
33
12
6
25
38
27
28
11
21
45
48
42
17
23
15
41
34
13
1
20
40
10
37
19
46
50
43
49
8
26
18
22
30
5
39
7
2
24
16
44
14
9
36
32
31
28
48
16
3
2
27
49
41
43
47
6
45
14
30
31
8
4
22
15
34
11
42
40
12
44
32
46
17
24
37
9
36
5
7
10
23
29
35
33
13
21
20
1
26
38
50
18
39
19
25
23
29
49
7
36
21
39
42
28
30
25
15
43
31
14
34
20
3
32
26
48
9
6
33
24
27
38
44
18
16
17
50
1
11
37
5
10
47
4
2
8
13
19
45
22
41
40
12
46
35
26
25
1
47
21
22
10
29
42
35
12
27
3
49
9
50
8
13
46
28
37
15
16
34
30
36
23
14
38
7
48
11
43
2
4
19
32
24
41
40
20
45
39
33
18
31
44
17
6
5
45
37
6
8
41
44
23
10
34
28
46
30
17
5
15
4
19
12
2
25
38
24
1
43
47
26
27
31
13
32
14
9
50
18
36
29
21
20
40
22
49
7
42
3
11
16
39
35
33
48
19
24
13
40
39
37
3
34
1
25
7
10
23
28
8
33
18
14
4
30
49
29
9
35
12
44
48
26
15
42
36
5
31
27
38
16
11
46
43
17
6
47
22
41
32
45
21
20
50
2
15
19
28
39
33
18
38
1
47
23
30
16
21
7
44
29
14
25
42
12
27
5
48
50
43
41
31
13
32
10
8
24
37
3
20
11
45
17
34
4
36
6
2
46
49
9
26
22
35
40
