23
20
47
25
18
40
11
45
12
44
28
4
48
46
34
36
10
31
50
19
26
13
33
39
37
24
42
3
41
15
38
8
16
27
14
22
6
29
2
43
17
1
35
30
9
21
49
7
5
32
33
38
27
42
6
41
48
2
5
31
37
43
29
18
21
39
50
45
34
32
8
35
49
16
11
28
24
20
36
26
23
30
40
4
15
7
13
14
17
9
25
22
3
10
1
46
19
44
47
12
11
44
35
10
5
25
31
4
9
7
47
19
6
50
41
17
45
27
33
22
16
12
14
46
32
23
37
18
40
34
30
38
43
20
21
39
42
24
48
26
3
8
28
2
13
36
1
49
29
15
30
2
21
3
28
29
50
20
22
49
43
18
8
44
6
13
33
19
15
23
32
40
41
11
14
4
9
24
46
31
42
1
37
47
7
45
35
10
26
12
5
16
38
17
36
34
48
25
39
27
1
18
40
21
32
23
27
16
2
17
39
26
9
25
13
28
49
34
12
31
44
43
8
20
33
11
35
22
48
5
19
3
36
50
24
10
47
45
42
38
15
41
37
6
46
7
4
14
30
29
38
45
3
33
26
49
14
32
11
41
44
47
15
17
40
22
34
30
48
35
37
2
25
23
42
7
8
9
50
6
13
21
24
19
5
36
27
16
29
10
43
18
20
12
31
39
28
4
1
46
44
50
22
13
15
14
29
46
26
8
36
40
11
12
1
18
5
38
35
16
28
48
42
19
49
37
34
43
31
21
24
25
23
41
47
17
2
27
3
6
32
4
30
20
39
10
7
9
45
33
16
23
2
30
22
48
28
18
31
21
4
11
5
45
26
24
17
35
47
8
33
36
7
3
9
12
50
15
49
20
46
29
19
25
27
42
38
39
10
32
1
34
44
14
37
43
41
40
13
6
24
31
7
18
39
38
5
36
28
27
26
23
19
20
33
6
1
47
43
21
13
49
32
22
34
3
45
16
8
2
29
46
17
48
50
41
4
37
30
14
44
12
15
9
35
25
42
11
40
10
47
14
30
2
23
9
43
37
41
12
32
3
39
49
46
31
28
29
26
33
36
42
5
21
18
27
19
10
13
22
4
34
35
38
17
50
40
1
25
16
11
24
6
7
48
44
15
45
20
8
14
3
4
9
47
10
37
22
21
29
48
49
20
40
42
41
39
46
38
13
18
27
28
25
7
45
2
33
17
12
16
44
6
8
11
26
30
32
15
19
35
36
5
43
50
1
24
23
31
34
25
15
24
34
3
11
26
44
29
39
9
21
37
38
50
1
18
42
14
36
40
6
46
7
13
47
43
23
22
45
48
10
32
28
2
49
17
4
35
8
31
27
41
19
16
20
30
33
12
5
49
16
31
20
1
43
41
33
36
32
13
14
10
48
4
42
3
5
39
24
46
25
19
17
50
35
12
38
37
44
18
26
45
34
28
9
15
7
22
23
27
21
29
47
8
40
6
2
11
30
36
6
9
16
17
5
42
30
3
26
1
37
35
19
20
47
32
15
41
49
23
28
50
18
45
13
22
29
24
25
33
40
2
21
43
46
44
12
14
7
39
48
10
31
34
38
11
27
8
4
15
21
37
29
9
2
40
6
39
5
19
44
22
16
11
43
46
48
18
45
25
32
20
42
1
14
41
7
4
49
10
47
12
23
31
35
36
50
8
27
26
3
33
34
24
30
17
38
28
13
39
17
43
5
16
34
45
15
14
10
38
7
42
8
3
19
24
1
27
6
21
41
37
49
28
22
36
4
33
35
47
48
9
13
44
40
46
18
20
31
30
25
12
11
29
2
32
50
23
26
12
25
32
50
14
7
19
13
46
42
17
31
36
15
8
30
9
41
37
47
35
21
18
10
38
33
49
34
11
43
27
2
22
5
45
28
1
44
39
3
4
40
23
29
26
6
16
48
24
20
46
49
42
37
12
24
33
48
6
14
23
25
44
32
7
3
36
40
31
18
17
19
9
13
16
43
5
27
35
8
34
20
15
10
29
1
50
2
28
45
22
26
21
39
30
11
38
41
4
47
41
9
1
23
34
13
8
28
32
36
22
2
7
42
24
26
4
10
3
38
39
37
35
29
40
25
15
30
6
47
43
50
21
17
19
20
14
11
45
44
18
5
16
48
33
12
31
46
27
49
3
24
17
49
35
15
44
27
38
40
2
20
16
13
39
11
22
9
25
42
30
50
21
36
5
34
6
1
43
23
41
28
47
29
33
37
7
8
19
48
46
10
31
32
45
4
12
26
14
18
18
41
20
1
27
6
7
43
19
33
11
5
45
34
14
32
26
8
24
10
22
16
31
44
36
39
29
42
12
50
25
35
38
46
40
4
49
23
9
30
37
15
17
28
47
48
13
3
2
21
22
43
46
19
7
1
47
14
17
45
30
9
13
27
25
5
40
37
16
48
6
26
44
24
21
2
11
39
20
36
49
32
4
33
41
3
18
31
12
50
34
38
8
42
15
35
23
29
10
28
10
36
15
26
49
47
30
23
4
48
3
41
31
37
17
35
6
16
29
40
12
11
38
14
46
5
39
21
44
33
22
19
18
43
9
13
28
25
1
34
45
42
27
24
2
8
20
32
7
50
6
46
8
11
10
50
17
24
33
3
16
42
1
2
19
14
7
18
22
44
5
45
29
32
23
30
4
47
39
27
31
15
20
49
12
21
34
36
38
28
48
35
9
13
40
26
43
37
25
41
42
10
29
17
33
22
35
25
37
23
50
34
46
43
36
12
48
2
6
4
19
8
45
28
31
38
14
5
9
11
44
16
3
24
18
30
41
26
27
49
40
32
7
1
20
13
47
21
15
39
43
5
19
45
38
35
20
3
15
24
49
32
30
21
16
37
41
6
8
7
10
47
23
31
29
46
26
40
34
48
39
14
13
12
25
2
9
28
36
42
33
11
18
4
17
27
50
1
44
22
45
30
25
6
37
32
22
9
27
11
18
48
4
10
49
2
12
50
5
1
20
39
34
38
17
29
40
19
42
3
35
31
28
44
13
8
26
15
47
24
23
46
43
36
21
33
14
16
41
7
19
22
5
46
13
16
24
38
50
15
20
36
12
6
23
45
25
26
28
37
2
17
3
4
39
21
7
35
47
41
40
18
44
1
30
32
48
43
31
33
9
49
11
27
14
29
8
10
34
42
34
35
50
4
21
12
36
26
40
1
29
33
41
24
10
7
30
23
11
20
38
31
27
5
48
18
44
32
25
14
6
45
8
42
16
47
39
9
46
15
19
43
13
49
3
22
2
28
17
37
50
28
44
38
31
26
16
40
18
2
5
29
32
23
47
46
27
39
49
14
9
10
12
30
3
17
25
36
1
24
15
41
11
37
6
48
20
13
7
35
21
33
4
8
42
19
22
34
43
45
4
42
33
14
50
18
2
19
45
6
34
8
40
35
22
27
29
21
7
39
43
23
15
41
25
36
20
11
3
30
5
12
10
26
32
31
16
38
49
1
24
13
48
37
28
17
46
47
9
44
48
34
18
24
44
46
21
31
16
50
35
17
2
4
43
49
38
32
10
11
41
30
39
26
8
6
47
28
7
19
20
37
33
22
1
14
12
5
13
36
29
9
45
40
25
42
27
15
3
23
20
32
14
27
8
30
15
35
49
34
21
12
47
26
29
10
37
44
36
2
45
18
16
40
6
42
28
46
23
13
1
4
48
9
39
43
24
3
50
11
41
17
25
22
7
5
33
31
38
19
5
12
26
48
20
28
32
50
23
47
10
24
34
22
37
44
2
4
45
43
1
38
30
9
41
15
13
49
27
40
11
7
25
16
3
33
31
42
6
46
14
39
36
35
19
18
29
8
21
17
8
7
36
12
24
3
4
39
35
9
31
6
50
1
38
15
16
43
17
27
34
46
47
2
22
20
33
45
14
28
26
13
29
30
42
25
19
21
32
41
10
44
40
18
23
49
37
5
48
11
35
1
39
41
43
20
25
7
44
37
40
38
49
9
32
16
31
11
13
17
47
33
26
48
2
8
18
12
28
4
3
22
30
14
34
27
5
6
24
21
50
29
46
15
10
23
45
19
42
36
32
40
34
15
30
19
46
12
10
22
33
1
28
11
2
21
23
20
9
5
7
4
17
35
26
48
3
50
29
39
14
42
41
45
8
44
37
49
16
18
13
31
47
38
27
24
25
6
36
43
21
13
45
43
48
31
34
17
8
20
14
35
25
36
30
23
47
28
19
12
15
22
2
37
27
10
1
6
26
9
7
5
39
40
46
38
33
41
11
29
42
50
49
44
4
32
3
18
16
24
7
4
23
36
40
39
9
5
20
13
45
46
33
14
48
38
43
24
1
41
29
44
10
47
19
49
16
2
30
17
21
11
27
31
35
15
8
22
18
25
12
28
32
50
6
37
34
42
26
3
40
26
10
32
46
42
6
49
24
19
8
22
18
29
12
25
35
33
20
9
31
14
36
27
4
1
17
41
45
38
28
23
7
39
48
11
3
34
44
47
2
30
50
21
43
15
5
13
37
16
2
27
48
31
45
17
18
11
30
16
24
50
26
3
35
40
13
49
44
29
42
7
4
6
15
9
21
8
10
1
12
39
46
32
23
34
25
33
37
20
28
19
14
5
41
47
36
43
22
38
17
11
12
44
42
4
13
8
48
43
41
39
27
33
5
20
15
7
40
3
50
1
22
45
35
31
32
25
16
29
2
6
26
36
49
24
23
19
21
37
47
14
34
46
38
28
10
30
18
9
31
33
41
28
29
45
1
47
7
46
42
13
38
39
27
9
44
36
21
50
4
20
11
8
10
19
30
48
2
18
32
17
34
15
22
6
43
40
23
5
16
37
26
25
12
3
35
24
49
14
29
47
11
35
4
8
12
21
25
38
27
28
43
41
45
48
42
17
23
15
3
34
13
1
20
40
10
37
19
46
50
33
49
6
26
18
22
30
5
39
7
2
24
16
44
14
9
36
32
31
28
48
16
47
2
27
49
41
43
4
6
45
24
30
31
8
21
22
42
34
11
3
40
12
44
32
46
17
15
37
9
36
14
7
10
23
29
35
33
13
38
20
1
26
5
50
18
39
19
25
27
29
49
7
36
21
39
42
13
30
25
15
14
31
28
34
20
3
32
26
48
9
6
33
24
50
38
44
18
16
17
43
1
11
37
5
10
47
4
2
8
23
19
45
22
41
40
12
46
35
26
8
38
22
25
36
10
29
42
35
12
27
3
47
9
50
11
13
46
28
24
15
43
34
30
16
23
14
21
7
37
49
5
2
4
19
32
48
41
40
20
45
39
33
18
31
44
17
6
1
13
37
6
8
41
44
23
10
34
28
46
30
17
5
15
4
19
12
2
25
14
24
1
43
47
26
27
31
38
32
45
9
50
18
36
29
21
20
40
22
49
7
42
3
11
16
39
35
33
48
9
39
13
40
19
37
3
34
1
25
7
10
23
28
18
33
8
14
4
30
49
29
24
15
12
44
48
26
5
42
36
27
31
35
38
16
11
46
43
17
6
47
22
41
32
45
21
20
50
2
37
19
28
39
11
33
38
1
47
18
15
16
21
7
44
29
14
25
30
46
27
5
48
50
43
41
31
13
32
10
8
24
42
3
20
12
45
17
34
4
36
6
2
23
49
9
26
22
35
40
