32
7
3
45
42
16
21
41
4
18
15
11
13
2
31
25
17
28
14
29
37
22
19
43
30
9
26
39
48
8
35
12
50
44
36
1
47
5
38
10
40
34
49
23
27
6
46
24
20
33
3
23
2
15
35
44
19
42
47
38
12
5
43
1
50
40
8
46
29
41
22
7
32
34
48
33
13
27
49
18
9
28
11
36
24
20
6
14
45
16
17
31
39
30
25
37
21
26
4
10
20
46
7
31
28
11
49
27
33
19
25
3
24
6
10
36
40
32
15
26
5
13
39
8
14
44
47
35
18
16
45
30
37
38
34
22
1
17
43
21
4
42
48
41
50
12
29
23
2
9
7
6
1
21
2
38
42
4
18
28
36
12
5
30
29
10
16
13
23
35
20
41
17
45
47
26
46
14
31
44
39
15
33
11
3
24
9
40
27
43
37
48
34
25
19
49
22
8
50
32
30
4
25
32
21
18
48
29
16
3
26
49
47
35
17
41
39
40
7
22
10
9
42
33
38
14
6
1
44
24
31
34
2
20
37
50
13
43
11
12
23
27
15
45
8
28
19
5
36
46
18
19
45
7
39
4
9
24
5
25
11
44
27
12
48
8
14
20
31
16
49
35
30
36
37
50
43
46
32
41
23
17
28
40
21
47
3
6
15
34
1
38
22
42
2
26
10
13
33
29
44
30
42
19
41
33
23
25
14
36
45
13
7
5
9
15
26
29
11
43
40
37
21
10
22
46
1
31
3
17
16
50
34
18
4
28
48
8
39
27
38
24
12
35
6
2
47
20
32
49
50
44
27
38
30
13
11
23
9
17
21
40
48
46
42
35
15
1
37
18
19
3
6
4
36
25
14
2
7
34
49
43
20
39
32
33
28
26
29
31
24
41
47
10
5
16
12
22
45
8
33
5
19
29
18
9
15
44
43
39
31
35
50
40
27
37
45
30
8
25
3
12
48
2
10
49
42
4
14
7
26
20
17
13
11
16
21
36
1
46
34
47
41
32
38
22
24
28
23
6
37
31
20
4
19
15
41
26
50
24
35
17
40
49
33
1
5
6
38
11
44
14
18
13
7
47
12
22
29
30
46
16
27
48
42
39
10
3
9
25
2
28
32
8
21
45
36
43
34
23
39
1
29
37
8
30
46
21
11
5
19
32
26
22
35
33
44
34
28
24
47
18
27
7
43
3
2
13
15
6
17
36
40
23
38
12
25
9
10
4
49
14
50
48
20
42
45
16
31
41
12
22
30
34
10
20
50
3
38
37
42
48
36
14
46
24
32
41
6
15
29
1
33
5
27
35
31
16
39
28
43
45
13
26
49
4
18
23
19
11
47
44
8
7
9
17
2
21
40
25
29
3
6
14
25
41
31
20
26
32
50
7
11
17
23
16
9
5
24
19
38
15
10
27
49
39
4
12
1
21
34
44
30
47
2
43
22
35
48
42
13
8
33
37
45
36
18
46
28
40
1
38
47
6
43
26
18
14
12
21
17
28
34
36
30
39
10
22
9
44
27
32
7
29
46
37
20
5
23
42
11
31
4
15
50
49
16
33
24
48
45
2
13
19
40
41
8
25
3
35
22
29
46
25
49
36
37
13
35
43
34
15
41
10
7
5
24
17
48
27
4
33
44
6
19
38
3
20
12
2
21
32
45
16
30
8
23
1
40
9
42
50
18
14
26
11
39
31
47
28
16
34
36
42
50
46
28
37
40
14
13
39
23
45
32
18
48
15
10
1
2
17
47
26
35
29
11
21
9
4
27
41
22
19
7
44
24
49
12
5
8
43
20
3
33
25
31
30
6
38
5
27
22
17
29
37
26
10
1
49
39
36
14
20
2
50
42
38
25
47
18
8
28
24
12
6
41
23
34
48
19
7
31
45
33
13
4
11
32
15
21
3
16
46
44
30
40
35
9
43
24
47
38
26
13
39
35
40
17
10
20
45
33
42
14
44
36
3
34
8
6
28
1
30
4
31
32
25
22
46
37
2
15
50
5
48
27
21
41
23
9
11
43
18
7
29
16
12
49
19
27
13
12
23
47
8
14
45
46
26
43
6
32
34
19
28
37
50
36
42
25
20
4
38
2
16
49
40
11
35
24
3
21
9
31
5
15
39
33
18
41
1
7
22
30
10
44
29
48
17
6
9
14
8
15
29
47
48
27
42
5
30
35
50
12
4
13
25
16
31
24
46
23
11
39
43
36
3
28
22
33
21
19
49
26
40
7
41
2
45
32
18
17
20
37
44
38
1
10
34
46
11
17
39
20
48
22
6
28
27
32
42
49
24
8
9
34
43
26
45
35
50
41
23
16
19
10
33
36
13
47
1
12
30
40
25
2
18
4
3
5
15
31
21
29
38
7
37
14
44
13
39
41
22
37
17
38
34
24
11
29
19
1
16
44
46
20
18
3
36
14
6
31
42
23
8
21
43
33
32
28
48
49
27
12
30
40
47
7
35
50
5
45
9
10
4
26
2
25
15
15
2
43
10
26
24
27
50
20
23
44
31
22
4
11
29
28
47
33
30
7
38
40
25
6
36
37
41
19
49
32
46
5
35
9
45
8
34
21
39
48
16
14
17
1
18
42
3
12
13
17
37
15
13
24
21
12
31
45
35
22
8
19
9
6
48
41
4
50
23
39
2
34
3
25
40
29
11
43
47
44
33
42
14
16
10
38
32
30
28
46
7
36
26
18
5
49
27
1
20
26
21
8
44
40
12
3
47
15
29
33
16
30
48
5
2
11
7
22
4
17
19
45
20
1
32
39
28
41
23
42
49
24
10
46
9
36
38
50
37
18
13
25
31
35
34
27
6
43
14
36
12
35
48
45
14
4
8
6
50
41
27
18
3
28
47
30
9
44
13
16
10
2
49
21
20
40
15
5
11
38
23
25
1
39
26
32
24
31
29
43
19
37
33
46
7
34
17
22
42
25
48
13
24
32
19
44
30
23
12
1
29
46
28
34
27
4
33
35
50
21
45
37
15
8
18
22
26
10
3
6
47
38
41
20
36
43
7
17
2
14
40
42
49
31
9
5
39
16
11
9
35
28
36
38
34
39
7
10
44
8
18
2
23
20
3
21
12
43
37
1
5
25
14
26
48
16
29
50
15
30
42
6
33
27
31
49
4
47
41
11
22
40
24
17
46
32
19
13
45
48
32
5
2
27
35
45
49
8
41
40
33
44
39
22
23
38
10
30
28
34
36
26
47
11
13
50
18
17
9
4
19
7
43
25
46
31
29
16
20
15
12
1
6
42
24
3
14
21
37
28
43
10
35
12
2
33
5
30
47
4
22
16
21
24
14
7
49
40
17
11
27
9
46
32
34
48
6
37
25
50
38
26
8
23
3
20
42
13
44
29
45
19
39
36
31
41
15
18
1
21
10
33
40
9
1
17
38
44
31
2
4
25
18
15
34
43
36
32
49
23
39
16
35
29
45
27
24
20
37
41
14
47
3
28
19
42
46
26
8
12
30
11
5
22
13
6
48
7
50
19
20
24
3
36
47
5
32
2
40
49
26
42
11
43
38
25
14
4
21
15
16
29
9
50
12
45
10
46
39
7
22
48
34
18
6
35
44
8
1
30
37
28
27
41
23
13
33
17
31
23
28
9
47
22
7
40
18
41
1
48
2
31
13
26
45
33
21
19
46
12
44
8
17
24
4
34
36
6
27
14
35
32
42
15
37
30
20
3
50
16
29
38
11
49
43
25
10
39
5
34
45
18
41
7
10
13
12
22
20
30
47
9
25
16
6
29
24
2
40
31
42
50
32
44
15
17
38
27
36
8
11
43
37
48
21
46
28
35
19
33
39
5
1
4
14
23
49
26
3
38
49
31
33
1
32
7
46
19
15
16
21
3
44
39
42
47
2
13
48
43
29
20
37
18
27
35
45
40
5
22
25
23
6
41
17
34
10
14
30
26
36
9
28
24
8
50
4
11
12
31
18
32
12
46
40
8
11
34
33
10
1
45
37
47
30
49
48
41
14
28
4
22
21
20
7
24
44
16
29
25
26
9
17
35
15
19
2
23
38
3
6
27
50
13
39
43
42
5
36
4
33
48
11
23
31
6
2
36
34
14
10
21
32
37
20
27
16
18
5
42
30
24
39
45
17
28
50
38
40
15
13
3
46
22
35
29
25
49
47
7
9
44
43
12
19
1
41
8
26
40
36
34
1
3
45
29
39
49
8
37
43
12
27
13
32
19
44
42
7
50
48
11
41
31
24
9
30
25
14
5
6
10
4
47
38
26
22
20
33
35
23
2
16
28
15
17
18
46
21
2
17
16
20
31
3
30
28
29
7
27
41
10
43
49
12
50
39
45
32
36
24
46
18
42
1
23
34
35
26
13
9
8
21
14
11
33
15
5
40
25
4
6
44
48
47
37
38
19
22
43
24
21
49
34
50
20
22
32
13
7
23
39
26
3
17
6
27
5
2
45
31
15
19
33
11
38
9
47
1
48
37
16
12
8
41
44
30
25
36
28
46
10
29
14
35
4
40
42
18
41
15
49
50
48
23
2
36
21
16
6
25
8
19
40
26
35
31
12
39
9
43
3
1
5
30
18
37
42
20
10
27
46
28
29
7
45
13
22
17
44
32
24
47
11
33
14
34
38
4
35
50
39
28
14
42
24
1
48
30
47
34
38
41
25
22
12
45
21
9
32
11
49
31
40
10
44
8
26
19
3
29
36
2
17
18
5
37
46
13
6
33
23
4
43
27
20
7
15
16
49
42
4
5
17
25
10
43
37
2
46
24
15
47
21
19
31
26
27
6
13
34
38
16
9
41
8
7
30
33
18
40
1
22
45
29
11
50
28
14
20
35
3
12
23
32
48
36
44
39
47
16
40
27
44
28
34
19
7
48
9
46
6
29
4
31
22
37
17
20
33
21
13
12
3
2
15
32
8
50
36
18
14
5
43
23
41
45
42
49
10
25
26
38
39
1
35
11
30
24
45
26
23
46
5
49
25
17
13
9
38
14
4
33
36
21
18
35
1
10
48
47
43
50
28
22
19
42
24
12
29
8
44
31
6
34
39
16
37
7
27
20
30
15
3
40
11
32
41
2
42
25
11
43
33
22
1
35
39
46
3
38
37
15
18
49
23
8
47
34
41
40
14
44
13
5
30
48
21
45
20
24
29
32
10
2
12
31
6
26
19
17
4
36
16
50
28
9
27
7
10
8
26
16
11
27
36
33
31
45
18
9
17
7
38
13
2
19
39
3
46
23
35
28
15
42
25
47
4
43
1
5
41
24
44
14
37
12
34
6
22
49
21
40
32
20
30
50
29
48
11
41
50
30
6
5
16
15
3
22
23
20
29
8
45
43
1
42
46
38
26
25
12
48
17
28
33
49
2
31
40
4
18
7
19
32
14
27
36
24
39
10
35
13
34
21
9
44
37
47
8
14
44
9
4
43
32
16
25
6
28
37
20
38
41
7
3
11
49
33
30
26
36
40
34
23
5
17
13
10
12
39
35
29
1
42
50
19
18
22
31
21
46
2
47
48
15
45
24
27
14
40
37
18
16
6
43
9
42
4
24
50
28
31
1
11
46
23
20
12
8
49
5
22
41
21
7
19
45
38
2
10
39
25
13
27
17
48
44
32
36
26
29
34
15
3
33
47
35
30
