32
7
33
45
42
16
21
41
40
18
15
11
13
2
31
25
4
28
3
29
37
22
19
43
30
9
26
39
48
8
35
12
50
44
36
1
47
5
38
10
14
34
49
23
27
6
46
24
20
17
19
10
2
15
35
44
3
42
23
38
8
5
43
48
50
40
39
46
29
41
22
12
32
34
1
33
13
27
49
18
9
28
11
36
24
20
6
14
45
16
17
31
47
30
25
37
21
26
4
7
20
46
7
31
28
11
49
27
33
19
25
18
24
6
10
36
40
32
15
26
5
13
39
8
14
44
47
35
3
16
45
30
37
38
34
22
1
17
43
21
4
42
48
41
50
12
29
23
2
9
14
6
1
18
41
38
42
4
11
28
44
12
5
30
29
10
16
13
23
35
17
33
45
7
47
26
46
21
31
24
39
15
20
2
3
36
9
40
27
43
37
48
34
25
19
49
22
8
50
32
39
4
5
32
21
18
48
29
16
3
26
49
47
35
25
41
17
40
7
22
10
9
42
33
38
14
6
1
44
30
31
34
2
20
37
24
13
43
11
12
23
27
15
45
8
28
19
50
36
46
7
17
45
21
39
4
9
24
18
25
28
44
27
12
19
8
14
20
31
16
49
35
30
36
37
50
43
46
32
41
40
5
34
23
11
47
3
6
15
48
1
38
22
42
2
26
10
13
33
29
3
30
42
10
26
33
23
25
19
36
45
13
20
5
9
15
34
29
11
43
40
44
27
1
22
7
49
31
21
17
16
50
28
18
4
37
48
8
39
14
38
24
12
46
6
2
47
32
35
41
50
44
27
38
30
13
11
14
9
17
21
40
48
46
42
35
15
1
37
18
19
3
6
4
36
25
23
2
7
34
49
43
47
39
32
33
28
26
29
31
24
41
20
10
5
16
12
22
45
8
33
5
19
29
18
9
15
44
43
39
31
35
50
40
27
37
45
30
8
25
3
11
48
2
10
41
42
4
14
7
26
20
17
13
28
16
21
23
1
46
34
47
36
32
38
22
24
12
49
6
37
31
20
4
19
15
41
26
50
24
35
17
40
49
33
1
5
6
38
11
44
30
18
13
7
47
12
22
29
28
46
16
27
48
42
39
10
3
9
25
2
14
32
8
21
45
36
43
34
23
31
1
29
37
7
30
46
34
47
5
19
32
26
22
35
33
44
11
28
24
20
18
8
45
43
3
2
13
15
6
17
36
40
14
38
50
25
27
10
4
49
21
41
48
12
42
9
16
23
39
44
22
30
34
10
17
50
3
38
37
42
48
12
14
46
24
32
41
6
5
29
1
33
28
27
35
31
16
39
11
43
45
13
26
49
4
18
36
19
23
20
15
8
7
9
47
2
21
40
25
29
3
6
14
25
41
31
20
26
32
13
8
11
17
23
18
9
5
24
19
38
10
16
27
49
39
4
12
1
21
34
44
30
47
2
43
22
35
48
45
7
50
33
37
15
36
42
46
28
40
1
38
47
6
43
26
18
16
5
21
17
28
34
36
12
30
10
22
14
44
27
32
7
9
46
37
20
48
23
42
11
31
4
15
29
49
50
33
24
39
45
2
13
19
40
41
8
25
3
35
22
29
46
25
49
36
37
13
35
43
34
15
41
10
7
5
24
17
48
27
4
14
44
6
19
38
3
20
12
2
21
32
45
16
30
8
23
1
40
9
42
28
39
50
26
11
18
31
47
33
16
34
36
42
50
46
28
37
8
14
41
39
25
45
20
21
48
15
10
1
2
17
47
26
35
29
11
40
9
4
27
23
22
19
7
44
32
49
12
5
13
43
18
3
33
24
31
30
6
38
5
42
22
17
29
37
26
10
1
49
39
36
14
20
2
50
27
38
25
47
18
8
46
24
12
6
41
23
34
48
19
7
31
45
33
13
4
11
32
15
21
3
16
35
44
30
40
28
9
43
24
47
38
12
13
49
25
40
17
10
20
45
33
42
14
39
26
3
34
8
6
28
1
23
4
31
32
36
22
46
37
2
15
50
5
48
27
21
30
11
9
44
43
18
7
29
16
35
41
19
27
13
12
23
2
8
19
45
46
26
36
6
32
34
44
28
41
50
43
42
25
20
4
38
17
16
14
47
11
35
24
3
21
9
31
5
15
39
33
18
40
1
7
22
30
10
37
29
48
49
6
9
14
8
15
29
47
48
27
42
5
30
35
50
34
4
13
25
16
31
24
46
23
11
39
43
36
3
28
22
33
21
19
49
26
40
7
41
2
17
32
18
45
20
37
44
38
1
10
12
46
23
17
39
20
48
22
6
28
27
32
42
49
24
8
9
50
43
26
45
35
34
41
15
16
19
10
33
36
13
47
1
12
30
40
25
2
18
4
3
5
11
31
21
29
38
7
37
14
44
13
39
41
22
37
10
38
18
14
11
29
19
1
16
3
46
20
34
45
36
32
6
31
42
23
8
21
43
33
44
28
48
49
27
12
30
40
47
7
35
50
5
17
9
24
4
26
2
25
15
15
2
43
26
6
24
14
50
20
23
10
31
22
4
11
29
28
47
33
30
7
38
40
25
44
36
37
41
19
49
32
46
5
35
9
45
8
34
21
42
48
16
27
17
1
18
39
3
12
13
17
37
15
13
24
21
12
31
45
35
22
3
19
9
6
16
36
4
50
23
39
2
34
20
25
1
29
11
43
47
30
33
42
40
44
10
38
32
41
28
46
7
14
26
18
5
49
27
8
48
26
21
8
44
40
12
45
35
15
29
33
16
30
1
5
6
11
7
22
4
47
19
17
3
48
32
39
28
41
23
42
49
24
10
46
2
34
38
50
37
18
13
25
31
20
9
27
36
43
14
36
12
35
48
8
14
4
23
6
50
46
10
18
3
26
47
30
9
44
13
16
41
2
49
21
20
40
15
5
32
38
27
25
1
39
28
11
24
31
29
43
19
37
33
45
7
34
17
22
42
25
48
13
24
32
19
35
30
4
12
1
29
46
21
47
27
23
33
36
50
14
45
28
39
8
18
22
26
10
3
6
37
38
41
20
9
43
7
17
2
15
40
42
49
31
34
44
5
16
11
30
35
28
36
38
34
39
7
10
44
43
27
2
23
18
3
21
12
9
37
1
5
25
14
26
48
16
29
50
15
20
42
6
33
8
31
49
4
47
41
11
22
40
24
17
46
32
19
13
45
48
32
31
2
45
35
24
49
36
41
40
33
44
39
22
23
38
18
30
28
34
15
26
47
11
13
50
10
17
9
4
19
7
43
25
46
5
29
16
20
8
12
1
6
42
27
3
14
21
37
21
43
10
35
12
2
33
5
24
47
4
22
16
28
17
14
7
49
40
46
11
27
9
30
32
34
48
6
37
25
50
38
26
8
23
3
20
42
13
44
29
45
19
39
36
31
41
15
18
1
12
28
25
40
9
1
17
38
44
31
2
4
36
18
15
34
43
23
32
49
21
39
10
35
29
45
27
24
20
37
41
14
33
3
16
19
42
46
26
8
47
30
11
5
22
13
6
48
7
50
9
20
24
3
36
47
5
32
2
40
49
26
42
11
43
38
25
19
4
21
15
16
29
10
50
12
45
14
46
39
7
22
48
34
18
6
35
44
8
1
30
37
28
27
41
23
13
33
17
31
23
49
9
47
22
7
44
8
41
1
48
2
31
13
28
45
33
36
19
40
12
37
21
17
24
4
34
18
6
27
14
35
32
42
15
26
30
20
3
50
16
29
38
11
46
43
25
10
39
5
34
45
18
41
47
40
13
12
22
20
30
43
9
25
16
44
29
24
2
7
31
42
50
32
6
10
17
38
27
36
15
11
8
37
48
21
46
28
35
19
33
39
5
1
4
14
23
49
26
3
38
19
3
33
1
32
7
46
12
15
16
21
39
44
24
42
47
2
13
48
23
29
20
37
18
27
35
45
40
5
22
25
43
6
41
17
31
10
14
30
26
36
9
28
49
8
50
4
11
34
28
18
32
7
46
31
8
47
34
33
11
1
45
37
30
48
49
10
41
14
43
4
22
21
20
40
24
44
16
29
25
26
9
17
35
15
19
2
23
27
3
6
50
12
13
39
5
42
38
36
4
33
48
11
23
39
27
2
30
34
14
7
21
32
37
20
6
16
18
15
42
36
24
5
45
17
28
50
38
40
8
13
3
46
22
35
29
25
49
47
12
9
44
43
10
19
1
41
31
26
40
36
34
1
3
45
29
39
49
8
37
38
7
27
13
32
19
44
42
17
50
48
11
41
31
24
9
30
25
14
5
6
10
4
47
12
26
22
20
33
35
23
2
16
28
15
43
18
46
21
2
50
16
20
31
3
30
28
29
7
27
41
10
43
49
12
8
39
47
32
36
24
37
18
42
46
1
34
35
26
13
9
23
21
14
11
33
15
5
40
25
4
6
44
48
17
45
38
19
22
43
24
21
49
34
50
20
22
32
13
7
23
3
26
39
17
37
27
5
2
45
31
15
19
33
11
38
9
47
1
48
8
16
12
6
41
44
30
25
36
28
46
10
29
14
35
4
40
42
18
41
15
49
50
48
23
2
36
21
16
6
25
8
19
40
26
35
31
12
39
9
43
3
29
5
30
18
37
42
20
10
17
46
28
27
7
45
13
22
38
44
32
24
47
11
33
14
34
1
4
35
27
39
16
14
42
40
1
48
30
47
34
38
41
32
22
12
45
21
9
28
50
49
31
2
15
44
8
26
19
3
29
36
11
17
18
24
37
46
13
6
33
23
4
43
25
20
7
5
10
42
11
4
5
17
20
10
43
37
2
12
24
15
47
21
19
31
26
27
6
13
7
38
46
9
49
8
25
30
33
18
40
1
22
45
29
36
50
28
34
41
35
3
14
23
32
48
39
44
16
47
16
40
27
44
28
34
19
7
48
9
46
6
29
4
31
22
37
17
20
33
21
13
12
3
2
15
32
8
50
36
18
14
5
43
23
41
45
42
49
10
25
26
38
39
1
35
11
30
24
45
26
23
46
5
25
6
17
13
9
38
14
4
33
36
49
18
35
1
10
48
47
43
50
28
22
19
42
24
12
29
41
44
31
21
34
39
16
37
7
27
8
30
15
3
40
11
20
32
2
49
25
11
43
33
22
1
21
39
46
3
47
37
15
48
2
42
8
35
34
41
40
14
44
13
5
30
7
18
45
23
24
29
32
10
38
12
31
6
26
19
17
4
36
16
50
28
9
27
20
10
8
26
19
11
27
36
33
31
45
18
9
17
7
38
13
2
48
39
3
46
23
35
16
15
42
25
5
4
43
1
47
41
24
50
14
37
12
34
6
22
49
21
40
32
20
30
44
29
28
11
41
50
30
27
5
16
15
3
22
23
20
29
8
45
43
1
42
46
38
26
25
12
48
40
28
33
49
2
31
44
4
18
7
19
32
14
9
36
24
39
10
35
13
34
21
17
6
37
47
8
14
44
9
4
43
32
11
25
6
50
37
28
38
41
7
3
21
49
33
30
26
36
40
34
23
5
17
13
10
12
39
35
29
1
42
16
19
18
22
31
20
46
2
47
48
15
45
24
27
18
40
37
28
16
6
43
9
42
4
24
50
23
31
1
11
46
14
20
12
8
49
5
22
41
21
7
19
45
38
2
10
39
25
13
27
17
48
44
32
36
26
29
34
35
3
33
47
15
30
