32
7
33
45
42
16
14
41
40
18
15
11
13
2
31
21
4
28
3
29
37
22
19
43
30
9
26
39
48
8
35
12
50
44
36
1
47
5
38
10
25
34
49
23
27
6
46
24
20
17
12
1
2
15
35
44
25
42
47
38
31
5
43
8
50
40
23
48
19
41
22
7
32
34
3
33
29
27
49
18
9
28
11
36
24
20
6
14
45
16
17
13
39
30
46
37
21
26
4
10
20
46
7
31
28
11
49
27
33
19
25
18
24
44
10
36
40
32
9
26
5
13
39
8
14
15
47
35
3
16
45
30
37
38
34
22
1
17
43
21
4
42
48
41
50
12
29
23
2
6
7
6
1
21
41
38
42
4
14
28
36
12
5
30
29
10
16
13
23
35
20
2
17
45
47
26
46
18
31
44
39
15
33
11
3
24
9
40
27
43
37
48
34
25
19
49
22
8
50
32
30
4
5
25
21
18
48
29
16
3
26
49
47
35
32
41
17
40
7
22
10
9
42
33
38
14
6
1
44
24
31
34
2
20
37
39
13
43
11
12
23
27
15
45
8
28
19
50
36
46
19
28
45
7
39
4
9
24
5
25
11
44
27
12
34
8
14
20
31
16
49
35
21
36
37
50
43
46
32
41
40
17
18
23
6
47
3
15
30
48
1
38
22
42
2
26
10
13
33
29
28
30
42
32
7
33
23
25
20
36
45
13
3
21
9
44
27
29
11
43
40
37
10
19
22
41
1
31
14
17
16
50
26
18
4
46
48
8
39
34
38
24
12
35
6
2
47
5
15
49
50
44
37
38
27
13
11
23
9
17
21
40
48
46
42
35
15
1
47
30
19
3
6
4
36
25
14
2
7
34
49
43
20
39
32
33
28
26
29
31
24
41
18
10
5
16
12
22
45
8
33
5
19
29
18
9
6
44
43
39
12
35
50
40
27
37
45
30
8
25
3
36
48
2
10
49
42
4
21
7
26
20
17
13
11
16
31
23
1
46
34
47
14
32
38
22
24
15
41
28
14
31
20
4
19
15
41
26
50
24
35
17
40
49
33
1
5
6
38
11
44
39
18
13
7
47
12
22
29
30
46
16
27
48
42
37
10
3
9
25
2
28
32
8
21
45
36
43
34
23
39
41
29
37
8
30
46
34
36
5
19
32
26
22
35
33
44
21
28
24
23
18
12
1
43
3
2
13
15
6
17
27
40
14
38
50
25
45
10
4
49
31
47
48
20
42
9
16
11
7
44
22
30
34
10
47
50
3
38
37
42
48
12
14
46
24
32
41
6
19
29
1
33
5
27
35
31
16
39
28
43
45
13
26
49
4
18
36
15
23
20
11
8
7
9
17
2
21
40
25
29
10
6
14
25
41
31
20
8
32
13
19
11
17
23
16
9
5
24
7
38
50
26
27
49
39
4
12
1
21
34
44
30
47
2
43
22
35
48
42
3
15
33
37
45
36
18
46
28
40
1
49
47
6
43
26
16
18
12
21
17
28
34
36
30
39
10
22
14
48
27
32
7
50
46
37
20
5
23
42
11
31
4
15
29
2
44
33
24
38
45
9
13
19
40
41
8
25
3
35
22
29
46
18
49
36
37
13
35
43
34
15
41
10
7
5
24
17
48
27
4
33
44
6
19
38
3
20
12
2
21
32
45
16
30
8
23
28
40
9
42
14
11
50
26
25
39
31
47
1
16
34
36
42
50
46
28
37
23
14
41
39
25
45
13
18
48
15
10
1
2
17
47
26
35
29
11
7
9
4
20
8
22
19
21
44
32
49
12
5
40
43
27
3
33
24
31
30
6
38
5
38
22
17
29
37
26
10
1
49
39
36
14
20
2
50
42
46
43
47
18
8
27
24
12
6
41
23
34
48
19
7
31
45
33
13
4
11
32
15
21
3
16
44
25
30
40
28
35
9
24
47
49
13
30
39
35
40
17
10
20
45
23
42
14
25
26
3
34
8
6
28
1
41
4
31
32
36
22
46
37
2
15
50
5
48
27
21
19
11
9
44
43
18
7
29
16
12
38
33
27
13
12
23
22
8
19
45
46
26
44
6
32
34
17
28
41
50
36
42
25
20
4
38
48
16
49
40
11
35
24
3
21
2
31
5
15
39
33
18
47
1
7
14
30
10
37
29
9
43
6
9
14
8
15
29
47
48
27
42
5
30
35
50
12
4
13
25
16
31
24
46
23
11
39
43
36
3
28
22
33
21
19
49
26
40
7
41
2
17
32
18
45
20
37
44
38
1
10
34
46
23
17
39
20
48
22
6
28
27
32
42
49
24
8
9
50
43
26
45
35
11
41
15
16
19
10
33
36
13
47
1
12
30
40
25
34
18
4
3
5
2
31
21
29
38
7
37
14
44
13
39
41
22
37
10
38
14
18
11
29
3
1
16
44
46
20
34
45
36
32
6
31
42
23
8
21
43
33
15
28
48
49
27
12
30
40
47
7
35
50
5
17
9
24
4
26
2
25
19
15
2
43
26
6
24
30
50
42
23
10
31
22
4
11
29
28
47
33
18
7
38
40
25
44
36
37
41
19
49
32
46
5
35
9
45
8
34
21
39
48
16
20
17
1
27
14
3
12
13
17
37
15
16
24
21
12
31
45
35
8
29
19
9
6
30
36
4
50
23
39
14
34
3
25
1
13
11
43
47
44
33
42
40
22
10
38
32
41
28
46
7
2
26
18
5
49
27
48
20
26
21
8
44
40
12
3
35
15
29
33
16
30
6
5
48
11
7
22
4
17
19
45
9
1
32
39
28
41
23
42
47
24
10
46
49
2
38
50
37
13
20
25
31
34
18
27
36
43
14
36
12
35
48
45
14
4
8
6
50
46
27
18
3
39
47
30
9
44
13
16
41
2
49
21
20
40
15
5
32
38
23
25
1
28
26
11
24
31
29
43
19
37
33
10
7
34
17
22
42
25
48
13
24
32
19
21
30
4
12
1
47
46
5
28
27
6
33
29
50
14
45
37
23
8
18
22
26
10
3
15
36
38
41
20
9
43
7
17
2
44
40
42
49
31
34
35
39
16
11
18
35
28
36
38
34
39
7
10
44
22
43
2
23
20
3
21
12
15
37
1
5
25
14
26
48
16
29
50
9
30
42
6
33
27
31
49
4
47
41
11
8
40
24
17
46
32
19
13
45
48
32
27
2
13
35
45
49
26
41
40
33
44
39
22
23
38
18
30
28
34
15
46
47
11
24
50
10
17
31
4
19
7
43
25
36
5
29
16
20
8
12
1
6
42
9
3
14
21
37
21
43
10
27
12
17
33
5
24
47
4
22
16
1
26
14
7
49
40
2
11
30
9
46
32
34
48
6
37
25
50
38
28
8
23
3
20
42
13
44
29
45
19
39
36
31
41
35
18
15
11
50
25
40
9
1
17
38
44
31
2
4
33
18
15
34
43
23
32
49
21
10
28
35
29
45
27
24
20
37
41
14
47
3
39
19
42
46
26
8
12
30
36
5
22
13
6
48
7
16
9
19
24
3
36
20
5
32
2
40
49
26
42
11
43
38
25
10
4
21
47
27
29
16
50
12
45
14
46
39
7
22
48
34
18
6
35
44
8
1
30
37
28
15
41
23
13
33
17
31
23
40
9
19
26
7
18
11
41
1
48
2
31
13
47
45
33
36
37
46
12
44
8
17
24
4
34
21
6
27
14
35
32
42
15
28
30
20
3
50
16
29
38
22
49
43
25
10
39
5
34
45
18
41
47
28
13
12
22
20
30
7
9
25
16
32
29
24
2
15
31
42
50
10
40
44
17
38
27
36
8
11
43
37
48
21
46
6
35
19
33
39
5
1
4
14
23
49
26
3
38
24
31
33
1
32
7
46
19
15
50
21
39
48
3
42
47
2
13
34
43
29
20
37
18
27
35
45
40
5
22
25
23
6
41
17
16
10
14
30
26
36
9
28
44
8
11
4
49
12
3
18
32
12
46
2
8
47
34
33
43
1
45
37
48
11
49
38
41
14
28
4
22
21
20
10
24
44
16
29
25
26
9
17
35
15
19
30
23
40
7
6
50
27
13
39
5
42
31
36
4
33
48
11
23
31
27
2
30
34
14
10
21
32
37
20
8
16
18
9
42
12
24
39
45
17
28
50
38
40
6
13
3
46
7
35
29
25
49
47
36
22
44
43
15
19
1
41
5
26
40
36
34
1
3
45
29
39
49
8
37
38
7
27
24
2
19
44
42
17
50
48
11
32
31
13
9
30
25
14
5
6
10
4
47
12
26
22
20
33
35
23
41
16
28
15
43
18
46
21
2
17
16
20
31
3
44
28
29
7
27
41
10
43
49
12
37
39
25
32
36
24
30
18
42
40
23
34
35
26
13
9
8
21
14
11
33
1
5
45
15
4
6
46
48
47
50
38
19
22
43
3
21
49
34
50
20
22
32
13
7
23
6
26
19
17
39
27
5
44
45
31
15
30
33
11
38
9
47
1
48
37
16
12
8
41
24
2
25
36
28
46
10
29
14
35
4
40
42
18
41
15
38
50
48
23
2
36
21
16
6
25
8
19
40
26
35
31
12
39
9
43
3
29
5
30
18
37
42
20
10
49
46
28
44
7
45
13
22
27
14
32
24
47
11
33
17
34
1
4
35
27
39
10
14
42
24
1
48
30
47
34
38
28
25
22
12
45
21
40
15
16
49
31
2
5
44
8
26
19
3
29
36
9
17
18
50
37
46
13
6
33
23
4
43
11
20
7
32
41
49
11
4
5
17
25
10
43
37
2
16
24
15
47
21
19
31
26
27
6
13
34
38
7
9
46
8
42
30
33
18
40
1
22
45
29
36
50
28
14
41
35
3
12
23
32
48
20
44
39
47
16
3
35
44
40
34
19
7
48
9
46
28
29
4
31
22
37
17
20
33
21
13
12
6
2
15
32
8
50
36
18
14
5
43
23
41
27
42
49
10
25
26
38
39
1
45
11
30
24
45
26
23
46
5
49
15
17
13
9
38
14
4
33
36
6
18
35
1
10
48
47
43
20
28
22
19
25
24
12
29
41
44
31
50
34
39
16
37
7
27
21
30
11
3
40
42
32
8
2
42
25
11
43
33
22
1
21
39
46
3
20
37
15
18
49
34
8
35
5
41
40
14
44
13
7
30
47
2
45
23
24
29
32
10
38
12
31
6
26
19
17
4
36
16
50
28
9
27
48
10
8
26
47
11
27
36
33
31
45
18
9
17
7
38
13
2
19
39
3
46
23
35
28
15
42
25
48
4
43
1
5
41
24
16
14
37
12
34
6
22
49
21
40
32
20
30
44
29
50
31
20
50
30
2
5
40
15
3
22
23
8
29
41
45
43
1
42
46
38
26
25
16
48
17
28
33
49
18
11
27
4
34
7
19
32
14
9
36
24
39
10
35
13
12
21
44
6
37
47
8
14
44
9
4
43
32
16
25
6
28
37
20
38
41
7
3
11
49
33
30
26
36
40
34
23
5
17
13
10
12
39
35
29
1
42
21
19
18
22
31
50
46
2
47
48
15
45
24
27
37
42
40
28
16
6
43
9
11
4
24
50
36
31
1
15
46
14
20
12
8
49
5
22
41
21
7
19
45
38
2
10
39
25
13
27
17
48
44
32
18
26
29
34
35
3
33
47
23
30
