32
7
33
45
42
16
14
41
40
18
15
11
13
2
31
21
4
28
3
29
37
22
19
43
30
9
26
39
48
8
35
12
50
44
36
1
47
5
38
10
25
34
49
23
27
6
46
24
20
17
3
10
2
15
35
44
25
42
19
38
1
5
43
47
50
40
6
23
29
41
22
7
32
34
48
33
13
27
49
18
9
28
11
36
24
20
31
14
45
16
17
8
39
30
46
37
21
26
4
12
20
46
7
31
28
11
49
27
33
19
25
18
6
24
10
36
40
32
15
26
5
13
39
8
14
44
47
35
3
16
45
30
37
38
34
22
1
17
43
21
4
42
48
41
50
12
29
23
2
9
14
6
1
21
24
38
42
4
18
28
41
12
5
30
29
10
16
13
23
35
17
11
45
20
47
26
46
7
31
44
39
15
33
2
3
36
9
40
27
43
37
48
34
25
19
49
22
8
50
32
39
4
31
25
21
18
48
29
16
3
26
49
47
35
24
41
17
40
7
22
10
9
42
33
38
14
6
1
44
32
15
34
2
20
37
30
13
43
11
12
23
27
50
45
8
28
19
5
36
46
7
40
45
34
39
4
9
24
23
25
28
44
27
12
48
8
14
20
31
16
49
35
30
36
37
50
43
46
32
41
19
5
18
11
21
47
3
15
6
17
1
38
22
42
2
26
10
13
33
29
19
30
42
32
26
33
23
25
20
36
45
13
3
21
9
44
27
29
11
43
40
14
10
46
22
41
49
31
37
17
16
50
5
18
4
28
48
8
39
34
38
24
12
15
6
2
47
7
35
1
50
44
37
38
27
13
11
18
9
17
21
40
48
46
42
35
15
1
14
30
19
3
6
4
36
25
23
2
7
34
49
43
47
39
32
33
28
26
29
31
24
41
20
10
5
16
12
22
45
8
33
5
19
29
18
9
21
44
43
39
31
35
50
40
27
37
45
30
8
25
3
34
48
2
10
49
42
4
14
7
26
20
17
13
28
16
11
6
1
46
41
47
36
32
38
22
24
12
23
15
28
31
20
4
19
15
41
26
50
24
35
17
40
49
33
1
5
6
38
11
44
39
18
13
7
47
12
22
29
30
46
16
27
48
42
37
10
3
9
25
2
14
32
8
21
45
36
43
34
23
11
1
29
37
7
30
46
8
47
5
19
32
26
22
35
33
44
36
28
24
21
18
12
23
43
3
2
13
15
6
17
27
40
14
38
50
25
9
10
4
49
31
45
48
34
42
39
16
41
20
12
22
30
47
10
20
50
3
38
37
42
48
33
14
46
11
32
41
6
44
29
1
28
5
27
35
31
16
39
24
43
45
13
26
49
4
18
36
19
23
34
15
8
7
9
17
2
21
40
25
29
3
6
14
25
41
31
20
26
32
8
19
11
17
23
16
9
5
24
18
38
15
50
27
49
39
4
12
1
21
34
44
30
47
2
43
22
35
48
42
7
13
33
37
10
36
45
46
28
40
1
50
47
6
43
26
30
14
12
21
17
28
34
36
16
39
10
22
37
48
27
32
7
9
46
5
20
18
23
42
11
31
4
15
29
49
44
33
24
38
45
2
13
19
40
41
8
25
3
35
22
29
46
28
49
36
37
13
35
43
34
15
41
10
7
5
24
17
48
27
4
33
44
6
19
38
3
20
12
2
21
32
45
16
30
8
23
1
40
9
42
50
11
14
26
25
18
31
47
39
16
34
36
42
50
46
28
37
24
14
13
39
25
45
19
32
48
15
10
1
2
17
47
26
35
29
11
40
9
4
20
41
22
23
7
44
21
49
12
5
8
43
27
3
33
18
31
30
6
38
5
38
22
17
29
37
26
10
1
49
39
36
14
20
2
50
42
46
19
47
18
8
27
24
12
6
41
23
34
48
44
7
31
45
33
13
4
11
32
15
21
3
16
35
25
30
40
28
9
43
24
47
49
12
13
39
19
40
17
10
20
45
23
42
14
25
26
3
34
8
6
28
1
30
4
31
32
36
22
46
37
2
15
50
5
48
27
21
41
11
9
44
43
18
7
29
16
35
38
33
27
13
12
23
2
8
40
45
46
26
36
6
32
34
47
28
41
50
43
42
25
20
4
38
17
16
14
48
11
35
24
3
21
9
31
5
15
39
33
18
44
1
7
22
30
10
37
29
49
19
6
9
14
8
15
29
47
48
27
42
5
30
35
50
12
4
13
25
16
31
24
46
23
11
39
43
36
3
28
22
33
21
19
49
26
40
7
41
2
45
32
18
17
20
37
44
38
1
10
34
46
24
17
39
20
48
22
23
28
27
32
42
49
6
8
9
34
43
26
45
35
50
41
15
16
19
10
33
36
13
47
1
12
30
40
25
2
18
4
3
5
11
31
21
29
38
7
37
14
44
13
39
41
22
37
17
38
34
14
11
29
3
1
16
30
46
20
18
45
36
32
6
31
42
23
8
21
43
33
19
28
48
49
27
12
24
40
47
7
35
50
5
15
9
44
4
26
2
25
10
15
2
43
26
30
24
44
50
42
23
10
31
22
4
11
29
28
47
33
5
7
38
40
25
6
36
37
41
19
49
32
46
20
35
9
45
8
34
21
39
48
16
18
17
1
27
14
3
12
13
17
37
15
13
22
21
12
31
45
35
44
20
19
9
6
24
36
4
50
23
39
2
34
3
25
1
29
11
43
47
8
33
42
40
16
10
38
32
30
28
46
7
14
26
18
5
49
27
48
41
18
21
8
44
40
12
3
35
15
29
33
16
30
48
5
49
11
7
22
4
47
19
26
45
1
32
39
28
41
23
42
17
24
10
46
2
6
38
50
37
13
9
25
31
20
34
27
36
43
14
36
12
35
48
41
14
4
11
6
50
46
8
18
3
39
47
30
9
44
13
16
10
2
49
21
20
40
15
5
28
38
23
25
1
27
26
32
24
31
29
43
19
37
33
45
7
34
17
22
42
25
48
13
24
32
19
35
30
4
12
43
29
46
28
44
27
37
33
47
50
14
45
21
1
8
18
22
26
10
3
23
36
38
41
20
39
34
7
17
2
15
40
42
49
31
9
5
6
16
11
30
35
28
36
38
34
39
7
10
44
22
43
2
23
18
3
21
12
9
37
1
5
25
14
26
48
16
29
50
15
27
42
6
33
8
31
49
4
47
41
11
20
40
24
17
46
32
19
13
45
48
32
27
2
45
35
15
49
8
41
40
33
36
39
22
23
38
26
30
28
34
44
46
47
11
13
50
10
17
31
4
19
7
43
25
9
5
29
16
20
18
12
1
6
42
24
3
14
21
37
37
43
10
35
12
2
33
5
30
47
4
22
16
1
17
14
7
49
40
46
11
27
9
28
32
34
48
6
21
25
50
38
26
8
23
3
20
42
13
44
29
45
19
39
36
31
41
15
18
24
21
11
25
40
9
1
17
38
44
31
2
4
12
18
15
34
43
10
32
49
23
16
33
35
29
45
27
24
20
37
41
14
28
3
39
19
42
46
26
8
36
30
47
5
22
13
6
48
7
50
9
20
24
3
36
10
5
32
2
40
49
26
42
11
43
38
25
19
4
21
15
30
29
16
50
12
45
14
46
39
7
22
48
34
18
6
35
44
8
1
47
37
28
27
41
23
13
33
17
31
23
28
9
19
47
7
18
22
41
1
48
2
31
13
26
45
33
11
36
40
12
37
8
17
24
4
34
21
6
27
14
35
32
42
15
46
30
20
3
50
16
29
38
44
49
43
25
10
39
5
34
45
18
41
8
47
13
12
22
20
30
10
9
25
32
6
29
24
2
7
31
42
16
50
44
15
17
38
27
36
40
11
43
37
48
21
46
28
35
19
33
39
5
1
4
14
23
49
26
3
38
49
3
33
1
32
7
46
11
15
12
21
39
44
34
42
47
2
13
19
48
29
20
37
18
27
35
45
40
5
22
25
23
6
41
17
43
10
14
30
26
36
9
28
24
8
50
4
31
16
31
18
32
7
46
40
8
47
34
33
50
1
45
37
28
30
49
38
41
14
43
4
22
21
20
10
24
44
16
29
25
26
9
17
35
15
19
27
23
48
3
6
2
12
13
39
11
42
5
36
4
33
48
11
23
31
27
2
5
34
14
7
21
32
37
20
39
16
18
9
42
36
24
10
45
17
28
50
38
40
30
13
3
46
6
35
29
25
49
47
12
22
44
43
15
19
1
41
8
26
40
36
34
1
3
45
29
39
49
8
37
38
7
27
13
2
19
44
42
17
50
48
11
32
31
24
9
30
25
14
5
6
10
4
47
12
26
22
20
33
35
23
41
16
28
15
43
18
46
21
2
17
16
20
31
3
45
28
29
7
27
41
10
43
49
12
50
39
25
32
36
24
5
18
42
37
1
34
35
26
13
9
8
21
14
11
33
23
15
40
30
4
6
46
48
47
44
38
19
22
43
19
21
49
34
50
20
6
32
13
7
23
44
26
3
17
8
27
5
2
45
31
15
39
33
11
38
9
47
1
48
37
16
12
22
41
24
30
25
36
28
46
10
29
14
35
4
40
42
18
41
15
38
50
48
23
2
36
21
16
6
25
8
19
40
26
35
31
12
39
9
43
3
29
5
30
18
37
42
20
10
49
46
28
44
7
45
13
22
27
14
32
24
47
11
33
17
34
1
4
35
27
39
10
14
42
24
1
48
30
47
34
38
5
25
22
12
45
21
15
28
41
49
31
2
40
44
8
26
9
3
29
36
19
17
18
16
37
46
13
6
33
23
4
43
11
20
50
32
7
26
42
4
5
17
25
10
43
37
2
16
24
15
41
21
19
31
34
27
6
13
12
38
7
9
46
8
47
30
33
18
40
1
22
45
29
36
50
28
14
20
35
3
11
23
32
48
39
44
49
47
16
40
27
44
28
34
19
7
48
9
46
24
29
4
31
22
37
17
20
33
21
13
12
3
2
15
32
8
50
36
18
14
5
43
23
41
45
42
49
10
25
26
38
39
1
35
11
30
6
45
26
23
46
5
49
6
17
13
9
38
14
4
33
36
48
18
35
1
10
20
47
43
41
28
22
19
25
24
12
29
8
44
31
11
34
39
16
37
7
27
21
30
50
3
40
42
32
15
2
49
25
11
43
33
22
1
21
39
46
3
47
37
15
20
18
23
8
35
34
41
40
14
44
13
7
30
42
2
45
6
24
29
32
10
38
12
31
5
26
19
17
4
36
16
50
28
9
27
48
10
8
26
16
11
27
36
33
31
45
18
9
17
7
38
13
2
48
39
3
46
23
35
19
15
42
25
5
4
43
1
47
41
24
50
14
37
12
34
6
22
49
21
40
32
20
30
44
29
28
44
41
50
30
6
5
16
15
3
22
23
27
29
8
45
43
1
42
46
38
26
25
17
48
40
28
33
49
18
11
31
4
34
7
19
32
14
2
36
24
39
10
35
13
12
21
9
20
37
47
8
14
44
9
4
43
32
16
25
6
11
37
20
38
41
7
3
21
49
33
30
26
36
40
34
23
5
17
13
10
12
39
35
29
1
42
50
19
18
22
31
28
46
2
47
48
15
45
24
27
42
23
5
18
16
6
43
9
36
4
24
50
28
31
1
15
46
14
20
12
8
49
37
22
41
21
7
19
45
38
2
10
39
25
13
27
17
48
44
32
40
26
29
34
35
3
33
47
11
30
