32
7
31
45
42
16
3
41
4
18
15
11
13
2
25
21
17
28
14
29
37
22
19
43
30
9
26
39
48
8
35
12
50
44
36
1
47
5
38
10
40
34
49
23
27
6
46
24
20
33
12
1
2
15
35
44
25
42
19
38
13
5
43
8
50
40
39
23
3
41
22
7
32
34
48
33
29
27
49
18
9
28
11
36
24
20
6
14
45
16
17
31
47
30
46
37
21
26
4
10
20
46
7
31
28
11
49
27
33
19
25
18
6
24
10
36
40
32
9
26
5
13
39
8
14
44
47
35
3
16
45
30
37
38
34
22
1
17
43
21
4
42
48
41
50
12
29
23
2
15
44
6
1
7
24
38
42
4
20
28
36
12
5
30
29
10
16
13
23
35
21
33
17
41
47
26
46
18
31
11
39
15
45
14
3
2
9
40
27
43
37
48
34
25
19
49
22
8
50
32
30
4
25
32
21
18
48
29
16
3
26
49
47
35
39
41
50
40
7
22
10
9
42
33
38
14
6
1
44
31
15
34
2
20
37
24
13
43
11
12
23
27
17
45
8
28
19
5
36
46
21
42
45
34
39
4
9
24
23
25
11
44
27
12
17
8
14
20
31
16
49
35
28
36
37
50
43
46
32
41
6
5
18
40
7
47
3
30
19
48
1
38
15
22
2
26
10
13
33
29
19
30
42
26
41
33
23
25
5
36
45
13
3
1
9
15
27
29
11
43
40
44
21
20
22
46
14
31
37
17
16
50
28
18
4
49
48
8
39
34
38
24
12
35
6
2
47
10
32
7
50
44
37
38
47
13
11
14
9
17
21
40
48
46
42
35
15
1
36
18
19
3
6
30
4
25
23
2
7
34
49
43
20
39
32
33
28
26
29
31
24
41
27
10
5
16
12
22
45
8
33
5
19
29
18
9
21
44
43
39
31
35
50
40
27
37
45
30
8
25
3
34
48
2
10
41
42
4
14
7
26
20
17
13
28
16
36
15
1
46
12
47
11
32
38
22
24
6
23
49
28
31
20
4
19
15
41
26
50
24
35
17
40
49
33
1
5
6
38
11
44
37
18
13
7
47
12
22
29
30
46
16
27
48
42
36
10
3
9
25
2
14
32
8
21
45
39
43
34
23
14
41
29
37
45
30
46
21
47
5
19
32
26
22
35
33
44
36
28
24
20
18
12
7
43
3
2
13
15
6
17
27
40
11
38
50
25
23
10
4
49
8
39
48
34
42
9
16
31
1
11
22
30
12
10
47
50
3
38
37
42
48
36
14
46
44
32
41
6
19
29
1
33
15
27
35
31
16
39
24
43
45
13
26
49
4
18
28
5
23
34
20
8
7
9
17
2
21
40
25
29
3
6
14
25
41
31
20
26
32
16
19
11
17
23
18
9
5
24
7
38
10
8
27
49
39
4
12
1
21
34
44
30
47
2
43
22
45
48
42
13
50
33
37
15
36
35
46
28
40
1
50
47
6
43
26
44
18
30
21
17
28
34
36
12
49
10
22
29
48
27
32
7
9
46
37
20
14
23
42
11
31
4
15
16
39
5
33
24
38
45
2
13
19
40
41
8
25
3
35
22
29
46
25
49
36
37
13
35
43
34
15
41
10
7
5
24
17
48
27
4
39
44
6
19
38
3
20
12
2
21
32
33
16
30
8
23
1
40
9
42
28
45
14
26
11
18
31
47
50
16
34
36
42
50
46
28
37
40
14
8
39
25
45
13
32
48
15
10
1
2
17
47
26
35
29
11
7
9
4
19
41
22
23
27
44
21
49
12
5
20
43
18
3
33
24
31
30
6
38
5
38
22
17
29
37
26
10
1
49
39
36
14
20
2
50
4
46
19
47
18
8
27
24
12
6
41
23
34
48
44
7
31
45
33
13
43
11
32
15
21
3
16
42
25
30
40
28
35
9
24
47
23
13
30
49
35
40
17
10
20
45
33
42
14
39
26
3
34
8
6
28
1
4
36
31
32
25
22
46
37
2
15
50
5
48
27
21
41
11
9
44
43
18
7
29
16
12
38
19
27
13
12
23
2
8
14
45
46
26
22
6
32
34
48
28
37
50
47
42
25
20
4
38
17
16
49
40
11
35
24
3
21
19
31
5
15
39
33
18
41
1
7
44
30
10
36
29
9
43
6
9
14
8
15
29
47
48
27
42
5
30
35
50
31
4
13
25
16
34
24
46
23
11
39
43
36
3
21
28
33
17
19
49
26
40
7
41
2
45
32
18
22
20
37
44
38
1
10
12
46
11
17
39
20
48
22
35
28
27
32
42
49
6
8
9
34
43
26
45
23
2
41
50
16
19
10
33
36
13
47
1
12
30
40
25
24
18
4
3
5
15
31
21
29
38
7
37
14
44
13
39
41
22
37
17
38
34
18
11
29
3
1
16
44
46
20
10
45
36
15
6
31
42
23
8
21
43
33
19
28
48
49
27
12
30
40
47
7
35
50
5
14
9
32
4
26
2
25
24
15
2
43
27
26
24
30
50
42
23
10
31
22
4
11
29
28
47
33
44
7
38
40
25
6
36
37
41
19
49
32
46
5
35
9
45
8
34
21
39
48
16
20
17
1
18
14
3
12
13
17
37
15
16
22
21
12
31
45
35
44
20
19
9
6
24
41
4
50
23
39
14
34
3
25
1
13
11
43
47
40
33
42
2
29
10
38
32
30
28
46
7
36
26
18
5
49
27
8
48
49
21
8
44
40
12
18
47
15
29
33
16
30
48
5
6
11
7
22
4
17
19
26
45
1
32
39
28
41
23
42
36
24
10
46
9
2
38
50
37
3
13
25
31
20
34
27
35
43
14
36
12
35
48
27
14
4
8
6
50
46
10
18
3
26
47
30
9
44
13
16
41
2
49
21
20
40
15
5
32
38
23
25
1
39
28
11
24
31
29
43
19
37
33
45
7
34
17
22
42
25
48
13
24
32
19
15
30
14
12
1
29
46
28
34
27
6
33
43
50
35
45
5
39
8
18
22
26
10
3
23
21
38
41
20
37
44
7
17
2
47
40
42
49
31
9
4
36
16
11
18
35
28
36
38
34
39
7
10
44
43
27
2
23
20
3
21
12
15
37
1
5
25
14
26
48
16
29
50
22
30
42
6
33
8
31
49
4
47
41
11
9
40
24
17
46
32
19
13
45
48
32
5
2
13
35
24
49
8
41
40
33
44
39
22
23
38
26
30
28
34
36
45
47
11
15
50
10
17
9
4
19
7
43
25
46
31
29
16
20
18
12
1
6
42
27
3
14
21
37
37
43
10
35
12
2
33
5
24
47
4
22
16
21
30
14
7
49
40
46
11
27
9
1
32
34
48
6
28
25
50
38
26
8
23
3
20
42
13
44
29
45
19
39
36
31
41
15
18
17
39
10
33
40
9
1
17
38
44
31
2
4
12
18
15
34
43
21
32
49
47
16
46
35
29
45
27
24
20
37
41
14
23
3
11
19
42
36
26
8
25
30
50
5
22
13
6
48
7
28
9
20
24
3
36
10
5
32
2
40
49
26
42
11
43
38
25
19
4
21
14
15
29
16
50
12
45
47
46
39
7
22
48
34
18
6
35
44
8
1
30
37
28
27
41
23
13
33
17
31
23
28
9
21
8
7
19
22
41
1
48
2
31
13
47
45
33
18
37
40
12
11
10
17
24
4
34
36
6
27
14
35
32
42
15
26
30
20
3
50
16
29
38
46
49
43
25
44
39
5
34
45
18
41
7
28
13
12
22
20
30
43
9
25
32
16
29
24
2
15
31
42
50
10
44
40
17
38
27
36
8
11
47
37
48
21
46
6
35
19
33
39
5
1
4
14
23
49
26
3
38
19
3
33
1
32
7
46
11
15
12
21
23
44
16
42
47
2
13
31
48
29
20
37
18
27
35
45
40
5
22
25
43
6
41
17
34
10
14
30
26
36
9
28
24
8
50
4
49
39
3
18
32
47
46
31
8
11
34
33
50
1
45
37
28
30
49
38
41
14
43
4
22
21
20
10
24
44
16
29
25
26
9
17
35
15
19
27
23
40
7
6
2
12
13
39
5
42
48
36
4
33
48
11
23
39
27
2
12
34
14
7
21
32
37
20
36
16
18
9
42
30
24
5
45
17
28
50
38
40
31
13
3
46
6
35
29
25
49
47
8
22
44
43
10
19
1
41
15
26
40
36
34
1
3
45
29
39
49
8
37
38
7
27
24
2
19
44
42
17
50
48
11
32
31
13
9
30
25
14
5
6
10
4
47
12
26
22
20
33
35
23
41
16
28
15
43
18
46
21
2
40
16
20
31
3
45
28
29
7
27
41
10
43
49
12
23
39
25
32
36
24
30
18
42
5
1
34
35
26
13
9
8
21
14
11
33
46
15
17
44
4
6
50
48
47
37
38
19
22
43
24
21
49
34
50
20
6
32
13
7
23
39
26
3
17
8
27
5
30
45
31
15
19
33
11
38
9
47
1
48
37
16
12
22
41
4
2
25
36
28
46
10
29
14
35
44
40
42
18
41
15
38
50
48
23
2
36
21
16
6
25
8
19
40
26
35
31
12
39
9
43
3
29
5
30
18
37
42
20
10
49
46
28
44
7
45
13
22
27
14
32
24
47
11
33
17
34
1
4
35
27
39
10
14
42
16
1
48
30
47
34
38
5
19
22
12
45
21
2
28
50
49
31
40
24
44
8
26
15
3
29
36
9
17
18
32
37
46
13
6
33
23
4
43
25
20
7
11
41
26
49
4
5
17
25
10
43
37
2
41
24
15
47
21
19
31
34
27
6
13
12
38
46
9
7
8
42
30
33
18
40
1
22
45
29
16
50
28
14
36
35
3
11
23
32
48
39
44
20
47
16
27
28
44
40
34
19
7
48
9
46
24
29
4
31
22
37
17
20
33
21
13
12
3
2
15
32
8
50
36
18
14
5
43
23
41
35
42
49
10
25
26
38
39
1
45
11
30
6
45
26
49
46
5
20
6
17
13
9
38
14
4
33
36
25
18
35
1
10
32
47
43
23
28
22
19
48
24
12
29
8
44
31
21
34
39
16
37
7
27
11
30
15
3
40
42
50
41
2
7
25
11
43
33
22
1
23
39
46
3
47
37
15
18
48
42
8
35
5
41
40
14
44
13
49
30
21
2
45
20
24
29
32
10
38
12
31
6
26
19
17
4
36
16
50
28
9
27
34
10
8
26
19
11
27
36
33
31
45
18
9
17
7
38
13
2
48
39
3
46
23
35
28
15
42
25
5
4
43
1
47
41
24
50
14
37
12
34
6
22
49
21
40
44
20
30
32
29
16
31
17
50
30
6
5
40
15
3
22
23
8
29
41
45
43
1
42
46
38
26
25
16
48
2
28
33
49
18
44
27
4
34
7
19
32
14
9
36
24
39
10
35
13
12
21
11
20
37
47
8
14
44
9
4
43
32
16
25
6
28
37
20
38
41
7
3
11
49
33
30
26
36
40
34
23
5
17
13
10
12
39
35
29
1
42
50
19
18
22
31
21
46
2
47
48
15
45
24
27
42
23
40
18
16
6
43
9
36
4
24
50
28
31
1
11
46
14
20
12
8
49
37
22
41
21
7
19
45
38
2
10
39
25
13
27
17
48
44
32
15
26
29
34
35
3
33
47
5
30
