32
7
33
45
42
16
3
41
40
18
15
11
13
2
31
21
4
28
14
29
37
22
19
43
30
46
26
39
48
8
35
12
50
44
36
1
47
5
38
10
25
34
49
23
27
6
9
24
20
17
7
1
2
15
35
44
19
42
47
38
13
5
43
8
50
40
23
46
3
41
22
12
32
34
48
33
29
27
49
18
9
28
11
36
24
20
6
14
45
16
17
31
39
30
25
37
21
26
4
10
20
46
7
31
28
11
49
27
33
19
25
18
6
44
10
36
40
32
15
26
5
13
39
8
14
24
47
35
3
16
45
30
37
38
34
22
1
17
43
21
4
42
48
41
50
12
29
23
2
9
44
6
1
21
24
38
42
4
18
28
41
12
5
30
29
10
16
13
23
35
17
7
33
20
47
26
46
14
31
11
39
15
45
2
3
36
9
40
27
43
37
48
34
25
19
49
22
8
50
32
31
4
5
32
21
18
48
29
16
3
26
49
47
35
25
41
39
40
7
22
10
9
42
33
38
14
6
1
44
30
15
34
2
20
37
24
13
43
11
12
23
27
17
45
8
28
19
50
36
46
18
17
45
34
39
4
9
24
42
25
28
44
27
12
30
8
14
20
31
16
49
35
21
36
37
50
23
46
32
41
19
43
5
40
7
47
3
6
15
48
1
38
22
11
2
26
10
13
33
29
3
30
42
28
41
33
23
25
19
36
45
13
44
5
9
15
27
29
11
43
40
37
10
7
22
1
49
31
21
17
16
50
34
18
4
26
48
8
39
14
38
24
12
46
6
2
47
32
35
20
50
44
37
38
27
13
11
47
9
17
21
40
48
46
42
35
15
1
29
18
19
3
6
4
36
25
14
2
7
34
49
23
43
39
32
33
28
26
30
31
24
41
20
10
5
16
12
22
45
8
33
5
19
29
18
9
21
44
43
39
12
35
50
40
27
37
45
30
8
25
3
15
48
2
10
49
42
4
14
7
26
20
17
13
31
16
36
23
1
46
34
47
41
32
38
22
24
6
11
28
30
31
20
4
19
15
41
26
50
24
35
17
40
49
33
1
5
6
38
11
44
36
18
13
7
47
12
22
29
28
46
16
27
48
42
39
10
3
9
25
2
14
32
8
21
45
37
43
34
23
14
11
29
37
7
30
46
34
20
5
19
32
26
22
35
33
44
23
28
24
21
18
27
45
43
3
2
13
15
6
17
36
40
31
38
9
25
1
10
4
49
50
47
48
12
42
39
16
8
41
12
22
30
47
10
28
50
3
38
37
42
48
33
14
46
44
32
41
6
34
29
1
8
5
27
35
31
16
39
24
43
45
13
26
49
4
18
36
19
23
20
15
11
7
9
17
2
21
40
25
29
3
6
14
25
41
31
20
8
32
10
19
11
17
23
16
9
5
24
15
38
50
26
27
49
39
4
12
1
21
34
44
30
47
2
43
22
35
48
42
7
13
33
37
45
36
18
46
28
40
1
49
47
6
43
26
18
14
12
21
17
28
34
36
39
30
10
22
37
48
27
32
7
29
46
9
20
5
23
42
11
31
4
15
16
50
44
33
24
38
45
2
13
19
40
41
8
25
3
35
22
29
46
25
49
36
37
13
35
43
34
15
41
10
7
5
24
17
48
27
4
39
44
6
19
38
3
20
12
2
21
32
33
16
30
8
23
45
40
9
42
28
18
14
26
11
50
31
47
1
16
34
36
42
50
46
28
37
23
14
8
39
20
45
13
25
48
15
10
1
2
17
47
26
35
29
11
7
9
4
40
41
22
19
21
44
32
49
12
5
18
43
27
3
33
24
31
30
6
38
5
38
22
17
29
37
26
10
1
49
39
36
14
20
2
50
42
19
25
47
18
8
46
24
12
6
41
23
34
48
27
7
31
45
33
13
4
11
32
15
21
3
16
35
44
30
40
28
9
43
24
47
23
13
30
49
35
40
17
10
20
45
25
42
14
39
26
3
34
8
6
28
1
19
4
31
32
36
22
46
37
2
15
50
5
48
27
21
41
11
9
44
43
18
7
29
16
12
38
33
27
13
12
23
2
8
14
45
46
26
31
6
32
34
47
28
37
50
19
42
25
20
4
38
17
16
43
40
11
35
24
3
21
9
22
5
15
39
33
18
41
1
7
44
30
10
36
29
48
49
6
9
14
8
15
29
47
48
27
42
5
30
35
50
34
4
13
25
16
31
24
46
23
11
39
43
36
3
28
22
33
21
19
49
26
40
7
41
2
17
32
18
45
20
37
44
38
1
10
12
46
24
17
39
20
48
22
35
28
27
32
42
49
6
8
9
50
43
26
45
23
34
41
15
16
19
10
33
36
13
47
1
12
30
40
25
2
18
4
3
5
11
31
21
29
38
7
37
14
44
13
39
41
22
37
17
38
18
14
11
29
10
1
16
3
46
20
34
45
36
32
6
31
42
23
8
21
43
33
44
28
48
49
27
12
30
40
47
7
35
50
5
15
9
24
4
26
2
25
19
15
2
43
10
26
24
27
50
30
23
44
31
22
4
11
29
28
47
33
5
7
38
40
25
6
36
37
41
19
49
32
46
20
35
9
45
8
34
21
39
48
16
14
17
1
18
42
3
12
13
17
37
15
16
22
21
12
31
45
35
36
3
19
9
6
24
41
4
50
23
39
2
34
30
25
40
13
11
43
47
20
33
42
14
44
10
38
32
29
28
46
7
8
26
18
5
49
27
1
48
26
21
8
44
40
12
45
6
15
29
33
16
30
48
5
18
11
7
22
4
35
19
17
3
1
32
39
28
41
23
42
49
24
10
46
2
34
38
50
37
13
9
25
31
20
47
27
36
43
14
36
12
35
48
45
14
4
23
6
50
46
8
18
3
26
47
30
9
44
13
16
41
2
49
21
20
40
15
5
32
38
27
25
1
39
28
11
24
31
29
43
19
37
33
10
7
34
17
22
42
25
48
13
24
32
19
44
30
4
12
1
29
46
21
28
27
36
33
9
50
14
45
5
23
8
18
22
26
10
3
6
47
38
41
20
37
43
7
17
2
15
40
42
49
31
34
35
39
16
11
9
35
28
36
38
34
39
7
10
44
22
20
2
23
18
3
21
12
43
37
1
5
25
14
26
48
16
29
50
15
30
42
6
33
27
31
49
4
47
41
11
8
40
24
17
46
32
19
13
45
48
32
31
2
13
35
24
49
26
41
40
33
36
39
22
23
38
10
30
28
34
44
45
47
11
15
50
18
17
9
4
19
7
43
25
46
5
29
16
20
8
12
1
6
42
27
3
14
21
37
21
43
10
27
12
2
33
5
24
47
4
22
16
1
17
14
7
49
40
46
11
30
9
28
32
34
48
6
37
25
50
38
26
8
23
3
20
42
13
44
29
45
19
39
36
31
41
35
18
15
39
10
25
40
9
1
17
38
44
31
2
4
12
18
15
34
43
21
32
49
28
33
50
35
29
45
27
24
20
37
41
14
23
3
11
19
42
46
26
8
47
30
36
5
22
13
6
48
7
16
19
27
24
3
36
20
5
32
2
40
49
26
42
11
43
38
25
14
4
21
48
16
29
9
50
12
45
10
46
39
7
22
47
34
18
6
35
44
8
1
30
37
28
15
41
23
13
33
17
31
23
28
9
26
47
7
40
8
41
1
48
2
31
13
19
45
33
18
36
44
12
11
37
17
24
4
34
21
6
27
14
35
32
42
15
49
30
20
3
50
16
29
38
22
46
43
25
10
39
5
34
45
18
41
8
47
13
12
22
20
30
43
9
25
32
6
29
24
2
7
31
42
16
50
40
10
17
38
27
36
44
11
28
37
48
21
46
15
35
19
33
39
5
1
4
14
23
49
26
3
38
50
3
33
1
32
7
46
11
15
16
21
39
24
12
42
47
2
13
19
43
29
20
37
18
27
35
45
40
5
22
25
48
6
41
17
31
10
14
30
26
36
9
28
49
8
44
4
23
34
28
18
32
12
46
10
8
11
34
33
43
1
45
37
48
2
49
38
41
14
47
4
22
21
20
7
24
44
16
29
25
26
9
17
35
15
19
30
23
40
3
6
50
27
13
39
5
42
31
36
4
33
48
11
23
39
30
2
36
34
14
7
21
32
37
20
6
16
18
9
42
27
24
10
45
17
28
50
38
40
31
13
3
46
8
35
29
25
49
47
12
22
44
43
15
19
1
41
5
26
40
36
34
1
3
45
29
39
49
8
37
38
7
27
24
32
19
44
42
17
50
48
11
41
31
13
9
30
25
14
5
6
10
4
47
12
26
22
20
33
35
23
2
16
28
15
43
18
46
21
2
23
16
20
31
3
15
28
29
7
27
41
10
43
49
12
17
39
47
32
36
24
30
18
42
44
1
34
35
26
13
9
8
21
14
11
33
37
5
45
40
4
6
50
48
25
46
38
19
22
43
19
21
49
34
50
20
22
32
13
7
23
3
26
44
17
8
27
5
30
45
31
15
39
33
11
38
9
47
1
48
37
16
12
6
41
24
2
25
36
28
46
10
29
14
35
4
40
42
18
41
15
38
50
48
23
2
36
21
16
6
25
8
19
40
26
35
31
12
39
9
43
3
1
5
30
18
37
42
20
10
17
46
28
29
7
45
13
22
27
44
32
24
47
11
33
14
34
49
4
35
41
39
7
14
42
25
1
48
30
47
34
38
28
16
22
12
45
21
40
15
10
49
31
2
37
44
8
26
19
3
29
36
11
17
18
50
27
46
13
6
33
23
4
43
9
20
5
32
24
49
20
4
5
17
25
10
43
37
2
11
24
15
47
21
19
31
26
27
6
13
14
38
46
9
41
8
42
30
33
18
40
1
22
45
29
16
50
28
34
36
35
3
12
23
32
48
7
44
39
47
16
27
35
44
40
34
19
7
48
9
46
24
29
4
31
22
37
17
20
33
21
13
12
3
2
15
32
8
50
36
18
14
5
43
23
41
28
42
49
10
25
26
38
39
1
45
11
30
6
45
26
49
46
5
31
6
17
13
9
38
14
4
33
36
48
18
35
1
10
20
47
43
32
28
22
19
25
24
12
29
8
44
23
50
34
39
16
37
7
27
21
30
42
3
40
11
15
41
2
42
25
11
43
33
22
1
21
39
46
3
47
37
15
20
49
34
8
35
2
41
40
14
44
13
5
30
48
18
45
23
24
29
32
10
38
12
31
6
26
19
17
4
36
16
50
28
9
27
7
10
8
26
19
11
27
36
33
31
45
18
9
17
7
38
13
2
48
39
3
46
23
35
16
15
42
25
47
4
43
1
5
41
24
28
14
37
12
34
6
22
49
21
40
32
20
30
44
29
50
11
40
50
30
6
5
16
15
3
22
23
27
29
41
45
43
1
42
46
38
26
25
12
48
44
28
33
49
2
31
8
4
18
7
19
32
14
9
36
24
39
10
35
13
34
21
17
20
37
47
8
14
44
9
4
43
32
16
25
6
50
37
28
38
41
7
3
11
49
33
30
26
36
40
34
23
5
17
13
10
12
39
35
29
1
42
21
19
18
22
31
20
46
2
47
48
15
45
24
27
37
42
40
18
16
6
43
9
5
4
24
50
23
31
1
11
46
36
20
12
8
49
28
22
41
21
7
19
45
38
2
10
39
25
13
27
17
48
44
32
14
26
29
34
35
3
33
47
15
30
