45
23
34
30
40
4
17
37
27
9
25
43
46
2
5
29
22
42
49
41
19
33
12
35
3
24
7
31
13
1
10
11
28
6
21
36
26
32
39
14
16
50
8
44
47
38
15
18
20
48
17
28
30
34
6
11
2
9
49
45
22
19
16
37
38
12
44
13
23
40
36
1
8
50
25
15
41
32
31
39
24
27
35
42
47
21
48
4
43
18
14
3
7
26
5
10
33
46
29
20
36
5
23
39
41
37
46
45
21
2
8
15
50
38
1
49
43
12
16
31
20
44
26
25
48
35
3
4
28
32
6
14
34
24
29
42
33
11
30
9
19
10
13
47
18
17
22
27
40
7
32
42
10
40
47
45
6
17
20
27
35
24
4
36
16
15
13
43
31
46
48
28
5
37
7
49
30
2
34
9
3
19
39
41
26
18
11
25
8
50
33
22
23
38
1
29
12
14
21
44
48
40
19
3
17
26
27
18
46
37
12
31
15
41
25
44
5
8
21
45
22
20
7
30
34
16
1
14
43
49
29
4
47
10
33
39
24
42
23
6
11
9
38
2
28
13
35
50
36
32
4
29
47
43
27
14
22
12
34
38
9
45
21
42
8
25
11
36
40
6
32
24
18
46
19
41
26
17
44
10
20
30
33
3
50
15
16
37
13
23
5
48
35
7
49
31
39
1
28
2
27
19
8
28
12
30
25
1
29
21
46
6
40
3
32
33
7
48
17
9
24
39
10
42
50
44
43
37
18
4
23
26
38
16
35
13
22
49
5
2
20
45
14
41
36
11
31
47
15
34
46
44
42
7
9
35
33
36
15
13
14
39
49
24
27
5
23
26
32
11
47
30
29
2
41
21
34
22
6
43
40
20
12
31
38
4
17
48
19
1
45
8
3
18
10
50
28
16
37
25
39
18
50
16
21
13
48
41
22
6
29
5
2
19
37
38
32
47
34
12
31
49
44
20
24
46
40
1
8
36
27
43
10
26
11
3
35
9
42
25
4
23
28
15
7
14
30
33
17
45
26
3
25
27
46
44
15
23
40
10
31
33
47
48
17
4
42
28
35
16
5
50
1
29
14
39
32
38
36
45
21
12
6
30
41
9
49
18
7
8
34
43
2
11
22
19
37
20
24
13
30
32
12
37
26
8
42
13
23
34
19
41
24
50
49
11
9
1
2
29
16
40
3
43
22
18
35
5
17
33
15
47
7
25
20
27
45
14
6
28
36
38
44
10
4
39
21
48
46
31
9
49
17
2
48
1
39
33
32
42
36
3
13
25
18
34
29
27
47
10
4
15
16
24
28
6
22
8
11
23
43
45
30
37
40
46
44
7
50
38
31
14
19
5
21
26
20
35
12
41
35
13
11
33
18
17
47
49
5
24
45
30
23
9
34
39
15
44
19
37
46
14
40
22
27
31
10
28
1
8
50
42
26
20
43
16
3
12
41
7
25
21
48
29
6
36
2
38
32
4
43
30
33
18
34
41
5
39
50
1
11
8
12
21
45
16
27
29
10
24
49
38
13
15
36
17
6
40
25
22
32
35
2
48
14
47
19
31
4
42
44
28
26
46
20
37
9
23
7
3
49
15
36
46
19
10
44
29
3
35
47
9
6
31
7
28
17
41
18
38
21
23
30
16
37
33
13
50
5
20
26
2
25
11
45
8
32
22
34
12
43
42
40
48
39
1
24
4
14
27
28
43
44
24
36
21
12
26
25
14
10
13
19
27
29
35
33
11
46
23
38
37
2
9
42
7
45
41
30
48
49
16
1
4
22
40
39
50
3
47
15
5
6
32
8
20
34
31
18
17
50
8
7
19
11
3
43
34
13
20
23
4
14
10
41
2
31
39
24
33
30
36
46
27
5
28
38
49
21
16
9
6
45
22
15
35
1
29
37
17
32
44
18
12
48
47
25
40
26
42
44
1
37
20
25
22
36
24
14
17
39
29
33
30
11
47
38
6
41
7
18
31
27
4
23
50
5
45
19
12
34
21
32
28
16
43
10
35
40
48
42
2
15
49
13
8
46
3
9
26
19
2
3
48
22
27
18
43
1
31
41
16
5
49
44
10
4
25
45
39
50
9
24
7
11
13
21
15
12
38
17
34
20
46
8
37
14
23
28
36
29
26
30
6
32
40
47
42
35
33
5
24
41
10
30
19
14
16
47
18
40
22
36
23
43
17
49
38
27
50
26
13
39
31
2
32
25
7
48
29
12
15
3
45
46
6
34
28
9
20
21
35
33
8
37
4
42
44
11
1
7
33
9
6
23
16
4
20
41
11
15
10
27
29
19
30
25
32
22
8
40
26
49
48
1
47
28
42
46
5
38
13
36
12
17
14
2
44
31
43
18
39
50
45
24
21
3
37
34
35
2
6
13
1
38
43
35
30
26
40
48
47
44
17
50
9
28
45
36
14
27
32
34
3
20
29
39
11
7
15
25
8
31
18
37
5
41
16
21
46
24
19
4
33
42
12
49
10
22
23
23
37
2
8
1
15
7
10
6
47
32
12
30
14
26
42
16
21
50
22
3
5
17
28
40
4
20
33
9
27
36
41
48
39
13
29
25
19
45
49
38
34
24
43
31
35
18
11
44
46
33
46
39
11
4
32
41
50
28
16
37
34
35
20
24
7
8
18
3
17
43
42
45
13
21
25
49
48
26
31
44
1
14
40
6
30
5
10
38
15
23
47
27
19
12
22
29
36
2
9
34
22
24
15
32
18
29
42
33
7
4
14
26
6
40
41
12
19
30
49
10
48
31
44
47
5
36
23
38
46
11
39
13
21
1
17
20
8
27
16
35
25
37
9
43
3
45
2
50
28
40
34
21
25
13
5
31
22
37
8
6
35
17
45
36
50
48
3
26
47
11
19
33
1
38
27
12
20
41
30
14
9
44
49
28
2
7
15
24
29
46
18
39
42
23
32
4
43
10
16
37
47
27
32
31
12
24
48
16
4
33
25
9
5
2
23
39
34
43
36
13
18
22
40
35
1
19
44
14
17
28
50
8
38
7
10
21
46
15
11
49
6
41
20
3
30
26
45
42
29
47
11
45
14
29
49
40
21
44
15
26
20
48
7
30
32
19
33
38
27
8
10
28
23
46
42
9
3
16
6
18
17
37
13
31
50
43
39
12
35
1
4
5
36
2
34
41
24
25
22
20
41
40
36
35
29
1
14
43
32
21
44
10
47
4
3
24
50
28
30
6
16
38
5
31
12
37
39
15
26
8
48
46
19
2
7
18
45
25
13
9
17
11
23
34
42
27
22
33
49
8
27
18
5
39
36
49
38
4
48
34
21
22
11
3
37
35
10
29
28
42
7
25
17
9
19
46
6
47
41
13
31
15
44
12
24
23
43
2
40
50
33
20
1
30
16
32
26
45
14
3
9
38
31
15
42
13
2
36
43
17
46
32
12
22
27
10
35
14
25
7
6
11
45
39
34
8
24
33
44
16
18
4
29
19
49
30
20
26
37
41
1
47
28
40
5
48
21
23
50
41
26
29
42
49
9
34
27
17
30
38
37
18
4
48
20
1
14
44
5
28
3
21
8
16
36
47
12
24
11
45
46
43
7
32
19
50
6
33
31
40
15
22
25
35
2
23
39
13
10
14
50
6
47
45
33
38
11
48
22
42
28
20
39
31
13
37
5
1
19
17
8
15
26
12
40
2
21
10
35
46
32
24
9
23
25
4
27
44
41
3
16
36
34
29
49
7
30
43
18
1
21
32
17
10
6
16
40
2
39
24
23
25
28
35
18
26
9
20
13
29
12
48
34
44
43
31
46
37
14
4
5
22
15
42
11
27
3
47
19
7
30
49
50
33
45
38
8
41
36
10
31
5
26
14
48
30
46
38
50
2
18
43
32
12
45
3
22
37
15
33
17
23
21
6
9
16
36
20
42
19
7
29
27
39
41
40
47
49
4
8
24
34
35
25
44
13
28
1
11
42
25
28
23
5
46
21
3
30
12
20
27
8
44
47
26
45
2
11
1
37
4
32
6
18
10
14
19
39
50
41
29
40
35
49
34
9
33
48
24
22
36
31
17
16
7
43
13
38
15
38
39
20
41
50
47
28
35
45
26
1
49
11
16
13
36
21
17
15
43
9
34
37
32
8
48
29
10
27
3
22
25
23
14
24
33
31
5
18
30
2
12
42
40
46
6
44
7
4
19
29
12
14
50
33
23
20
7
42
3
18
38
1
8
21
43
40
4
13
32
41
2
19
49
10
11
15
25
35
28
5
36
9
34
44
31
37
24
46
22
47
27
45
39
26
48
16
17
6
30
15
7
48
35
37
25
3
31
39
46
30
11
45
33
14
22
2
24
42
21
23
41
50
12
26
20
44
16
29
18
47
49
5
32
27
28
36
34
1
10
6
13
43
4
38
9
17
19
8
40
21
16
4
29
7
38
50
44
18
49
13
48
39
1
28
31
36
46
8
34
12
11
41
19
43
3
42
35
22
47
30
23
17
33
10
45
15
2
20
26
37
40
9
27
14
25
6
32
5
24
13
17
43
38
28
20
26
25
31
36
7
2
29
34
15
19
30
40
39
42
14
35
6
41
49
45
50
27
4
24
48
33
11
23
9
32
46
1
16
21
12
37
10
22
44
18
8
5
3
47
22
10
31
13
20
24
45
5
35
44
28
50
41
40
6
46
47
16
12
2
34
25
4
18
15
23
27
26
42
21
7
3
19
17
30
38
8
36
32
39
48
29
1
37
11
33
14
9
49
43
18
4
16
12
3
50
9
28
8
19
44
26
37
22
42
1
14
30
33
20
25
29
43
36
32
2
23
13
45
7
35
38
49
5
34
48
47
41
17
27
10
11
46
21
15
24
40
6
31
39
31
48
46
21
24
34
23
6
11
5
27
7
42
13
20
8
41
49
9
35
39
45
36
47
4
22
33
18
2
25
1
40
16
43
3
12
38
30
29
44
26
32
17
14
50
28
10
15
19
37
25
36
49
44
8
31
19
47
12
29
43
17
7
46
9
21
50
23
4
3
1
22
35
39
30
14
24
34
40
13
42
37
27
2
18
26
6
38
10
33
28
20
32
16
45
15
11
41
48
5
16
45
35
4
2
7
32
19
10
41
49
42
3
15
46
48
6
20
25
18
44
21
14
38
17
26
11
9
23
37
33
28
50
47
5
22
13
40
36
34
39
31
29
24
27
43
1
12
30
8
11
38
1
22
42
40
37
8
24
33
16
32
28
26
23
6
34
7
5
44
15
27
9
14
29
30
48
43
3
2
39
10
18
36
4
20
12
17
35
45
13
41
25
31
19
46
50
49
47
21
24
14
26
49
43
28
10
4
9
23
50
36
31
35
39
40
46
15
6
48
2
47
20
33
45
8
18
30
32
19
37
22
42
1
25
44
29
21
11
3
17
7
12
13
41
27
5
34
16
38
12
20
22
45
16
39
11
15
19
25
5
40
38
43
33
24
18
31
7
4
35
46
42
10
13
37
17
47
50
34
2
44
41
8
48
1
28
26
14
32
30
49
21
3
9
23
36
29
27
6
6
35
15
9
44
2
8
32
7
28
3
1
34
18
10
14
20
37
48
26
45
43
47
11
33
38
4
29
49
40
31
24
21
50
36
23
42
13
22
5
27
46
16
30
17
41
19
25
39
12
