45
23
34
30
40
4
17
37
27
9
38
43
46
2
5
29
22
42
18
41
19
33
12
35
3
24
7
31
13
1
10
11
28
6
21
36
26
32
39
14
16
50
8
44
47
49
15
25
20
48
50
11
30
34
6
29
2
9
49
45
44
22
16
37
38
28
19
13
17
40
36
1
8
12
25
15
41
32
31
39
24
4
35
42
47
21
48
23
43
18
14
3
7
26
5
10
33
46
27
20
36
5
49
39
41
37
46
16
44
2
8
15
30
38
7
6
43
12
45
31
20
50
26
22
48
35
3
4
28
32
9
14
34
24
29
42
33
11
25
1
19
10
13
47
18
17
23
27
40
21
32
42
10
40
47
11
6
17
20
27
35
24
4
36
16
15
13
43
46
1
48
28
5
37
7
49
30
2
34
9
3
19
39
41
26
18
45
25
8
50
33
22
23
38
31
29
12
14
21
44
48
40
19
3
17
26
27
18
46
37
12
31
15
41
25
44
5
8
21
45
22
20
7
30
34
16
1
14
43
49
29
50
47
10
33
39
24
42
23
6
11
9
38
2
28
13
35
4
36
32
4
29
47
43
27
14
22
13
34
12
24
45
21
42
8
25
11
36
40
6
32
30
18
46
19
41
26
17
44
10
20
38
33
3
50
15
16
37
9
23
5
48
35
7
49
31
39
1
28
2
27
19
8
28
12
30
25
1
29
21
46
6
40
3
32
33
42
48
49
9
24
39
10
7
50
44
43
37
18
4
23
26
38
16
35
13
22
17
5
2
20
45
14
41
36
11
31
47
15
34
46
44
42
48
9
38
36
33
15
13
14
39
49
1
10
5
23
28
32
11
47
35
29
2
41
21
34
22
6
43
7
20
12
31
27
4
17
3
19
40
45
8
26
18
24
50
30
16
37
25
26
18
50
16
21
13
48
39
47
6
29
5
2
19
37
38
41
11
34
12
31
49
44
42
24
46
40
1
8
36
27
30
10
20
32
3
35
9
15
25
4
23
28
43
7
14
22
33
17
45
40
3
25
27
46
44
15
23
42
10
31
8
47
48
14
50
32
26
35
16
5
4
1
29
17
39
28
38
36
45
21
12
6
30
41
33
49
18
7
9
34
43
2
11
22
19
37
20
24
13
30
32
12
37
26
8
42
45
23
34
19
41
24
50
49
11
9
1
29
46
16
40
3
43
22
18
27
5
17
33
15
47
7
25
20
2
28
14
13
35
36
38
44
10
4
39
21
48
6
31
9
12
17
2
48
1
33
28
32
42
36
3
13
25
18
34
29
27
47
10
4
15
16
49
39
6
22
8
11
23
43
45
30
37
40
38
44
7
50
24
31
14
19
5
21
26
20
35
46
41
35
13
11
33
18
17
47
49
37
24
45
30
23
9
34
39
15
14
19
22
46
44
40
20
27
31
10
28
1
8
50
42
26
5
43
16
3
12
41
7
25
21
48
29
6
36
2
38
32
4
43
30
33
18
34
41
5
35
50
1
11
26
12
21
45
16
27
29
10
24
49
38
13
15
36
17
6
23
25
22
32
37
2
48
14
47
19
31
4
42
44
28
40
46
39
20
9
8
7
3
17
28
36
46
19
10
44
5
3
35
47
9
6
31
39
4
7
49
23
38
37
41
30
16
15
33
13
50
45
20
26
2
25
11
18
8
32
22
34
12
43
42
21
48
40
1
24
29
14
27
28
43
44
24
36
45
12
22
25
14
10
13
19
27
29
35
6
20
26
23
30
37
2
9
42
7
21
41
46
48
49
16
1
4
11
40
39
50
33
47
15
5
3
32
8
38
34
31
18
17
24
8
20
7
11
3
43
34
13
30
23
4
14
10
19
2
31
39
50
33
9
36
46
27
5
28
38
49
21
16
41
6
45
22
15
35
1
29
42
17
32
44
18
12
48
47
25
40
26
37
44
1
37
20
25
22
13
24
14
17
39
29
33
30
36
47
38
6
27
7
18
31
15
4
23
50
5
45
19
12
34
21
32
28
16
43
11
35
40
48
42
2
41
49
10
8
46
3
9
26
19
2
3
45
22
27
18
43
1
31
41
7
5
49
21
10
4
25
44
39
50
29
24
23
11
13
33
15
12
38
17
34
20
46
8
37
14
28
16
36
48
26
30
6
32
40
47
42
35
9
5
24
28
10
30
47
9
41
22
18
40
19
36
23
43
17
49
38
16
50
26
13
39
31
2
32
25
7
48
29
12
15
3
45
46
6
34
27
14
20
21
35
33
8
37
4
42
44
11
1
3
33
9
19
23
16
4
20
41
11
15
10
27
29
6
30
25
32
22
8
40
26
49
48
1
47
35
42
24
5
38
13
36
12
17
14
2
44
31
43
18
39
50
45
46
21
28
37
34
7
2
6
13
1
38
43
35
30
26
40
48
47
44
17
50
9
28
45
36
14
27
32
34
3
20
29
39
11
7
15
25
8
31
18
37
5
41
16
21
46
24
19
4
33
42
12
49
10
22
23
23
37
2
8
43
15
7
10
6
47
32
12
17
14
26
42
16
21
31
29
3
5
20
28
40
4
45
33
9
27
36
41
48
39
13
50
25
19
30
49
38
34
24
22
1
35
18
11
44
46
33
46
39
11
4
32
3
50
28
16
37
34
35
20
41
7
8
18
24
17
43
42
45
13
21
25
49
48
26
31
44
1
14
9
6
30
5
10
38
15
23
40
27
19
12
22
29
36
2
47
34
22
24
15
32
18
29
42
33
7
4
14
26
6
40
41
12
19
30
49
10
48
31
44
47
5
36
21
38
46
11
39
13
23
1
17
20
8
27
16
35
25
37
9
43
3
45
2
50
28
22
34
21
25
13
5
31
26
40
8
6
35
50
45
17
36
48
3
2
47
11
19
33
1
38
27
12
20
41
30
14
9
44
49
28
24
7
15
37
29
46
18
39
42
23
32
4
43
10
16
37
47
27
32
31
12
24
48
16
4
33
25
9
5
2
23
39
34
41
36
13
18
22
40
35
1
19
44
14
17
28
43
8
38
7
10
21
46
45
11
49
6
15
20
3
30
26
50
42
29
47
50
45
14
35
49
40
21
11
15
26
20
48
24
30
32
44
33
38
27
8
10
28
17
46
42
9
3
16
6
18
7
37
13
31
29
43
39
12
19
1
4
5
36
2
34
41
23
25
22
20
41
40
36
7
35
1
14
43
29
25
44
10
47
4
3
24
50
28
30
21
16
38
5
31
12
37
39
15
26
8
48
46
19
2
32
18
45
6
13
9
17
11
23
34
42
27
22
33
49
8
27
18
50
39
36
49
12
4
48
34
21
22
11
3
37
35
10
43
28
42
7
25
24
9
19
32
40
47
41
13
31
15
44
45
46
23
6
2
38
29
33
20
1
30
16
17
26
5
14
38
9
16
31
15
42
39
2
36
43
18
46
32
12
22
27
10
35
3
25
7
6
11
45
14
34
8
24
33
44
40
17
4
29
19
49
30
20
26
37
41
1
47
28
13
5
48
21
23
50
41
26
23
42
49
9
34
27
17
5
7
37
18
4
15
20
1
44
14
2
28
3
21
8
16
36
47
12
30
11
45
46
43
33
38
19
50
48
24
31
40
29
22
25
35
6
32
39
13
10
14
15
6
47
45
21
38
11
48
22
50
28
20
39
31
13
33
5
1
19
17
8
42
26
12
40
2
9
10
35
46
32
24
27
23
25
4
49
44
41
3
16
36
34
29
37
7
30
43
18
1
21
32
17
10
19
16
40
2
39
9
23
25
28
35
18
26
47
20
13
29
12
48
34
44
43
31
46
37
14
6
5
22
15
42
11
27
4
3
8
7
30
49
50
33
45
38
24
41
36
10
31
5
26
14
48
30
46
38
50
2
18
43
32
12
45
3
22
37
15
33
17
23
21
6
9
16
36
20
42
19
27
29
7
39
41
40
47
49
4
8
24
34
35
25
44
13
28
1
11
42
25
41
23
5
46
21
3
30
20
1
27
8
44
47
26
45
2
11
37
15
24
32
6
18
10
14
19
39
50
4
29
40
35
49
34
9
33
48
28
22
36
31
17
16
7
43
13
38
12
49
39
46
41
50
25
28
36
45
26
20
33
11
16
13
12
21
17
15
43
38
34
37
32
8
48
29
10
27
3
22
35
23
14
24
1
31
5
18
30
6
47
42
40
9
2
44
7
4
19
29
49
14
6
33
23
20
7
21
3
17
38
1
8
42
43
40
4
13
32
41
2
19
50
10
11
15
25
35
28
5
36
9
34
44
31
37
24
46
22
47
27
45
39
26
48
16
18
12
30
15
7
48
35
37
6
41
31
39
46
30
11
45
33
27
22
2
24
42
21
23
14
50
25
26
20
44
16
29
18
47
49
5
32
12
28
36
34
1
10
17
13
43
4
38
9
3
19
8
40
21
16
4
5
1
33
50
44
18
38
13
48
39
7
28
31
36
46
8
34
12
11
41
19
43
3
42
35
22
47
30
23
17
40
10
45
15
2
20
26
37
32
9
27
14
25
6
49
29
24
13
17
43
38
28
20
26
25
31
36
22
2
29
34
48
19
30
40
39
42
14
23
6
41
49
45
50
27
4
24
16
33
11
21
9
7
46
1
47
32
12
37
10
15
44
18
8
5
3
35
7
10
31
13
29
24
45
38
35
44
28
50
41
40
1
46
47
16
12
5
34
25
4
18
30
23
20
26
42
21
48
3
19
17
22
27
8
36
32
39
2
15
6
37
11
33
14
9
49
43
18
4
38
12
3
50
32
29
8
19
42
16
37
22
44
1
14
30
33
20
45
9
43
36
28
2
23
13
5
7
35
25
49
26
34
48
47
41
17
27
10
11
46
21
15
24
40
6
31
39
31
48
7
21
24
34
23
6
5
32
27
49
42
13
20
8
37
41
9
35
39
45
36
47
4
22
11
18
2
25
1
40
16
43
3
12
38
30
29
44
26
46
17
14
50
28
10
15
19
33
25
36
29
44
8
31
19
47
12
49
43
17
7
46
9
21
50
23
4
3
1
22
35
39
37
14
24
34
40
13
42
18
27
2
30
26
6
38
10
33
28
20
32
16
45
15
11
41
48
5
16
45
35
4
2
7
14
19
10
41
49
42
3
15
11
48
17
9
25
18
44
21
27
38
32
26
46
6
23
37
33
28
50
47
5
22
13
40
36
34
39
31
29
24
20
43
1
12
30
8
11
38
1
22
42
40
37
8
24
33
16
32
28
26
23
49
34
7
5
44
6
27
9
14
29
30
48
43
3
2
39
10
18
36
4
20
12
21
35
45
13
41
25
31
19
46
50
17
47
15
39
14
26
49
20
28
10
4
9
23
21
36
31
35
24
40
46
15
6
48
2
47
17
33
45
8
18
30
32
19
37
22
42
1
25
44
29
43
11
3
50
7
12
13
41
27
5
34
16
38
12
20
22
29
16
39
11
15
19
25
5
40
38
43
33
24
18
31
7
4
35
46
14
10
13
37
17
47
50
34
2
44
41
8
48
9
42
26
28
21
30
49
1
3
27
23
36
32
45
6
6
35
15
9
44
2
8
32
7
28
3
1
34
18
46
14
20
37
48
26
25
43
47
11
33
38
4
29
49
40
31
24
21
50
36
23
10
13
22
5
27
12
16
30
17
41
19
45
39
42
