45
43
34
30
7
4
17
37
27
9
18
10
46
2
5
29
22
42
23
41
19
33
12
35
3
24
32
31
13
1
40
11
28
6
21
36
26
49
39
14
16
50
8
44
47
38
15
25
20
48
22
28
30
34
6
18
2
29
49
45
42
19
16
37
38
12
44
13
11
40
36
1
8
50
25
15
41
32
31
39
24
17
35
9
47
21
48
4
43
23
14
3
7
26
5
10
33
46
27
20
36
50
23
39
41
37
46
22
5
2
8
15
45
38
1
16
43
12
49
31
20
44
26
25
48
35
3
4
28
32
6
14
9
24
29
42
33
11
30
19
34
10
13
47
18
17
7
27
40
21
32
42
10
40
47
45
6
17
20
35
1
24
4
36
16
15
13
43
27
46
49
28
5
37
7
48
30
2
34
9
3
19
39
41
26
18
11
25
8
50
33
22
23
38
31
29
12
14
21
44
48
40
19
3
17
26
27
18
11
37
12
31
15
41
25
44
5
8
21
45
22
20
32
7
34
16
1
14
43
49
46
30
47
10
33
39
24
42
23
6
50
9
29
2
38
13
35
4
36
28
38
29
47
43
27
14
22
13
34
12
30
45
21
42
8
25
11
36
40
1
32
23
18
46
19
41
26
17
44
10
20
4
33
3
50
15
16
37
24
9
5
48
35
7
49
6
39
31
28
2
27
19
8
28
12
30
25
1
29
21
46
6
17
3
32
49
33
48
2
9
24
39
10
42
50
44
43
37
18
4
7
26
38
16
35
13
22
23
5
40
20
45
14
41
36
11
31
47
15
34
46
44
42
48
9
38
36
33
15
13
14
39
49
1
30
5
23
26
32
11
47
24
29
2
41
21
7
22
6
43
10
20
12
31
27
4
17
35
19
34
45
8
3
18
40
50
28
16
37
25
26
18
50
16
21
11
48
36
42
6
29
5
2
19
37
38
41
20
34
12
15
49
44
22
24
46
40
1
8
13
27
31
10
39
30
3
35
9
47
25
4
23
28
43
7
14
32
33
17
45
4
3
25
27
46
10
15
23
40
34
31
8
47
48
42
26
32
9
35
16
5
50
1
29
14
39
11
38
36
45
21
12
6
30
41
33
49
18
7
28
19
43
2
17
22
44
37
20
24
13
30
32
12
37
26
8
42
34
23
16
19
41
24
50
27
11
9
1
46
6
45
40
3
43
22
18
35
5
17
33
15
47
7
25
20
29
28
14
13
49
36
38
44
10
4
39
21
48
2
31
9
12
17
2
48
1
33
28
32
42
36
3
13
25
18
34
29
27
47
10
4
15
16
49
39
6
22
8
11
23
43
45
30
37
40
38
44
7
50
24
31
14
19
5
21
26
20
35
46
41
35
13
11
33
18
17
47
49
37
24
45
30
23
9
34
39
15
44
19
22
46
14
40
20
27
31
10
28
1
8
50
42
26
5
43
16
3
12
41
7
25
21
48
29
6
36
2
38
32
4
43
30
33
18
34
41
5
39
50
1
11
49
12
21
45
35
27
29
14
24
10
38
13
15
36
17
6
23
25
22
32
37
2
48
16
26
19
31
4
42
44
28
40
46
20
47
9
8
7
3
39
23
36
46
19
35
44
5
3
40
47
9
6
31
49
4
7
28
17
38
37
45
30
16
15
33
13
50
41
20
26
2
25
11
18
8
32
22
34
12
43
42
21
48
10
1
24
29
14
27
28
11
44
24
36
20
12
41
25
14
10
13
19
27
29
33
6
35
43
23
31
37
2
9
42
7
21
45
30
48
49
16
3
4
38
40
39
50
26
47
15
46
5
32
8
22
34
1
18
17
50
8
41
7
11
3
43
47
13
20
23
4
14
10
19
2
31
39
24
33
30
36
46
27
5
28
38
49
21
16
9
6
45
22
15
35
1
29
42
17
32
44
18
12
48
34
25
40
26
37
44
1
37
20
25
22
45
24
14
17
39
29
18
30
11
47
38
6
26
7
27
31
33
4
23
50
5
41
19
36
35
21
32
28
34
43
10
16
40
48
42
2
15
49
13
8
46
3
9
12
19
2
3
45
22
27
18
43
1
31
41
16
5
49
21
10
4
25
44
39
50
9
24
23
11
13
48
15
12
38
17
34
20
46
8
37
14
28
33
36
29
26
30
6
32
40
47
42
35
7
5
24
28
10
30
19
41
16
47
18
40
22
36
23
43
17
49
38
3
50
26
13
39
31
2
32
25
7
46
29
12
15
27
45
14
6
34
48
9
20
21
35
33
8
37
4
42
44
11
1
3
33
9
19
23
16
4
20
41
11
15
7
27
29
6
30
25
32
22
8
40
26
49
48
1
47
46
42
24
5
38
13
36
12
17
14
2
44
31
43
18
39
50
45
28
21
10
37
34
35
2
6
13
1
40
43
35
30
26
38
48
47
44
17
50
9
28
45
36
14
16
32
34
3
20
29
39
11
7
15
25
8
31
18
37
5
41
27
21
46
24
19
4
33
42
12
49
10
22
23
23
37
2
8
43
15
7
10
6
47
32
12
50
14
26
42
16
21
31
29
3
5
17
28
40
49
20
33
9
27
4
41
48
36
13
24
25
19
45
18
38
34
1
22
39
35
30
11
44
46
33
46
39
11
4
32
3
50
28
22
37
34
35
20
24
7
8
41
18
17
43
42
45
13
21
25
49
48
26
31
44
1
14
40
6
30
5
10
38
15
23
47
27
19
12
2
29
36
16
9
34
22
24
15
32
44
13
42
33
7
4
14
26
6
40
41
12
19
30
49
18
48
31
21
47
5
28
36
38
46
11
39
29
23
1
17
20
8
27
16
35
25
37
9
43
3
45
2
50
10
17
34
21
25
13
5
31
26
22
8
6
35
40
33
36
50
48
3
41
47
11
19
27
1
38
43
12
20
45
30
14
9
44
49
28
2
7
15
37
29
46
18
39
42
23
32
4
24
10
16
37
47
27
32
31
12
24
48
16
4
33
43
9
5
2
23
39
34
45
36
13
18
22
40
35
1
19
44
14
17
28
25
8
38
7
10
21
46
15
11
49
6
41
20
3
30
26
50
42
29
47
5
45
14
29
49
40
21
44
15
26
20
48
11
7
32
19
33
38
27
8
10
28
30
46
42
9
3
16
6
18
50
34
13
31
23
43
39
12
35
1
4
24
36
2
37
41
17
25
22
20
41
40
36
35
6
1
14
43
29
7
44
10
47
4
3
24
50
28
30
21
16
38
5
31
12
37
39
15
26
8
48
46
19
2
32
18
45
25
13
9
17
11
23
34
42
27
22
33
49
8
27
18
6
39
36
49
45
4
48
34
21
22
24
3
37
35
10
29
28
38
7
25
12
9
19
33
40
47
41
42
43
15
44
46
50
23
32
2
31
11
13
20
1
30
16
17
26
5
14
40
9
38
31
15
42
39
2
36
43
35
26
32
12
22
27
10
14
16
25
7
6
11
45
17
34
8
24
33
44
13
18
4
29
19
49
30
20
3
37
41
1
47
28
46
5
48
21
23
50
41
26
29
42
49
9
34
27
17
5
24
37
30
4
44
20
1
18
10
2
28
3
21
8
16
36
47
12
48
11
45
46
43
7
32
19
50
6
14
38
40
15
22
25
35
31
23
39
13
33
14
15
46
47
45
33
38
11
48
27
21
28
20
39
31
13
50
5
1
19
17
8
7
26
12
40
2
9
10
35
37
32
24
42
23
25
4
43
44
41
3
16
36
34
29
49
22
30
6
18
1
21
32
17
10
25
16
40
2
39
9
23
33
28
35
18
26
47
20
13
29
12
48
34
44
4
31
46
37
14
19
5
22
15
42
11
27
3
6
8
7
30
49
50
24
45
38
43
41
36
10
31
5
26
14
48
30
46
38
50
2
18
43
32
12
45
3
22
37
15
33
17
23
44
6
9
16
21
20
42
36
7
1
27
39
41
40
47
49
4
8
24
34
35
25
19
13
28
29
11
42
25
20
23
5
46
21
3
30
32
17
27
8
44
47
28
45
2
50
37
6
4
15
24
18
10
14
19
39
12
41
29
40
35
49
34
9
33
48
1
22
36
31
11
16
7
43
13
38
26
49
39
6
41
50
47
28
35
45
26
25
46
11
16
13
36
21
17
15
43
9
34
37
32
8
2
29
10
27
3
22
38
23
14
24
1
31
5
18
30
48
12
42
40
33
20
44
7
4
19
29
49
14
50
33
23
9
7
21
3
20
38
1
8
17
43
40
4
13
32
41
2
19
6
10
11
15
25
35
28
5
36
42
34
44
31
37
24
46
22
47
27
45
39
26
48
16
18
12
30
15
7
48
35
37
13
14
31
39
46
38
11
25
45
41
22
2
24
42
21
23
30
50
17
26
20
44
16
29
18
47
49
5
32
12
28
36
34
1
10
6
33
43
4
27
9
3
19
8
40
21
16
4
5
38
29
50
44
18
49
13
48
39
7
28
31
36
46
8
34
12
11
41
19
43
3
42
35
22
47
30
23
17
33
10
45
15
2
20
26
37
40
9
27
14
25
6
32
1
24
13
17
43
38
28
21
26
25
31
36
22
2
29
34
48
19
30
40
39
42
14
35
6
41
49
45
50
27
4
24
23
33
11
20
9
7
46
1
16
32
12
37
10
15
44
18
8
5
3
47
7
10
31
13
1
24
20
38
35
44
28
50
41
40
15
46
47
16
12
5
34
25
4
18
30
23
27
26
42
21
48
3
19
17
22
9
8
36
32
39
2
29
6
37
11
33
14
45
49
43
18
4
16
12
3
50
32
9
8
19
44
25
37
22
46
1
14
30
33
20
42
29
43
36
28
27
23
13
5
7
34
35
49
26
45
48
47
41
17
2
10
11
38
21
15
24
40
6
31
39
31
48
7
21
24
34
23
6
46
10
27
33
42
13
20
8
37
49
9
35
39
41
36
47
4
22
45
18
2
25
1
40
16
43
3
12
38
30
29
44
26
5
17
14
50
28
11
15
19
32
25
36
49
44
8
31
19
32
12
30
43
17
7
46
9
21
42
23
4
3
1
22
35
39
37
14
24
34
40
50
29
27
13
2
11
47
6
38
10
33
28
20
26
16
45
15
18
41
48
5
16
45
35
4
2
7
29
19
10
41
49
42
3
15
14
48
17
11
25
18
44
21
20
38
32
26
34
6
23
37
33
28
50
47
5
22
13
40
36
27
39
31
46
24
9
43
1
12
30
8
11
38
1
22
42
40
37
8
24
33
16
32
28
26
23
6
34
7
5
44
48
27
9
14
29
30
36
43
3
2
39
10
18
21
4
20
12
17
35
45
13
41
25
31
19
46
50
49
47
15
24
14
26
49
20
28
10
4
9
23
50
36
31
35
39
40
46
15
6
48
2
47
42
33
45
8
18
30
32
19
16
22
37
1
25
44
29
21
11
3
17
7
12
13
41
27
5
34
43
38
12
20
22
29
16
39
11
15
19
25
5
40
38
43
33
24
18
31
7
4
35
46
14
10
13
37
17
47
50
34
2
44
41
8
48
27
42
26
28
21
30
49
32
3
1
23
36
9
45
6
6
35
15
9
44
2
8
12
7
28
3
1
34
18
10
14
20
37
48
26
25
43
47
11
33
38
4
29
49
40
31
24
21
50
36
46
45
13
22
5
27
32
16
30
17
41
19
23
39
42
