45
43
34
30
29
4
17
37
27
9
18
49
46
2
5
25
22
42
10
41
19
33
12
35
3
24
7
31
13
1
40
11
28
6
21
36
26
23
39
14
16
50
8
44
47
38
15
32
20
48
17
11
30
34
6
44
2
12
49
45
50
22
16
37
38
29
19
13
18
40
36
1
8
42
25
15
41
32
31
39
24
28
35
23
47
21
48
4
43
9
14
3
7
26
5
10
33
46
27
20
36
5
7
39
41
37
46
9
44
2
8
15
50
38
19
6
43
12
49
31
20
30
26
25
48
35
3
4
28
32
16
14
1
24
29
42
33
11
45
21
34
10
13
22
18
17
23
27
40
47
32
42
10
40
47
35
6
17
20
16
4
24
45
36
48
15
13
43
31
46
49
28
5
37
7
27
30
2
34
9
3
19
39
41
26
18
11
25
8
50
33
22
23
38
1
29
12
14
21
44
48
40
19
3
17
26
27
18
22
37
12
31
15
41
25
44
5
8
21
45
30
20
7
24
34
16
1
14
43
49
29
4
47
10
33
39
28
42
23
6
11
9
46
2
38
13
35
50
36
32
38
29
47
43
27
14
22
13
34
12
30
45
21
42
8
4
11
36
40
1
32
23
18
46
19
41
26
17
44
10
20
25
33
3
50
15
16
37
9
24
5
48
35
7
49
6
39
31
28
2
27
19
8
28
12
30
25
1
29
21
46
6
40
3
32
33
42
48
17
9
24
39
10
7
50
44
43
37
18
4
23
26
38
16
35
13
22
49
5
2
20
45
14
41
36
11
31
47
15
34
46
44
42
48
9
34
36
33
15
13
14
39
49
7
1
5
23
26
32
11
47
24
29
2
41
21
27
30
6
43
10
20
12
31
38
4
17
35
19
40
45
8
3
18
28
50
22
16
37
25
39
18
50
16
21
13
48
47
11
6
29
5
2
19
37
38
41
20
34
12
15
49
44
22
24
46
40
1
8
36
27
31
10
26
30
3
35
9
42
25
4
23
28
43
7
14
32
33
17
45
4
3
25
27
46
11
15
23
42
40
31
10
47
48
14
28
33
44
35
16
5
50
1
29
17
39
32
38
36
45
21
12
6
30
41
26
49
18
7
8
19
43
2
9
22
34
37
20
24
13
30
32
12
37
26
8
42
29
31
34
19
41
24
50
27
11
9
1
46
2
16
40
3
43
22
18
35
5
17
33
15
47
7
25
20
23
45
14
13
49
36
38
44
10
4
39
21
48
6
28
9
49
17
2
48
1
39
35
32
42
36
3
13
25
18
34
29
27
47
10
4
15
16
12
28
6
22
8
11
23
43
45
30
37
40
33
44
7
50
38
31
14
19
5
21
26
20
24
46
41
35
13
11
33
18
17
47
49
46
24
45
30
23
9
34
39
15
14
19
37
22
44
40
20
27
31
10
28
1
8
50
42
26
5
43
16
3
12
41
7
25
21
48
29
6
36
2
38
32
4
43
30
33
18
34
41
5
39
50
1
11
8
12
21
45
16
27
29
37
24
10
38
13
15
36
17
6
23
25
22
32
49
2
48
14
47
19
31
4
42
44
28
26
46
40
20
9
35
7
3
37
15
36
46
19
18
44
28
3
29
47
9
6
31
7
49
17
41
23
38
21
35
30
16
39
33
13
50
5
20
26
2
25
11
45
8
32
22
34
12
43
42
40
48
10
1
24
4
14
27
28
21
44
24
36
20
12
41
25
14
10
13
19
27
29
35
6
11
26
23
38
37
2
9
42
7
33
45
22
48
49
16
3
4
46
40
39
50
30
47
15
5
1
32
8
31
34
43
18
17
7
8
20
19
11
3
43
34
13
30
23
4
14
10
42
2
31
39
50
33
9
36
46
27
5
28
38
49
21
16
41
6
45
22
15
35
1
29
37
17
32
44
18
12
48
47
25
40
26
24
44
1
37
20
25
22
41
24
14
17
39
29
35
30
11
47
38
6
16
7
31
45
33
4
23
50
5
36
19
12
34
21
32
28
18
43
10
27
40
48
42
2
15
49
13
8
46
3
9
26
19
2
3
45
22
27
18
43
1
31
41
16
5
49
44
10
4
25
29
39
50
9
24
23
11
13
21
15
12
38
17
34
20
46
8
37
14
28
33
36
48
26
30
6
32
40
47
42
35
7
5
28
46
10
30
19
9
16
47
18
40
7
36
23
43
17
49
38
14
50
26
13
39
31
2
32
25
41
24
29
12
15
27
45
22
6
34
48
3
20
21
35
33
8
37
4
42
44
11
1
3
33
9
6
23
16
4
20
41
11
35
19
27
29
15
30
25
32
22
8
40
26
49
48
1
47
36
42
46
5
38
7
13
12
17
14
2
44
31
43
18
39
50
45
24
21
28
37
34
10
2
6
13
1
40
43
35
30
26
38
48
47
44
17
50
9
28
45
36
14
27
32
34
3
20
29
39
11
7
15
25
8
31
18
37
5
41
16
21
46
24
19
4
33
42
12
49
10
22
23
23
37
2
8
1
15
7
10
6
47
32
12
4
14
26
42
16
21
43
22
3
5
20
28
40
49
45
33
9
27
36
41
48
39
13
50
24
19
25
18
38
34
29
17
31
35
30
11
44
46
16
46
39
11
4
32
3
50
28
35
37
34
18
20
24
7
8
47
41
17
43
42
45
13
21
25
49
48
26
31
44
1
14
33
6
30
5
10
38
15
23
40
27
19
12
22
29
36
2
9
34
22
23
15
32
10
13
42
33
7
24
14
26
6
40
41
12
19
30
49
18
48
31
44
4
5
28
9
38
46
11
39
29
36
1
17
20
8
27
16
35
25
37
47
43
3
45
2
50
21
26
34
21
25
13
5
31
22
40
8
6
35
37
33
36
50
48
3
27
47
11
19
17
1
38
43
12
20
41
30
14
9
44
49
28
2
7
15
24
29
46
18
39
42
23
32
4
45
10
16
50
47
27
32
31
12
24
48
16
4
33
43
9
5
2
23
39
34
45
36
13
18
22
40
35
1
19
44
14
17
28
37
8
38
7
10
21
46
15
11
49
6
41
20
3
30
26
25
42
29
47
23
45
14
7
49
40
21
37
15
26
20
48
11
17
32
44
33
38
27
8
10
28
30
46
42
9
3
16
6
18
50
34
13
31
24
43
39
12
35
1
4
5
36
2
19
41
29
25
22
20
41
40
36
35
21
1
14
43
32
7
44
10
47
4
3
24
50
28
30
25
16
38
5
31
12
37
39
15
26
8
48
46
19
2
29
18
45
6
13
9
17
11
23
34
42
27
22
33
49
8
27
18
5
39
36
49
45
4
48
34
21
22
24
3
37
35
10
11
28
6
7
25
50
9
19
46
40
47
41
42
13
15
44
32
38
23
43
2
31
29
33
20
1
30
16
17
26
12
14
40
9
38
31
15
42
14
2
36
43
17
46
32
12
22
27
10
35
3
25
7
6
11
45
16
34
8
24
33
44
13
18
4
29
19
49
30
20
26
37
41
1
47
28
39
5
48
21
23
50
41
26
24
42
49
9
34
27
17
5
38
37
33
4
6
20
1
18
2
29
28
3
21
8
30
36
47
12
48
11
45
46
43
7
16
19
50
32
14
23
40
15
22
25
35
44
10
39
13
31
14
50
6
47
45
33
38
11
48
27
9
28
20
39
31
13
37
5
1
19
17
8
15
26
12
40
2
22
10
35
46
32
24
42
23
25
4
21
44
41
3
16
36
34
29
49
7
30
43
18
1
24
32
17
10
25
16
40
2
39
21
23
43
28
35
18
26
9
20
13
29
12
48
34
44
4
31
46
37
14
6
5
22
15
42
11
27
3
47
19
7
30
49
50
33
45
38
8
41
36
10
31
5
26
14
48
30
46
38
50
2
18
1
32
12
45
3
22
44
15
33
17
23
21
6
9
16
7
20
42
19
43
36
27
39
41
40
47
49
4
8
24
34
35
25
37
13
28
29
11
42
25
28
23
5
46
21
3
30
20
15
27
8
44
47
26
45
2
24
6
37
41
32
17
18
10
14
19
39
50
4
29
40
35
49
34
9
33
48
1
22
36
31
11
16
7
43
13
38
12
33
39
49
41
50
38
28
36
45
26
1
25
11
16
13
12
21
17
15
43
46
34
37
32
8
48
29
10
27
3
22
35
23
14
24
9
31
5
18
30
6
47
42
40
20
2
44
7
4
19
29
12
14
50
33
23
20
7
21
3
42
38
17
8
49
43
40
4
13
32
41
2
19
6
10
11
15
25
35
28
5
36
9
34
44
31
37
24
46
22
47
27
45
39
26
48
16
18
1
30
15
7
48
35
37
6
33
31
39
46
25
11
30
45
41
22
2
24
42
21
23
14
50
49
26
20
44
16
29
18
47
38
5
32
12
28
36
34
1
10
17
13
43
4
27
9
3
19
8
40
21
16
4
7
38
29
50
44
18
22
13
48
39
1
28
31
36
46
8
34
12
11
41
19
43
3
42
35
30
47
9
23
17
40
10
45
15
2
20
26
37
32
24
27
14
25
6
49
5
33
13
17
43
38
28
47
26
25
23
36
22
2
29
34
21
19
30
40
39
42
14
31
6
41
49
45
50
27
4
24
48
33
11
20
9
7
46
1
16
32
12
37
10
15
44
18
8
5
3
35
22
10
31
13
20
24
45
38
35
44
28
50
41
40
30
46
47
16
12
5
34
25
4
18
15
23
48
26
42
21
7
3
19
17
27
1
8
36
32
39
2
29
6
37
11
33
14
9
49
43
18
4
16
12
3
50
32
5
8
19
44
26
25
22
46
1
14
30
33
20
42
29
43
36
37
2
23
13
45
7
35
27
49
9
34
48
47
41
17
28
10
11
38
21
15
24
40
6
31
39
31
48
41
21
24
45
23
6
5
10
27
33
42
13
20
8
7
49
9
35
39
4
36
47
32
22
34
18
2
25
1
40
16
43
3
12
38
30
29
44
26
46
17
14
50
28
11
15
19
37
25
36
29
44
8
31
19
26
12
49
43
17
7
46
9
21
50
23
4
3
1
22
35
39
47
14
24
34
40
13
37
30
42
2
11
27
6
38
10
33
28
20
32
16
45
15
18
41
48
5
11
45
35
4
2
7
29
19
10
41
49
42
3
15
16
48
32
28
25
18
44
21
27
38
14
26
20
6
23
37
33
17
50
47
5
22
13
40
36
34
39
31
9
24
46
43
1
12
30
8
49
38
1
22
42
40
37
8
24
33
16
32
28
26
23
36
34
7
5
44
48
27
9
14
29
30
11
43
3
2
39
10
18
21
4
20
12
6
35
45
13
41
25
31
19
46
50
17
47
15
24
14
26
49
43
28
10
4
9
23
20
36
31
35
39
40
46
15
6
48
2
47
42
33
45
8
18
21
32
19
30
22
37
1
25
44
29
17
11
3
50
7
12
13
41
27
5
34
16
38
12
20
22
29
16
39
11
15
19
25
5
40
38
43
33
24
18
31
7
4
35
46
14
10
13
37
17
47
50
34
2
44
41
8
48
32
42
26
28
27
30
49
21
3
9
23
36
1
45
6
6
35
15
9
44
2
8
32
7
28
3
1
34
18
10
14
20
37
48
26
45
43
47
11
33
38
4
29
49
40
31
24
21
50
36
46
25
13
22
5
27
12
16
30
17
41
19
23
39
42
