45
49
34
30
7
4
17
32
27
9
18
43
37
2
5
29
22
42
10
41
19
33
12
35
3
24
46
31
13
1
40
11
28
6
21
36
26
25
39
14
16
50
8
44
47
38
15
23
20
48
17
11
30
34
6
18
2
5
49
45
50
22
16
37
38
12
19
13
44
40
36
1
8
23
25
15
41
32
31
39
24
4
35
42
47
21
48
27
43
9
14
3
7
26
28
10
33
46
29
20
36
5
49
39
41
37
46
45
22
2
8
15
25
38
44
50
43
12
16
31
20
30
26
34
48
35
3
4
28
32
7
14
1
24
29
42
33
11
6
21
19
10
13
47
18
17
23
27
40
9
32
42
10
40
47
35
6
17
20
16
25
24
45
36
27
15
13
43
31
46
48
28
5
37
7
49
30
2
34
9
3
19
39
41
26
18
11
4
8
50
33
22
23
38
1
29
12
14
21
44
48
40
19
3
17
26
27
18
46
37
12
31
15
41
25
44
5
8
21
45
30
20
32
22
34
16
1
14
43
49
29
28
47
10
33
39
24
42
23
6
11
9
38
2
4
13
35
50
36
7
4
29
47
43
27
14
22
9
34
12
30
45
21
42
8
25
11
36
40
6
32
23
18
46
19
41
26
17
44
10
20
38
33
3
50
15
16
37
13
24
5
48
35
7
49
31
39
1
28
2
27
19
8
28
12
30
25
1
29
21
46
6
40
3
32
33
17
48
41
9
24
39
10
7
50
44
43
37
42
4
23
26
38
16
35
13
22
49
5
18
20
45
14
15
36
11
31
47
2
34
46
44
42
48
9
34
36
33
15
13
14
39
49
24
1
5
23
26
32
11
47
35
29
2
41
21
27
22
6
43
10
20
12
31
30
4
17
28
19
38
45
8
3
18
40
50
7
16
37
25
39
18
50
16
21
13
48
22
42
6
29
5
2
19
37
38
32
47
34
12
15
49
44
8
24
46
40
1
41
36
27
31
10
20
11
3
35
9
26
25
4
23
28
43
7
14
30
33
17
45
26
3
25
27
46
11
15
23
44
40
31
33
47
48
10
4
42
14
35
16
5
50
1
29
32
39
28
38
36
45
21
12
6
30
41
9
49
18
7
8
34
43
2
17
22
19
37
20
24
13
30
32
12
37
26
8
42
16
23
29
19
41
24
50
17
11
9
1
49
2
6
40
3
43
22
18
34
5
4
33
15
47
7
25
20
46
28
14
45
31
36
38
44
10
13
39
21
48
27
35
9
24
17
2
48
1
33
28
32
42
36
3
13
25
18
34
29
27
47
10
4
15
16
12
39
6
22
8
11
23
43
45
30
37
40
38
44
7
50
35
31
14
19
5
21
26
20
49
46
41
35
13
11
33
18
25
47
49
37
24
45
30
23
9
34
39
15
44
19
22
46
14
40
20
27
31
10
28
1
8
50
42
26
5
43
16
3
12
41
7
17
21
48
29
6
36
2
38
32
4
43
30
33
18
34
41
5
47
50
1
11
8
12
21
45
16
27
49
23
24
26
38
13
15
36
17
6
40
25
22
32
37
2
48
14
10
19
31
4
42
44
28
29
46
39
20
9
35
7
3
49
23
36
46
19
21
44
39
3
10
47
9
6
31
41
35
7
28
45
38
37
29
30
16
15
33
13
50
17
20
26
2
25
11
18
8
32
22
34
12
43
42
40
48
5
1
24
4
14
27
28
43
44
24
36
45
12
35
25
14
10
13
19
27
29
26
41
20
3
23
38
37
2
9
42
7
21
6
30
48
49
16
11
4
46
40
39
50
33
47
15
5
1
32
8
22
34
31
18
17
7
8
24
19
11
3
43
37
13
20
23
4
14
10
30
2
31
39
50
33
42
36
46
27
5
28
38
49
21
16
41
6
45
22
15
35
1
29
9
17
32
44
18
12
48
34
25
40
26
47
44
1
37
20
25
22
41
24
14
17
39
29
18
30
11
47
38
6
26
7
16
31
33
4
23
50
5
36
19
13
34
21
32
28
27
43
45
35
40
48
42
2
15
49
10
8
46
3
9
12
19
2
3
45
22
27
18
43
1
31
41
7
5
49
21
10
4
25
29
39
50
9
24
44
11
13
33
15
12
38
17
34
20
46
8
37
14
23
16
36
48
26
30
6
32
40
47
42
35
28
5
28
7
10
30
19
3
26
47
18
40
46
36
23
43
17
49
38
27
50
22
13
39
31
2
32
25
41
14
29
12
15
9
45
16
6
34
48
24
20
21
35
33
8
37
4
42
44
11
1
3
33
9
6
23
16
4
20
41
11
15
19
27
29
36
30
25
32
22
8
40
26
49
48
1
47
35
42
46
5
38
7
13
12
17
14
2
44
31
43
18
39
50
45
24
21
28
37
34
10
2
6
13
1
40
43
35
30
26
38
48
47
44
17
24
9
28
45
36
14
27
32
34
3
20
29
39
11
7
15
25
8
31
18
37
5
41
16
21
46
50
19
4
33
42
12
49
10
22
23
23
37
2
8
43
15
7
10
6
47
32
12
50
14
26
42
16
21
17
1
3
5
20
28
40
4
45
33
9
27
36
41
48
39
13
29
25
19
30
49
38
34
24
22
31
35
18
11
44
46
24
46
39
11
4
32
9
50
28
22
37
34
35
20
16
7
8
41
18
17
43
42
45
13
21
25
49
48
26
31
44
1
14
40
6
30
5
10
38
15
23
47
27
19
12
2
29
36
3
33
34
22
28
15
32
44
13
42
33
7
4
14
26
6
40
41
12
19
30
49
10
48
31
18
47
5
36
23
38
46
11
39
29
21
1
17
20
8
27
16
35
25
37
9
43
3
45
2
50
24
22
34
21
25
13
5
31
41
40
8
6
35
43
33
50
36
48
3
2
47
11
19
17
1
38
27
12
20
24
30
14
9
44
49
28
26
7
15
37
29
46
18
39
42
23
32
4
45
10
16
37
47
27
32
31
12
24
48
16
4
33
10
9
5
2
23
39
34
14
36
13
18
22
40
35
1
19
44
45
17
28
25
8
38
7
50
21
46
15
11
49
6
41
20
3
30
26
43
42
29
47
50
45
14
35
49
40
21
11
15
26
20
48
7
19
32
44
33
38
27
8
10
28
17
46
42
9
3
16
6
18
30
34
13
31
24
43
39
12
23
1
4
5
36
2
37
41
29
25
22
20
41
40
36
29
6
1
14
43
35
7
44
10
47
4
3
24
50
28
30
21
16
38
5
31
12
37
39
15
26
8
48
46
19
2
32
18
45
25
13
9
17
11
23
34
42
27
22
33
49
8
27
18
5
39
36
49
38
4
48
34
21
22
11
3
37
35
10
43
28
31
7
25
24
9
19
32
45
47
41
46
50
15
44
42
33
23
6
2
40
29
13
20
1
30
16
17
26
12
14
40
9
16
31
15
42
39
2
36
43
17
26
32
12
22
27
10
35
46
25
7
6
11
45
14
34
8
24
33
44
13
18
4
29
19
49
30
20
3
37
41
1
47
28
38
5
48
21
23
50
41
26
23
42
49
9
34
27
17
5
44
37
33
4
48
20
1
18
24
15
28
3
21
30
16
36
47
12
8
11
45
46
43
7
38
19
50
32
14
2
40
29
22
25
35
6
10
39
13
31
14
15
46
47
45
33
38
11
48
27
42
28
20
39
31
13
50
5
1
19
17
8
7
26
12
40
2
21
10
35
37
32
24
9
23
25
4
43
44
41
3
16
36
34
29
49
22
30
6
18
1
21
32
17
10
47
16
40
2
39
24
23
4
28
35
18
26
9
20
13
29
12
48
25
44
43
31
46
37
14
6
5
22
15
34
11
27
3
42
19
7
30
49
50
33
45
38
8
41
36
10
31
5
26
14
48
30
46
38
50
2
18
1
32
12
45
3
22
37
29
33
17
23
42
6
9
16
7
20
21
19
43
36
27
39
41
40
47
49
4
8
24
34
35
25
44
13
28
15
11
42
25
6
23
5
46
21
3
30
32
20
27
8
44
47
28
45
2
11
37
18
24
15
50
17
10
14
19
39
12
4
29
40
35
49
34
9
33
48
1
22
36
31
41
16
7
43
13
38
26
33
39
20
41
50
38
28
36
45
26
1
25
11
16
13
49
21
17
15
43
9
34
37
32
8
48
29
10
27
3
22
35
23
14
24
2
31
5
18
30
6
12
42
40
46
47
44
7
4
19
29
12
14
50
33
23
20
7
21
3
9
38
17
8
49
43
40
4
13
32
41
2
19
6
10
11
15
25
35
28
5
36
42
34
44
31
37
24
46
22
47
27
45
39
26
48
16
18
1
30
15
7
48
35
37
17
14
31
39
46
38
11
30
45
6
22
2
24
42
21
23
41
50
49
26
20
44
16
29
18
47
13
5
32
12
28
36
34
1
10
25
33
43
4
27
9
3
19
8
40
21
16
4
7
38
29
50
44
18
49
13
48
39
1
28
31
36
46
8
34
12
11
41
19
43
3
42
35
22
47
30
23
17
33
10
45
15
2
20
26
37
40
9
27
14
25
6
24
5
32
13
17
43
38
28
20
26
25
31
36
22
2
29
34
15
19
30
40
39
42
14
4
6
41
49
45
50
27
48
24
35
33
3
23
9
7
46
1
47
32
12
37
10
11
44
18
8
5
16
21
38
10
31
13
1
24
45
29
35
44
28
50
41
40
7
46
47
16
12
5
34
25
4
21
30
23
20
26
18
42
48
3
19
17
22
27
8
36
32
39
2
15
6
37
11
33
14
9
49
43
18
4
38
12
3
50
29
34
8
19
35
16
46
22
42
1
14
30
33
20
25
44
43
36
37
2
23
13
5
7
9
27
49
26
45
48
47
41
17
28
10
11
32
21
15
24
40
6
31
39
31
48
41
21
24
10
23
6
5
34
27
49
42
13
20
8
33
11
9
35
39
45
36
47
4
22
7
18
2
25
1
40
16
43
3
12
38
30
29
44
26
46
17
14
50
28
32
15
19
37
25
36
29
44
8
31
19
13
12
30
43
17
7
46
9
21
37
23
4
3
1
22
35
39
18
14
24
34
40
50
42
49
27
2
32
47
6
38
10
33
28
20
26
16
45
15
11
41
48
5
16
45
35
4
2
7
32
19
10
41
49
42
3
15
14
48
6
29
25
18
44
21
27
38
28
26
11
9
23
37
33
17
50
47
5
22
13
40
36
34
39
31
46
24
20
43
1
12
30
8
11
38
1
22
42
40
37
8
24
33
16
32
28
26
23
6
34
7
5
44
49
27
9
14
29
30
48
43
3
2
39
10
18
36
4
20
12
21
35
45
13
41
25
31
19
46
50
17
47
15
50
14
26
49
20
28
10
4
9
23
21
36
31
35
39
40
46
15
6
48
2
47
42
33
45
8
18
30
32
19
16
22
37
1
25
44
29
17
11
3
24
7
12
13
41
27
5
34
43
38
12
20
22
29
16
39
11
15
19
25
5
40
38
43
33
24
18
31
7
4
35
46
14
10
13
37
17
47
50
34
2
44
41
8
48
1
42
26
28
27
30
49
21
3
9
23
36
32
45
6
6
35
15
9
44
2
8
12
7
28
3
1
34
18
46
14
20
37
48
26
45
43
47
11
33
38
4
29
49
40
31
24
21
50
36
23
10
13
22
5
27
32
16
30
17
41
19
25
39
42
