45
23
34
30
40
4
17
38
27
9
7
43
37
2
5
25
22
42
18
41
19
33
12
35
3
24
46
31
13
1
10
11
28
6
21
36
26
32
39
14
16
50
8
44
47
49
15
29
20
48
11
2
30
34
6
17
9
28
49
45
42
22
16
37
38
50
44
13
29
40
36
1
8
23
25
15
41
32
31
39
24
18
35
12
47
21
48
4
43
19
14
3
7
26
5
10
33
46
27
20
36
50
6
39
41
37
46
16
5
2
8
15
45
38
1
49
43
12
44
31
20
9
26
25
48
35
3
4
28
32
7
14
34
24
29
42
33
11
30
21
19
10
13
22
18
17
23
27
40
47
32
42
10
40
47
45
6
17
20
35
1
24
4
36
48
15
13
43
31
46
16
28
5
37
7
49
30
2
34
9
3
19
39
41
26
18
11
25
8
50
33
22
23
38
27
29
12
14
21
44
48
40
19
3
17
26
27
18
22
37
12
31
15
41
25
44
5
8
21
45
38
20
32
30
34
16
1
14
43
49
46
4
47
10
33
39
24
42
23
6
11
9
29
2
28
13
35
50
36
7
4
29
47
43
27
14
22
9
34
12
30
45
21
42
8
6
11
36
40
1
32
31
18
46
19
41
26
17
44
10
20
25
33
3
50
15
16
37
13
23
5
48
35
7
49
38
39
24
28
2
27
19
8
28
12
30
25
1
29
21
46
6
40
3
32
33
7
48
41
9
24
39
10
42
50
44
43
37
18
4
23
26
38
16
35
13
22
17
5
49
20
45
14
15
36
11
31
47
2
34
46
44
42
48
9
10
36
34
15
13
14
39
49
1
27
5
23
26
32
11
47
24
29
2
41
21
7
40
6
43
30
20
12
31
22
4
17
35
19
38
45
8
3
18
33
50
28
16
37
25
22
18
50
16
21
13
48
39
47
6
29
5
2
19
37
38
32
41
34
12
15
49
44
20
24
46
40
1
8
36
27
31
10
26
30
3
35
9
42
25
4
23
28
43
7
14
11
33
17
45
26
3
25
27
46
11
15
23
44
10
31
8
47
48
42
4
50
9
35
16
5
14
1
29
39
17
32
38
36
45
21
12
6
30
41
33
49
18
7
28
34
43
2
40
22
19
37
20
24
13
30
32
12
37
26
8
42
13
23
34
19
41
24
50
6
11
9
1
17
2
49
40
3
43
22
18
27
5
46
33
15
47
7
25
20
29
28
14
16
31
36
38
44
10
4
39
21
48
45
35
9
12
17
2
48
1
39
33
32
42
36
3
13
25
18
34
29
27
47
10
4
15
16
49
28
6
22
8
11
23
43
45
30
37
40
38
44
7
50
24
31
14
19
5
21
26
20
35
46
41
35
13
11
33
18
20
47
49
1
24
45
30
23
9
34
39
15
14
19
37
46
44
40
22
27
31
10
28
17
8
50
42
26
5
43
16
3
12
41
7
25
21
48
29
6
36
2
38
32
4
43
30
33
18
34
41
5
35
50
1
11
49
12
21
45
16
27
29
10
24
37
38
13
15
36
39
6
23
25
22
32
17
2
48
14
47
19
31
4
42
44
28
26
46
40
20
9
8
7
3
7
15
36
46
19
18
44
37
3
49
47
9
6
31
39
29
41
28
23
38
21
35
30
16
17
33
13
50
5
20
26
2
25
11
45
8
32
22
34
12
43
42
40
48
10
1
24
4
14
27
28
5
44
24
36
38
12
45
25
14
10
13
19
27
29
35
6
20
26
23
30
37
2
9
42
7
21
22
41
48
49
16
11
4
46
40
39
50
3
47
15
33
1
32
8
31
34
43
18
17
50
8
7
19
11
3
43
47
13
20
23
4
14
10
30
2
31
39
24
33
9
36
46
27
5
28
38
49
21
16
41
6
45
22
15
35
1
29
37
17
32
44
18
12
48
34
25
40
26
42
44
1
37
20
25
22
31
24
14
17
39
29
35
30
11
47
38
6
16
7
18
45
33
4
23
50
5
41
19
12
36
21
32
28
34
43
10
27
40
48
42
2
15
49
13
8
46
3
9
26
19
28
3
29
22
27
18
43
21
31
44
33
5
49
16
10
4
25
45
39
50
41
24
7
11
13
48
15
1
38
17
34
20
46
8
37
14
23
9
36
2
26
30
6
32
40
47
42
35
12
5
24
16
10
30
47
41
26
46
18
40
19
36
23
43
17
49
38
3
50
22
13
39
31
2
32
25
7
48
29
12
15
9
45
27
6
34
28
14
20
21
35
33
8
37
4
42
44
11
1
3
33
9
6
23
16
4
20
41
11
15
10
27
29
19
30
25
32
22
8
40
26
49
48
1
47
28
42
12
5
38
35
13
36
17
14
2
44
31
43
18
39
50
45
46
21
7
37
34
24
2
6
13
1
38
43
35
30
26
40
48
47
44
17
50
9
28
45
36
14
27
32
34
3
20
29
39
11
7
15
25
8
31
18
37
5
41
16
21
46
24
19
4
33
42
12
49
10
22
23
23
37
2
8
43
15
7
10
6
47
32
12
1
14
26
42
16
21
49
22
3
5
20
28
40
4
36
33
9
27
29
41
48
39
13
50
25
19
45
18
38
34
24
17
31
35
30
11
44
46
24
46
39
11
4
32
33
50
28
16
37
34
18
20
41
7
8
35
2
17
43
42
45
13
21
25
49
48
26
31
44
1
14
40
6
30
5
10
38
15
23
47
27
19
12
22
29
36
3
9
34
22
29
15
32
44
13
42
33
7
24
14
26
6
40
41
12
19
30
49
10
48
31
18
4
5
35
21
38
46
11
39
36
23
1
17
20
8
27
16
47
25
37
9
43
3
45
2
50
28
37
34
21
25
13
5
45
41
40
8
6
35
50
33
36
26
48
3
43
47
11
19
17
1
38
27
12
20
22
30
14
9
44
49
28
2
7
15
24
29
46
18
39
42
23
32
4
31
10
16
17
47
27
32
31
12
24
48
16
4
33
25
9
5
2
23
39
34
37
36
13
18
22
40
35
1
19
44
14
50
28
43
8
38
7
10
21
46
15
11
49
6
41
20
3
30
26
45
42
29
47
11
45
14
35
49
40
21
37
15
26
20
48
7
17
32
19
33
38
27
8
10
28
50
46
42
9
3
16
6
18
30
29
13
31
24
43
39
12
34
1
4
5
36
2
44
41
23
25
22
20
41
40
36
7
21
1
14
43
29
35
44
10
47
4
3
24
50
28
30
25
16
38
5
31
12
37
39
15
26
8
48
46
19
2
32
18
45
6
13
9
17
11
23
34
42
27
22
33
49
8
27
18
5
39
36
49
12
4
48
34
21
22
11
3
37
35
10
50
28
31
7
25
24
9
19
33
45
47
41
13
38
42
44
32
46
23
43
2
40
29
15
20
1
30
16
17
26
6
14
40
9
38
31
15
42
3
2
36
43
17
16
32
12
22
27
10
18
46
25
7
6
11
45
14
34
8
24
33
44
35
13
4
29
19
49
30
20
26
37
41
1
47
28
39
5
48
21
23
50
41
26
23
42
49
9
34
27
17
38
18
37
30
4
10
20
1
44
14
5
28
3
21
8
15
36
47
12
24
11
45
46
43
7
16
19
50
48
33
2
40
29
22
25
35
6
32
39
13
31
14
43
46
50
45
6
38
11
48
27
21
28
20
39
31
13
42
5
1
19
17
8
7
26
12
40
2
9
10
35
37
32
24
33
23
25
4
49
44
41
3
16
36
34
29
47
22
30
15
18
1
21
32
17
10
19
16
40
2
39
4
23
33
28
35
18
26
47
20
13
29
12
48
34
44
43
31
46
37
14
6
5
22
15
42
11
27
3
25
8
7
30
49
50
24
45
38
9
41
36
10
31
5
26
14
48
30
46
38
50
2
18
43
32
12
45
3
22
27
29
33
17
23
44
6
9
16
36
20
21
19
7
15
42
39
41
40
47
49
4
8
24
34
35
25
37
13
28
1
11
42
25
24
23
5
46
21
3
30
32
20
27
8
44
47
28
45
2
11
6
26
50
15
12
18
10
14
19
39
17
4
29
40
35
49
34
9
33
48
1
22
36
31
41
16
7
43
13
38
37
33
39
20
41
50
25
28
36
45
26
38
46
11
16
13
12
21
17
15
43
6
34
37
32
8
48
29
10
27
3
22
49
23
14
24
1
31
5
18
30
35
40
42
47
9
2
44
7
4
19
29
49
14
47
33
23
20
7
42
3
9
38
17
8
21
43
40
4
13
32
41
2
19
6
10
11
15
25
35
28
5
36
1
34
44
31
37
24
46
22
50
27
45
39
26
48
16
18
12
30
15
7
48
35
37
33
14
31
39
46
41
11
25
45
49
22
2
24
42
21
23
30
50
17
26
20
44
16
29
18
47
27
5
32
12
28
36
34
1
10
6
13
43
4
38
9
3
19
8
40
21
16
4
7
1
29
50
44
18
22
13
48
39
24
28
31
36
46
8
34
12
11
41
19
43
3
42
35
30
47
40
23
17
9
10
45
15
2
20
26
37
32
38
27
14
25
6
49
5
33
13
17
43
38
28
35
26
25
31
36
22
2
29
34
15
19
30
40
39
42
14
23
6
41
49
45
50
27
4
24
48
33
3
20
9
7
46
1
47
32
12
37
10
11
44
18
8
5
16
21
38
10
31
13
29
24
2
22
35
44
28
50
41
40
7
46
47
16
12
15
34
25
4
21
30
23
20
26
45
42
9
3
19
17
18
27
8
36
32
39
48
5
6
37
11
33
14
1
49
43
18
4
28
12
3
50
32
5
8
19
25
26
46
22
44
1
14
30
33
20
45
29
43
36
16
2
23
13
42
7
34
37
49
27
38
48
47
41
17
35
10
11
9
21
15
24
40
6
31
39
31
48
41
21
24
34
23
6
11
5
27
7
42
13
20
8
33
49
9
35
39
4
36
47
37
22
45
18
2
25
1
40
16
43
3
12
38
30
29
44
26
46
17
14
50
28
10
15
19
32
25
36
49
44
8
31
19
29
12
30
43
17
7
46
9
21
37
23
4
3
1
22
35
39
47
14
24
34
40
13
42
50
27
2
11
26
6
38
10
33
28
20
32
16
45
15
18
41
48
5
16
45
35
4
2
7
29
19
10
41
49
42
3
15
14
48
17
11
25
18
44
21
27
38
32
26
34
6
23
37
33
28
50
47
5
22
13
40
36
9
39
31
46
24
20
43
1
12
30
8
49
38
1
22
42
40
37
8
24
33
16
32
28
26
23
36
34
7
5
44
48
27
9
14
29
30
11
43
3
2
39
10
18
21
4
20
12
6
35
45
13
41
25
31
19
46
50
17
47
15
39
14
26
49
20
28
10
4
9
23
50
36
31
35
24
40
46
15
6
48
2
47
42
33
45
8
18
30
32
19
16
22
37
1
25
44
29
21
11
3
17
7
12
13
41
27
5
34
43
38
12
20
22
45
16
39
11
15
19
25
5
40
38
43
33
24
18
31
7
4
35
46
14
10
13
37
17
47
50
34
2
44
41
8
48
9
42
26
28
27
30
49
21
3
1
23
36
32
29
6
6
35
15
9
44
2
8
32
7
28
3
1
34
18
46
14
20
37
48
26
42
43
47
11
33
38
4
29
49
40
31
24
21
50
36
23
45
13
22
5
27
12
16
30
17
41
19
25
39
10
