45
23
34
30
43
4
17
32
27
9
18
10
37
2
5
29
22
42
46
41
19
33
12
35
3
24
7
31
13
1
40
11
28
6
21
36
26
49
39
14
16
50
8
44
47
38
15
25
20
48
17
28
30
34
6
18
9
29
49
45
44
22
16
37
38
27
19
13
11
40
36
1
8
23
25
15
41
32
31
39
24
50
35
42
47
21
48
4
43
2
14
3
7
26
5
10
33
46
12
20
36
5
6
39
41
37
46
34
44
2
8
15
45
38
16
25
43
12
50
31
20
30
26
49
48
35
3
4
28
32
7
14
1
24
29
42
33
11
47
21
19
10
13
22
18
17
23
27
40
9
32
42
10
40
47
45
6
17
20
16
35
24
46
36
49
15
13
43
27
1
48
28
5
37
7
4
30
2
34
9
3
19
39
41
26
18
11
25
8
50
33
22
23
38
31
29
12
14
21
44
48
40
19
3
17
26
27
18
22
37
12
31
15
41
25
44
5
8
21
45
46
20
7
50
34
16
1
14
43
49
29
30
47
10
33
39
28
42
23
6
11
9
38
2
24
13
35
4
36
32
24
29
47
43
27
14
22
9
34
30
25
45
21
42
8
12
11
36
40
6
32
23
18
46
19
41
26
17
44
10
20
4
33
3
50
15
16
37
13
38
5
48
35
7
49
31
39
1
28
2
27
19
8
28
12
30
25
1
29
21
46
6
40
3
32
49
33
48
2
9
24
39
10
7
50
44
43
37
42
4
23
26
38
16
35
13
22
17
5
18
20
45
14
41
36
11
31
47
15
34
46
44
42
48
9
38
36
26
15
13
14
39
49
33
1
5
23
28
32
11
47
24
29
2
41
21
27
7
6
43
10
20
12
31
30
4
17
35
19
34
45
8
3
18
40
50
22
16
37
25
22
18
50
16
21
47
48
36
31
6
29
5
2
19
37
38
32
20
34
12
42
49
44
8
24
46
40
1
41
13
27
43
10
39
11
3
35
9
26
25
4
23
28
15
7
14
30
33
17
45
4
3
25
27
46
33
15
23
11
40
31
42
47
48
10
28
44
26
35
16
5
50
1
29
14
39
32
38
36
45
21
12
6
30
41
9
49
18
7
8
34
43
2
17
22
19
37
20
24
13
30
32
12
37
26
8
42
16
13
34
19
41
24
50
6
11
9
1
49
29
27
35
3
43
22
18
46
5
17
33
15
47
7
25
20
23
45
14
28
40
36
38
44
10
4
39
21
48
2
31
9
12
17
2
48
1
39
38
32
42
36
3
13
24
18
34
29
27
47
10
4
15
16
25
28
6
22
8
11
23
43
45
30
37
40
33
44
7
50
49
31
14
19
5
21
26
20
35
46
41
35
13
11
33
18
17
47
49
37
24
45
30
23
9
34
39
15
14
19
46
22
44
40
20
27
31
10
28
1
8
50
42
26
5
43
16
3
12
41
7
25
21
48
29
6
36
2
38
32
4
43
30
33
18
34
41
5
39
50
1
11
8
12
21
45
35
27
49
14
24
10
38
13
15
36
17
6
23
25
22
32
37
2
48
16
26
19
31
4
42
44
28
40
46
20
47
9
29
7
3
39
15
36
46
19
10
44
41
3
5
47
9
6
31
21
4
7
35
23
38
37
40
30
16
17
33
13
50
45
20
26
2
25
11
18
8
32
22
34
12
43
42
29
48
28
1
24
49
14
27
28
43
44
24
36
11
12
35
25
14
10
13
19
27
29
33
6
41
26
23
38
37
2
9
42
7
21
22
30
48
49
16
3
4
46
40
39
50
45
47
15
5
1
32
8
20
34
31
18
17
7
8
41
19
11
3
43
13
47
20
23
4
14
10
50
2
31
39
37
33
30
36
46
27
5
28
38
49
21
16
9
6
45
22
15
35
1
29
24
17
32
44
18
12
48
34
25
40
26
42
44
1
37
20
25
22
33
24
14
17
39
29
35
30
11
47
38
6
18
7
31
41
27
4
23
50
5
45
19
12
36
21
32
28
34
43
10
16
40
48
42
2
15
49
13
8
46
3
9
26
19
2
3
45
22
27
18
43
1
31
41
33
5
49
7
10
4
25
44
39
50
9
24
21
11
13
48
15
12
38
17
34
20
46
8
37
14
23
16
36
29
26
30
6
32
40
47
42
35
28
5
50
24
10
30
19
3
47
46
18
40
7
36
23
43
17
49
38
16
14
26
13
39
31
2
32
25
41
48
29
12
15
27
45
22
6
34
28
9
20
21
35
33
8
37
4
42
44
11
1
3
33
9
6
23
16
4
20
41
11
15
19
27
29
24
30
25
32
22
8
40
26
49
48
1
47
35
42
46
5
38
13
36
12
17
14
2
44
31
43
18
39
50
45
10
21
28
37
34
7
2
6
13
1
40
43
35
30
26
38
48
47
44
17
14
9
28
45
36
50
16
32
34
3
20
29
39
11
7
15
25
8
31
18
37
5
41
27
21
46
24
19
4
33
42
12
49
10
22
23
23
37
2
8
1
15
7
10
6
47
32
12
50
14
26
42
16
21
45
22
3
5
17
28
40
49
36
33
9
27
4
41
48
20
13
29
25
19
30
31
38
34
24
43
39
35
18
11
44
46
16
46
39
11
4
32
2
50
28
35
37
34
18
20
41
7
8
9
24
17
43
42
45
13
21
25
49
48
26
31
44
1
14
40
6
30
5
10
38
15
23
33
27
19
12
22
29
36
3
47
34
22
23
15
32
44
29
42
33
7
4
14
26
6
40
41
12
19
30
49
18
48
31
24
47
5
28
36
38
46
11
39
13
21
1
17
20
8
27
16
35
25
37
9
43
3
45
2
50
10
26
34
21
25
13
5
31
22
40
8
6
35
17
45
36
50
48
3
41
47
11
19
33
1
38
27
12
20
24
30
14
9
44
49
28
2
7
15
37
29
46
18
39
42
23
32
4
43
10
16
37
47
27
32
31
12
24
48
16
4
33
43
9
5
2
23
39
34
10
36
13
18
22
40
35
1
19
44
14
17
28
25
8
38
7
50
21
46
15
11
49
6
41
20
3
30
26
45
42
29
47
11
45
14
29
49
40
21
23
15
26
20
48
7
19
32
37
33
38
27
8
10
28
30
46
42
9
3
16
6
18
17
34
13
31
24
43
39
12
35
1
4
5
36
2
44
41
50
25
22
20
41
40
36
35
25
1
14
43
29
7
44
10
47
4
3
24
50
28
30
21
16
38
5
31
12
37
39
15
26
8
48
46
19
2
32
18
45
6
13
9
17
11
23
34
42
27
22
33
49
8
27
18
5
39
36
49
33
4
48
34
21
22
11
3
37
35
10
43
28
6
7
25
42
9
19
45
40
47
41
46
31
15
44
12
38
23
32
2
24
50
13
20
1
30
16
17
26
29
14
40
9
38
31
15
42
13
2
36
43
17
26
32
12
22
16
10
18
3
25
7
6
11
45
39
34
8
24
33
44
35
27
4
29
19
49
30
20
14
37
41
1
47
28
46
5
48
21
23
50
41
26
29
42
49
9
34
27
17
32
38
37
30
4
48
20
1
44
31
5
28
3
21
18
16
36
47
12
8
11
45
46
43
7
14
19
50
6
33
23
40
15
22
25
35
2
10
39
13
24
14
21
46
47
45
6
38
11
48
22
50
28
20
39
31
13
42
5
1
19
17
8
15
26
12
40
2
9
10
35
37
32
24
33
23
25
4
43
44
41
3
16
36
34
29
49
7
30
27
18
1
24
32
17
10
21
16
40
2
39
9
23
4
28
35
18
26
47
20
13
29
12
48
34
44
43
31
46
37
14
6
5
22
15
42
11
27
3
25
19
7
30
49
50
33
45
38
8
41
36
10
31
5
26
14
48
30
46
38
50
2
18
43
32
12
45
3
22
29
15
33
17
23
44
6
9
16
21
20
36
19
7
42
27
39
41
40
47
49
4
8
24
34
35
25
37
13
28
1
11
42
25
28
23
5
46
21
3
30
12
20
27
8
44
47
26
45
2
17
37
9
4
32
6
18
10
14
19
39
50
41
29
40
35
49
34
24
33
48
1
22
36
31
11
16
7
43
13
38
15
33
39
20
41
50
35
28
12
45
26
1
25
11
16
13
36
21
17
15
43
49
34
37
32
8
48
29
10
27
3
22
38
23
14
24
46
31
5
18
30
2
47
42
40
9
6
44
7
4
19
29
49
14
50
33
23
20
7
42
3
21
38
1
8
17
43
40
4
13
32
41
2
19
12
10
11
15
25
35
28
5
36
9
34
44
31
37
24
46
22
47
27
45
39
26
48
16
18
6
30
15
7
48
35
37
13
41
31
39
46
30
11
33
25
27
22
2
24
42
21
23
14
50
17
26
20
44
16
29
18
47
49
5
32
45
28
36
34
1
10
6
12
43
4
38
9
3
19
8
40
21
16
4
7
38
29
50
44
18
49
13
48
39
1
28
31
36
46
8
34
12
11
41
19
43
3
42
35
22
47
30
23
17
9
10
45
15
2
20
26
37
40
32
27
14
25
6
24
5
33
13
17
43
38
28
20
26
25
21
36
22
2
29
34
15
19
30
40
39
42
14
31
6
41
49
45
50
27
4
24
48
33
11
23
9
7
46
1
3
32
12
37
10
47
44
18
8
5
16
35
38
10
31
13
7
24
45
5
35
44
28
50
41
40
30
46
47
16
12
2
34
25
4
22
15
23
20
26
18
21
42
3
19
17
27
1
8
36
32
39
48
29
6
37
11
33
14
9
49
43
18
4
16
12
3
50
32
28
8
19
42
46
25
22
44
1
14
30
33
20
45
29
43
36
37
2
23
13
5
7
34
35
49
26
38
48
47
41
17
27
10
11
9
21
15
24
40
6
31
39
31
48
7
21
24
34
23
6
5
10
27
49
42
13
20
8
41
11
9
35
39
45
36
47
4
22
33
18
2
25
1
40
16
43
3
12
38
30
29
44
26
46
17
14
50
28
32
15
19
37
25
36
49
44
8
31
19
37
12
27
43
17
7
46
9
21
50
23
4
3
1
22
35
39
30
14
24
34
40
42
13
18
29
2
32
47
6
38
10
33
28
20
26
16
45
15
11
41
48
5
11
45
35
4
2
7
14
19
10
41
49
16
3
15
42
48
17
29
25
18
44
21
20
38
32
26
34
6
23
37
33
28
50
47
5
22
13
40
36
9
39
31
46
24
27
43
1
12
30
8
49
38
1
22
42
40
37
8
24
33
16
32
28
26
23
6
34
7
5
44
15
27
9
14
29
30
11
43
3
2
39
10
18
36
4
20
12
48
35
45
13
41
25
31
19
46
50
17
47
21
50
14
26
49
20
28
10
4
9
23
24
36
31
35
39
40
46
15
6
48
2
47
42
33
45
8
18
30
32
19
16
22
37
1
25
44
29
21
11
3
17
7
12
13
41
27
5
34
43
38
12
20
22
29
16
39
11
15
19
25
5
40
38
43
33
24
18
31
7
4
35
46
14
10
13
37
17
47
50
34
2
44
41
8
48
27
9
26
42
28
30
49
21
3
1
23
36
32
45
6
6
35
15
9
44
2
8
45
7
28
3
1
34
18
46
14
20
37
48
26
25
43
47
11
33
38
4
29
49
40
31
24
21
50
36
10
42
13
22
5
27
32
16
30
17
41
19
23
39
12
