45
23
34
30
40
4
17
37
27
9
18
49
46
2
5
25
22
42
29
41
19
33
12
35
3
24
7
31
13
1
10
11
28
6
21
36
26
32
39
14
16
50
8
44
47
38
15
43
20
48
4
11
30
34
6
18
2
9
49
45
42
22
16
37
38
50
44
13
27
40
36
1
8
12
25
15
41
32
31
39
24
28
35
23
47
21
48
17
43
19
14
3
7
26
5
10
33
46
29
20
36
49
6
39
41
37
46
45
5
2
8
15
1
38
30
16
43
12
50
31
20
44
26
21
48
35
3
4
28
32
23
14
34
24
29
42
33
11
25
9
19
10
13
22
18
17
7
27
40
47
32
42
10
40
47
45
6
17
20
16
35
24
4
36
48
15
13
43
31
46
27
28
5
37
7
49
30
2
34
9
3
19
39
41
26
18
11
25
8
50
33
22
23
38
1
29
12
14
21
44
48
40
19
3
17
26
27
18
11
37
12
31
15
41
25
44
5
8
21
45
22
20
7
30
34
16
1
14
43
49
29
4
47
10
33
39
24
42
23
6
50
9
46
2
38
13
35
32
36
28
24
29
47
43
27
14
22
13
34
38
30
45
21
42
8
12
11
36
40
1
32
4
18
46
19
41
26
17
44
10
20
25
33
3
50
15
16
37
9
23
5
48
35
7
49
6
39
31
28
2
27
19
8
28
12
30
25
1
29
21
46
6
40
3
32
49
33
48
17
9
24
39
10
7
50
44
43
37
42
4
41
26
38
16
35
13
22
23
5
18
20
45
14
15
36
11
31
47
2
34
46
44
42
48
9
34
36
28
15
13
14
39
49
7
1
5
23
26
32
11
47
35
29
2
41
21
33
22
6
43
40
20
12
31
30
4
17
3
19
27
45
8
38
18
24
50
10
16
37
25
39
18
50
16
21
13
48
47
22
6
29
5
2
19
37
38
32
41
34
12
15
49
44
20
24
46
40
1
8
36
27
31
10
26
11
3
35
9
42
25
4
23
28
43
7
14
30
33
17
45
26
3
25
27
46
17
15
23
42
32
31
10
47
48
14
8
19
9
35
16
5
50
1
29
4
39
11
38
36
45
21
12
6
30
41
33
49
18
7
28
34
43
2
40
22
44
37
20
24
13
30
32
12
37
26
8
42
35
13
34
19
41
24
50
6
11
9
1
2
29
49
23
3
43
22
18
27
5
17
33
15
47
7
25
20
46
28
14
16
40
36
38
44
10
4
39
21
48
45
31
9
28
17
2
48
1
33
12
32
42
36
3
13
24
18
34
29
27
47
10
4
15
16
25
39
6
22
8
11
23
43
45
30
37
40
38
44
7
50
49
31
14
19
5
21
26
20
35
46
41
35
13
11
33
18
20
47
49
40
24
45
30
23
9
34
39
15
44
19
37
46
14
17
22
27
31
10
28
1
8
50
42
26
5
43
16
3
12
41
7
25
21
48
29
6
36
2
38
32
4
43
30
33
18
34
41
5
39
50
1
11
16
12
21
45
26
27
29
37
24
10
38
13
15
36
17
6
23
25
22
32
35
2
48
14
47
19
31
4
42
44
28
40
46
20
49
9
8
7
3
49
15
36
46
19
10
44
5
3
35
47
9
6
31
7
29
41
28
23
38
37
40
30
16
17
33
13
50
18
20
26
2
25
11
45
8
32
22
34
12
43
42
21
48
39
1
24
4
14
27
28
5
44
24
36
38
12
41
25
14
10
13
19
27
29
35
6
20
43
23
31
37
2
9
42
7
21
45
30
48
49
16
11
4
46
40
39
50
26
47
15
33
3
32
8
22
34
1
18
17
7
8
24
19
11
3
43
34
37
20
23
4
14
10
50
2
31
39
41
33
30
36
46
27
5
28
38
49
21
16
9
6
45
22
15
35
1
29
13
17
32
44
18
12
48
47
25
40
26
42
44
1
37
20
25
22
31
24
14
17
39
29
33
30
11
47
38
6
10
7
16
41
27
4
23
50
5
36
19
12
34
21
32
28
18
43
45
35
40
48
42
2
15
49
13
8
46
3
9
26
19
2
3
29
22
27
18
43
1
31
21
33
5
49
41
10
4
25
44
39
50
9
24
23
11
13
28
15
12
38
17
34
20
46
8
37
14
16
45
36
48
26
30
6
32
40
47
42
35
7
5
50
28
10
30
19
3
16
47
18
40
7
36
23
43
17
49
38
26
14
9
13
39
31
2
32
25
41
46
29
12
15
27
45
22
6
34
48
24
20
21
35
33
8
37
4
42
44
11
1
3
33
9
6
23
16
4
20
41
11
15
19
27
29
36
30
25
32
22
8
40
26
49
48
1
47
46
42
24
5
38
7
13
12
17
14
2
44
31
43
18
39
50
45
10
21
28
37
34
35
2
6
13
1
14
43
35
30
26
40
48
47
44
17
16
9
28
45
36
50
38
32
34
3
20
29
39
11
7
15
25
8
31
18
37
5
41
27
21
46
24
19
4
33
42
12
49
10
22
23
23
37
2
8
43
15
7
10
6
47
32
12
50
14
26
42
16
21
49
22
3
5
20
28
40
4
45
33
9
27
36
41
48
39
13
29
25
19
30
24
38
34
1
17
31
35
18
11
44
46
33
46
39
11
4
32
41
50
28
22
37
34
35
20
24
7
8
18
16
17
43
42
45
13
21
25
49
48
26
31
44
1
14
40
6
30
5
10
38
15
23
47
27
19
12
2
29
36
3
9
34
22
23
15
32
44
13
42
33
7
4
14
26
6
40
41
12
19
30
49
18
48
31
24
28
5
35
21
38
46
11
39
9
36
1
17
20
8
27
16
29
25
37
47
43
3
45
2
50
10
17
34
21
25
13
5
45
22
31
8
6
35
43
33
27
36
48
3
24
47
11
19
40
1
38
2
12
20
41
30
14
9
44
49
28
26
7
15
37
29
46
18
39
42
23
32
4
50
10
16
37
47
27
32
31
12
24
48
16
4
33
43
9
5
2
23
39
34
45
36
13
18
22
40
35
1
19
44
14
17
28
50
8
38
7
10
21
46
15
11
49
6
41
20
3
30
26
25
42
29
47
24
45
14
7
49
40
21
44
15
26
20
48
11
19
32
37
33
38
27
8
10
28
17
46
42
9
3
16
6
18
30
29
13
31
50
43
39
12
35
1
4
5
36
2
34
41
23
25
22
20
41
40
36
35
25
1
14
43
29
7
44
10
47
4
3
24
50
28
30
21
16
38
5
31
12
37
39
15
26
8
48
46
19
2
32
18
45
6
13
9
17
11
23
34
42
27
22
33
49
8
27
18
5
39
36
49
33
4
48
34
21
22
45
3
37
35
10
46
28
42
7
25
50
9
19
32
40
47
41
6
13
15
44
38
24
23
43
2
31
11
29
20
1
30
16
17
26
12
14
40
9
16
31
15
42
39
2
36
43
38
26
32
12
22
27
10
35
3
25
7
6
11
45
18
34
8
24
33
44
13
17
4
29
19
49
30
20
14
37
41
1
47
28
46
5
48
21
23
50
41
26
29
42
49
9
34
27
17
5
44
37
30
4
10
20
1
14
18
2
28
3
21
8
15
36
47
12
48
11
45
46
43
7
16
19
50
6
33
38
40
32
22
25
35
31
23
39
13
24
14
43
7
47
45
21
38
11
48
27
50
28
20
39
31
13
42
5
1
19
17
8
33
26
12
40
2
6
10
35
46
32
24
9
23
25
4
49
44
41
3
16
36
34
29
37
22
30
15
18
1
21
32
17
10
6
16
40
2
39
9
23
25
28
35
18
26
47
20
13
29
12
48
34
44
43
31
46
37
14
19
5
22
15
42
11
27
4
3
8
7
30
49
50
33
45
38
24
41
36
10
31
5
26
29
48
30
46
38
50
2
18
37
32
12
45
3
22
14
15
33
17
23
44
6
9
16
7
20
21
42
43
36
27
39
41
40
47
49
4
8
24
34
35
25
19
13
28
1
11
42
25
20
23
5
46
21
3
30
12
17
27
8
44
47
28
45
2
11
6
26
24
15
18
32
10
14
19
39
50
4
29
40
35
49
34
9
33
48
1
22
36
31
41
16
7
43
13
38
37
38
39
46
41
50
47
28
36
45
26
1
25
11
16
13
33
21
17
15
43
6
34
37
32
8
48
29
10
27
3
22
49
23
14
24
2
31
5
18
30
35
12
42
9
40
20
44
7
4
19
29
12
14
50
33
23
9
7
21
3
20
38
18
8
49
43
40
4
13
32
41
2
19
42
10
11
15
25
35
28
5
36
1
34
44
31
37
24
46
22
47
27
45
39
26
48
16
17
6
30
15
7
48
35
37
33
14
31
39
46
41
11
45
25
17
22
2
24
42
21
23
30
50
49
26
20
44
16
29
18
47
38
5
32
12
28
36
34
1
10
6
13
43
4
27
9
3
19
8
40
21
16
4
7
38
29
50
44
18
49
13
48
39
1
28
31
36
46
8
34
12
11
41
19
43
3
42
35
22
47
30
23
17
33
10
45
15
2
20
26
37
40
24
27
14
25
6
9
5
32
13
17
43
38
28
35
26
25
23
36
22
2
29
34
15
19
30
40
39
42
14
31
6
41
49
45
50
27
4
24
48
33
3
20
9
7
46
1
47
32
12
37
10
11
44
18
8
5
16
21
22
10
31
13
1
24
20
38
35
44
28
50
41
40
21
46
47
16
12
5
34
25
4
6
30
23
48
26
45
42
7
3
19
17
27
9
8
36
32
39
2
15
29
37
11
33
14
18
49
43
18
4
38
12
3
50
32
26
8
19
25
46
28
22
44
1
14
30
33
20
45
29
43
36
16
27
23
13
5
7
35
37
49
42
34
48
47
41
17
2
10
11
9
21
15
24
40
6
31
39
31
48
41
21
24
11
23
6
46
10
27
8
42
13
20
4
7
49
9
35
39
45
36
47
37
22
34
18
2
25
1
40
16
43
3
12
38
30
29
44
26
5
17
14
50
28
32
15
19
33
25
36
49
44
8
31
19
29
12
30
43
17
7
46
9
21
50
23
4
3
1
22
35
39
47
14
24
34
40
13
37
18
42
2
32
27
6
38
10
33
28
20
26
16
45
15
11
41
48
5
16
45
35
4
2
7
29
19
10
41
49
42
3
15
46
48
17
11
25
18
44
21
32
38
14
26
20
9
23
37
33
27
50
47
5
22
13
40
36
34
39
31
6
24
28
43
1
12
30
8
11
38
1
22
42
40
37
8
24
33
16
32
17
26
23
6
34
7
5
44
48
27
9
14
29
30
36
43
3
2
39
10
18
21
4
20
12
28
35
45
13
41
25
31
19
46
50
49
47
15
50
14
26
49
20
28
10
4
9
23
24
36
31
35
39
40
46
15
6
48
2
47
42
33
45
8
18
30
32
19
16
22
37
1
25
44
29
21
11
3
17
7
12
13
41
27
5
34
43
38
12
20
22
45
16
39
11
15
19
25
5
40
38
43
33
24
18
31
7
4
35
46
14
10
13
37
17
47
50
34
2
44
41
8
48
1
42
26
28
21
30
49
32
3
9
23
36
29
27
6
6
35
15
9
44
2
8
32
7
28
3
1
34
18
42
14
20
37
48
26
25
43
47
11
33
38
4
29
49
40
31
24
21
50
36
23
10
13
22
5
27
46
16
30
17
41
19
45
39
12
