45
23
34
30
38
4
17
32
27
9
18
10
46
2
5
29
22
42
37
41
19
33
12
35
3
24
7
31
13
1
40
11
28
6
21
36
26
25
39
14
16
50
8
44
47
49
15
43
20
48
17
11
30
34
6
18
29
5
49
45
44
22
16
37
38
28
19
13
27
40
36
1
8
42
25
15
41
32
31
39
24
50
35
23
47
21
48
4
43
2
14
3
7
26
9
10
33
46
12
20
36
49
7
39
41
37
46
47
5
2
8
15
25
38
19
16
43
12
44
31
20
50
26
30
48
35
3
4
28
32
6
14
1
24
29
42
33
11
45
21
34
10
13
22
18
17
23
27
40
9
32
42
10
40
47
45
6
17
20
16
1
24
35
36
48
15
13
43
49
46
25
28
5
37
7
4
30
2
34
9
3
19
39
41
26
18
11
27
8
50
33
22
23
38
31
29
12
14
21
44
48
40
19
3
17
26
27
18
11
37
12
31
15
41
25
44
5
8
21
45
30
20
7
22
34
16
1
14
43
49
29
4
47
10
33
39
24
42
23
6
50
9
38
2
46
13
35
32
36
28
4
29
47
43
27
14
22
9
34
12
24
45
21
42
8
25
11
36
40
1
32
31
18
46
19
41
26
17
44
10
20
30
33
3
50
15
16
37
13
38
5
48
35
7
49
6
39
23
28
2
27
19
8
28
12
30
25
1
29
21
46
6
40
3
32
33
7
48
2
9
24
39
10
17
50
44
43
37
42
4
23
26
38
16
35
13
22
49
5
18
20
45
14
41
36
11
31
47
15
34
46
44
42
48
9
33
36
38
15
13
14
39
49
7
1
5
23
26
32
11
47
30
29
2
41
21
35
40
6
43
10
20
12
31
34
4
17
28
19
24
45
8
3
18
27
50
22
16
37
25
22
18
50
16
21
13
48
39
42
6
29
5
2
19
37
38
41
11
34
12
31
49
44
20
24
46
40
1
8
36
27
43
10
26
30
3
35
9
47
25
4
23
28
15
7
14
32
33
17
45
50
3
25
27
46
10
15
23
40
32
31
42
47
48
11
8
44
14
35
16
5
9
1
29
4
39
33
38
36
45
21
12
6
30
41
26
49
18
7
28
19
43
2
17
22
34
37
20
24
13
30
32
12
37
26
8
42
13
31
34
19
41
24
50
16
11
9
1
23
29
45
4
3
43
22
18
46
5
17
33
15
47
7
25
20
2
28
14
6
49
36
38
44
10
40
39
21
48
27
35
9
12
17
2
48
1
33
28
32
42
36
3
13
25
18
34
29
27
47
10
4
15
16
49
39
6
22
8
11
23
43
45
30
37
40
38
44
7
50
19
31
14
24
5
21
26
20
35
46
41
35
13
11
33
18
17
47
49
44
24
45
30
23
9
34
39
15
20
19
37
22
40
14
25
27
31
10
28
1
8
50
42
26
5
43
16
3
12
41
7
48
21
46
29
6
36
2
38
32
4
43
30
33
18
34
41
5
29
50
1
11
49
12
21
45
26
27
35
10
24
16
38
13
15
36
17
6
23
25
22
32
37
2
48
14
47
19
31
4
42
44
28
40
46
39
20
9
8
7
3
39
15
36
46
19
29
44
35
3
40
47
9
6
31
7
49
37
28
18
38
21
23
30
16
17
33
13
50
41
20
26
2
25
11
45
8
32
22
34
12
43
42
5
48
10
1
24
4
14
27
28
43
44
24
36
20
12
22
25
14
10
13
19
27
29
35
6
41
3
23
38
37
2
9
42
7
21
30
45
48
49
16
11
4
46
40
39
50
26
47
15
33
1
32
8
5
34
31
18
17
7
8
20
19
11
3
43
34
13
30
23
4
14
10
42
2
31
39
50
33
9
36
46
27
5
28
38
49
21
16
41
6
45
22
15
35
1
29
24
17
32
44
18
12
48
47
25
40
26
37
44
1
37
20
25
22
31
24
14
17
39
29
33
30
36
47
38
6
11
7
18
41
27
4
23
50
5
45
19
12
34
21
32
28
16
43
10
35
40
48
42
2
15
49
13
8
46
3
9
26
19
2
3
45
22
27
18
43
1
31
9
33
5
49
41
10
4
25
16
39
50
44
24
7
11
13
48
15
12
38
17
34
20
46
8
37
14
23
28
36
29
26
30
6
32
40
47
42
35
21
5
28
24
10
30
19
14
16
47
18
40
7
36
23
43
17
49
38
46
50
26
13
39
31
2
32
25
41
22
29
12
15
3
45
27
6
34
48
9
20
21
35
33
8
37
4
42
44
11
1
3
33
9
6
23
16
4
20
41
11
35
19
27
29
15
30
25
32
22
8
40
26
49
48
1
47
36
42
46
5
38
7
13
12
17
14
2
44
31
43
18
39
50
45
24
21
28
37
34
10
2
6
13
1
40
43
35
30
26
38
48
47
44
17
50
9
28
45
36
14
27
32
34
3
20
29
39
11
7
15
25
8
31
18
37
5
41
16
21
46
24
19
4
33
42
12
49
10
22
23
23
37
2
8
1
15
7
10
6
47
32
12
50
14
26
42
16
21
45
22
3
5
17
28
40
49
20
33
9
27
36
41
48
39
13
24
25
19
30
31
38
34
29
43
4
35
18
11
44
46
16
46
39
11
4
32
3
50
28
35
37
34
18
20
24
7
8
9
41
17
43
42
45
13
21
25
49
48
26
31
44
1
14
40
6
30
5
10
38
15
23
47
27
19
12
22
29
36
2
33
34
22
23
15
32
44
13
42
33
7
4
14
26
6
40
41
12
19
30
49
10
48
31
24
18
5
28
36
38
46
11
39
29
21
1
17
20
8
27
16
35
25
37
9
43
3
45
2
50
47
26
34
21
25
13
5
2
41
22
8
6
35
43
45
17
36
48
3
31
47
11
19
40
1
38
27
12
20
24
30
14
9
44
49
28
33
7
15
37
29
46
18
39
42
23
32
4
50
10
16
37
47
27
32
31
12
24
48
16
4
33
43
9
5
2
23
39
34
17
36
13
18
22
40
35
1
19
44
14
50
28
25
8
38
7
10
21
46
15
11
49
6
41
20
3
30
26
45
42
29
47
5
45
14
7
49
40
21
37
15
26
20
48
11
30
32
50
33
38
27
8
10
28
23
46
42
9
3
16
6
18
17
34
13
31
29
43
39
12
35
1
4
19
36
2
44
41
24
25
22
20
41
40
36
35
21
1
14
43
29
7
44
10
47
4
3
24
50
28
30
6
16
38
5
31
12
37
39
15
26
8
48
46
19
2
32
18
45
25
13
9
17
11
23
34
42
27
22
33
49
8
27
18
5
39
36
49
33
4
48
34
21
22
24
3
37
35
10
29
28
15
7
25
50
9
19
45
6
47
41
13
31
42
44
38
46
23
32
2
40
11
12
20
1
30
16
17
26
43
14
40
9
46
31
15
42
39
2
36
43
17
26
32
12
22
27
10
18
14
25
7
6
11
45
16
34
8
24
33
44
35
13
4
29
19
49
30
20
3
37
41
1
47
28
5
38
48
21
23
50
41
26
16
42
49
9
34
27
17
5
38
37
30
4
14
20
1
44
24
2
28
3
21
8
15
36
47
12
48
11
45
46
43
7
18
19
50
6
33
23
40
29
22
25
35
31
10
39
13
32
14
21
49
50
45
47
38
11
48
27
15
28
20
39
31
13
42
5
1
19
17
8
33
26
12
40
2
22
10
35
46
32
24
9
23
25
4
43
44
41
3
16
36
34
29
37
7
30
6
18
1
24
32
17
10
6
16
40
2
39
21
23
4
28
35
18
26
47
20
13
29
12
48
34
44
43
31
46
37
14
19
5
22
15
25
11
27
3
42
8
7
30
49
50
33
45
38
9
41
36
10
31
5
26
14
48
30
46
38
50
2
18
1
32
12
45
3
22
43
15
33
17
23
44
6
9
16
7
20
21
37
27
36
42
39
41
40
47
49
4
8
24
34
35
25
19
13
28
29
11
42
25
28
23
5
46
21
3
30
20
41
27
8
44
47
50
45
2
26
6
37
24
15
18
32
10
14
19
39
17
4
29
40
35
49
34
9
33
48
1
22
36
31
11
16
7
43
13
38
12
33
39
6
41
50
35
28
36
45
26
20
25
11
16
13
12
21
17
15
43
49
34
37
32
8
48
29
10
27
3
22
38
23
14
24
9
31
5
18
30
47
46
42
40
1
2
44
7
4
19
29
50
14
47
33
23
20
7
21
3
42
38
17
8
49
43
40
4
13
32
41
2
19
12
10
11
15
25
35
28
5
36
9
34
44
31
37
24
46
22
6
27
45
39
26
48
16
18
1
30
15
7
48
35
37
25
41
31
39
46
30
11
45
33
27
22
2
24
42
21
23
14
50
6
26
20
44
16
29
18
47
49
5
32
12
28
36
34
1
10
17
13
43
4
38
9
3
19
8
40
21
16
4
7
29
38
50
44
18
22
13
48
39
1
28
31
36
46
8
34
12
11
41
19
43
3
42
35
30
47
9
23
17
33
10
45
15
2
20
26
37
40
32
27
14
25
6
49
5
24
13
17
43
38
28
11
26
25
23
36
22
2
29
34
21
19
30
40
39
42
14
35
6
41
49
45
50
27
4
24
48
33
15
20
9
7
46
1
16
32
12
37
10
47
44
18
8
5
3
31
38
10
31
13
20
24
9
45
35
44
28
50
41
40
6
46
47
16
12
5
34
25
4
21
30
23
27
26
18
42
7
3
19
17
22
1
8
36
32
39
2
15
48
37
11
33
14
29
49
43
18
4
38
12
3
50
45
26
8
19
25
46
37
22
44
1
14
30
33
20
42
29
43
36
28
2
23
13
5
7
16
35
49
27
32
48
47
41
17
34
10
11
9
21
15
24
40
6
31
39
31
48
41
21
24
34
23
6
46
10
27
8
42
13
20
4
33
49
9
35
39
45
36
47
37
22
32
18
2
25
1
40
16
43
3
12
38
30
29
44
26
5
17
14
50
28
11
15
19
7
25
36
29
44
8
31
19
37
12
49
43
17
7
46
9
21
32
23
4
3
1
22
35
39
47
14
24
34
40
13
42
18
27
2
11
50
6
38
10
33
28
20
26
16
45
15
30
41
48
5
11
45
35
4
2
7
32
19
10
41
49
16
3
15
46
48
17
29
25
18
44
21
42
38
14
26
34
9
23
37
33
28
50
47
5
22
13
40
36
27
39
31
6
24
20
43
1
12
30
8
49
38
1
22
42
40
37
8
24
33
16
32
28
26
23
6
34
7
5
44
48
27
9
14
29
30
11
43
3
2
39
10
18
36
4
20
12
21
35
45
13
41
25
31
19
46
50
17
47
15
24
14
26
49
43
28
10
4
9
23
50
36
31
35
39
40
46
15
6
48
2
47
20
33
45
8
18
21
32
19
30
22
37
1
42
44
29
17
11
3
25
7
12
13
41
27
5
34
16
38
12
20
22
29
16
39
11
15
19
25
5
40
38
43
33
24
18
31
7
4
35
46
32
10
13
37
17
47
50
34
2
44
41
8
48
27
42
26
14
9
30
49
21
3
28
23
36
1
45
6
6
35
15
9
44
2
8
12
7
28
3
1
34
18
10
14
20
37
48
26
46
43
47
11
33
38
4
29
49
40
31
24
21
50
36
23
45
13
22
5
27
32
16
30
17
41
19
25
39
42
