45
23
34
30
38
4
17
37
27
9
25
10
46
2
5
29
22
42
18
41
19
33
12
35
3
24
7
31
13
1
40
11
28
6
21
36
26
43
39
14
16
50
8
44
47
49
15
32
20
48
11
28
30
34
6
18
29
9
49
45
44
22
16
37
38
4
19
13
2
40
36
1
8
42
25
15
41
32
31
39
24
50
35
12
47
21
48
17
43
23
14
3
7
26
5
10
33
46
27
20
36
5
23
39
41
37
46
16
44
2
8
15
1
38
6
49
43
12
45
31
20
30
26
50
48
35
3
4
28
32
7
14
34
24
29
42
33
11
25
9
19
10
13
47
18
17
22
27
40
21
32
42
10
40
47
11
6
17
20
49
35
24
25
36
1
15
13
43
31
46
16
28
5
37
7
48
30
2
34
9
3
19
39
41
26
18
45
4
8
50
33
22
23
38
27
29
12
14
21
44
48
40
19
3
17
26
27
18
46
37
12
31
15
41
25
44
5
8
21
45
22
20
7
30
34
16
1
14
43
49
29
4
47
10
33
39
24
42
23
6
11
9
38
2
28
13
35
50
36
32
4
29
47
43
27
14
22
12
34
38
30
45
21
42
8
25
11
36
40
6
32
24
18
46
19
41
26
17
44
10
20
13
33
3
50
15
16
37
9
1
5
48
35
7
49
31
39
23
28
2
27
19
8
28
12
30
25
1
29
21
46
6
40
3
32
33
7
48
49
9
24
39
10
17
50
44
43
37
42
4
41
26
38
16
35
13
22
23
5
18
20
45
14
15
36
11
31
47
2
34
46
44
42
7
9
34
36
26
15
13
14
39
49
33
30
5
23
35
32
11
47
40
29
2
41
21
48
22
6
43
10
20
12
31
38
4
17
3
19
27
45
8
24
18
1
50
28
16
37
25
39
18
50
16
21
13
48
22
42
6
29
5
2
19
37
38
32
41
34
12
15
49
44
20
24
46
40
1
8
36
27
31
10
26
30
3
35
9
47
25
4
23
28
43
7
14
11
33
17
45
26
3
25
27
46
10
15
23
11
40
31
19
47
48
14
28
42
9
35
16
5
50
1
29
39
4
32
38
36
45
21
12
6
30
41
33
49
18
7
8
34
43
2
17
22
44
37
20
24
13
30
32
12
37
26
8
42
13
23
34
19
41
24
50
16
11
9
1
46
2
49
31
3
43
22
18
27
5
17
33
15
47
7
25
20
29
28
14
45
40
36
38
44
10
4
39
21
48
6
35
9
12
17
2
48
1
39
33
32
42
36
3
13
25
18
34
29
27
47
10
4
15
16
49
28
6
22
8
11
23
43
45
30
37
40
38
44
7
50
35
31
14
19
5
21
26
20
24
46
41
35
13
11
33
18
20
47
49
40
24
45
30
23
9
34
39
15
14
19
1
37
44
17
22
27
31
10
28
46
8
50
42
26
5
43
16
3
12
41
7
25
21
48
29
6
36
2
38
32
4
43
30
33
18
34
41
5
29
50
1
11
8
12
21
45
16
27
49
37
24
26
38
13
15
36
39
6
23
25
22
32
17
2
48
14
47
19
31
4
42
44
28
40
46
10
20
9
35
7
3
7
15
36
46
19
29
44
39
3
5
47
9
6
31
49
35
37
28
10
38
21
23
30
16
17
33
13
50
18
20
26
2
25
11
45
8
32
22
34
12
43
42
41
48
40
1
24
4
14
27
28
11
44
24
36
33
12
35
25
14
10
13
19
27
29
6
41
20
43
23
46
37
2
9
42
7
21
45
30
48
49
16
1
4
22
40
39
50
26
47
15
5
3
32
8
38
34
31
18
17
24
8
41
19
11
3
43
34
13
20
23
4
14
10
7
2
31
39
50
33
30
36
46
27
5
28
38
49
21
16
9
6
45
22
15
35
1
29
42
17
32
44
18
12
48
37
25
40
26
47
44
1
37
20
25
22
41
24
14
17
39
29
33
30
10
47
38
6
16
7
27
45
15
4
23
50
5
36
19
12
34
21
32
28
18
43
11
35
40
48
42
2
26
49
13
8
46
3
9
31
19
2
3
48
22
27
18
43
21
31
7
33
5
49
41
10
4
25
23
39
50
9
24
44
11
13
45
15
1
38
17
34
20
46
8
37
14
28
16
36
29
26
30
6
32
40
47
42
35
12
5
50
16
10
30
19
3
28
47
18
40
7
36
23
43
17
49
38
26
22
48
13
39
31
2
32
25
41
14
29
12
15
9
45
46
6
34
27
24
20
21
35
33
8
37
4
42
44
11
1
3
33
9
6
23
16
4
20
41
11
15
46
27
29
19
30
25
32
22
8
40
26
49
48
1
47
35
42
12
5
38
7
13
36
17
14
2
44
31
43
18
39
50
45
24
21
10
37
34
28
2
6
13
1
40
43
35
30
26
29
48
47
44
17
50
9
28
45
36
14
38
32
34
3
20
27
39
11
7
15
25
8
31
18
37
5
41
16
21
46
24
19
4
33
42
12
49
10
22
23
23
37
2
8
43
15
7
10
6
47
32
12
45
14
26
42
16
21
17
50
3
5
20
28
40
29
36
33
9
27
4
41
48
39
13
24
25
19
30
49
38
34
1
22
31
35
18
11
44
46
22
46
39
11
4
32
2
50
28
16
37
34
35
20
24
7
8
18
41
17
43
42
45
13
21
25
49
48
26
31
44
1
14
33
6
30
5
10
38
15
23
40
27
19
12
47
29
36
3
9
34
22
29
15
32
44
13
42
33
7
4
14
26
6
40
41
12
19
30
49
10
48
31
18
47
5
28
21
38
46
11
39
36
23
1
17
20
8
27
16
35
25
37
9
43
3
45
2
50
24
37
34
21
25
13
5
31
41
22
8
6
35
50
24
36
26
48
3
27
47
11
19
40
1
38
17
12
20
45
30
14
9
44
49
28
2
7
15
33
29
46
18
39
42
23
32
4
43
10
16
17
47
27
32
31
12
24
48
16
4
33
43
9
5
2
23
39
34
14
36
13
18
22
40
35
1
19
44
41
50
28
25
8
38
7
10
21
46
37
11
49
6
15
20
3
30
26
45
42
29
47
24
45
14
35
49
40
21
37
15
26
20
48
7
17
32
44
33
38
27
8
10
28
23
46
42
9
3
16
6
18
30
11
13
31
50
43
39
12
19
1
4
5
36
2
34
41
29
25
22
20
41
40
36
29
25
1
14
43
35
21
44
10
47
4
3
24
50
28
30
31
16
38
5
32
12
37
39
15
26
8
48
46
19
2
7
18
45
6
13
9
17
11
23
34
42
27
22
33
49
8
27
18
5
39
36
49
38
4
48
34
21
22
11
3
37
35
10
24
28
42
7
25
12
9
19
33
40
47
41
13
43
15
44
32
46
23
6
2
31
50
29
20
1
30
16
17
26
45
14
40
9
38
31
15
42
14
2
36
43
17
16
32
12
22
27
10
26
3
25
7
6
11
45
18
34
8
24
33
44
46
35
4
29
19
49
30
20
13
37
41
1
47
28
39
5
48
21
23
50
41
26
24
42
49
9
34
27
17
30
38
37
18
4
15
20
1
44
29
5
28
3
21
8
31
36
47
12
48
11
45
46
43
7
16
19
50
32
14
2
40
33
22
25
35
6
23
39
13
10
14
43
46
47
45
21
38
11
48
27
50
28
20
39
31
13
6
5
1
19
17
8
33
26
12
40
2
9
10
35
37
32
24
42
23
25
4
49
44
41
3
16
36
34
29
22
7
30
15
18
1
21
32
17
10
6
16
40
2
39
9
23
4
28
35
18
26
47
20
13
29
12
48
34
44
43
31
46
37
14
19
5
22
15
42
11
27
25
3
24
7
30
49
50
33
45
38
8
41
36
10
31
5
26
14
48
30
46
38
50
2
18
43
32
12
45
3
22
44
15
33
17
23
21
6
9
16
7
20
42
36
37
29
27
39
41
40
47
49
4
8
24
34
35
25
19
13
28
1
11
42
25
20
23
5
46
21
3
30
12
1
27
8
44
47
50
45
2
11
37
18
4
32
24
15
10
14
19
39
17
6
29
40
35
49
34
9
33
48
28
22
36
31
41
16
7
43
13
38
26
33
39
6
41
50
35
28
36
45
26
20
25
11
16
13
12
21
17
15
43
9
34
37
32
8
49
29
10
27
3
22
38
23
14
24
1
31
5
18
30
48
47
42
40
46
2
44
7
4
19
29
49
14
50
33
23
20
7
1
3
18
38
17
8
21
43
40
4
13
32
41
2
19
6
10
11
15
25
35
28
5
36
42
34
44
31
37
24
46
22
47
27
45
39
26
48
16
9
12
30
15
7
48
35
37
17
33
31
39
46
41
11
30
45
27
22
2
24
42
21
23
14
50
25
26
20
44
16
29
18
47
49
5
32
12
28
36
34
1
10
6
13
43
4
38
9
3
19
8
40
21
16
4
29
7
38
50
44
18
22
13
48
39
1
28
31
36
46
8
34
12
11
41
19
43
3
42
35
24
47
30
23
17
40
10
45
15
2
20
26
37
32
9
27
14
25
6
49
5
33
13
17
43
38
28
47
26
25
31
36
22
2
29
34
48
19
30
40
39
42
14
35
6
41
49
45
50
27
4
24
23
33
3
20
9
32
46
1
15
21
12
37
10
11
44
18
8
5
16
7
38
10
31
13
1
24
45
5
35
44
28
50
41
40
42
46
47
16
12
29
34
25
4
7
30
23
20
26
22
21
48
3
19
17
27
9
8
36
32
39
2
15
6
37
11
33
14
18
49
43
18
4
28
12
3
50
32
45
8
19
42
26
37
22
44
1
14
30
33
20
25
29
43
36
16
2
23
13
5
7
35
27
49
9
34
48
47
41
17
38
10
11
46
21
15
24
40
6
31
39
31
48
7
21
24
45
23
6
5
10
27
49
42
13
20
8
33
11
9
35
39
41
36
47
4
22
34
18
2
25
1
40
16
43
3
12
38
30
29
44
26
46
17
14
50
28
32
15
19
37
25
36
49
44
8
31
19
47
12
32
43
17
7
46
9
21
50
23
4
3
1
22
35
39
37
14
24
34
40
13
42
18
27
2
11
26
6
38
10
33
28
20
29
16
45
15
30
41
48
5
16
45
35
4
2
7
9
19
10
41
49
42
3
15
11
48
17
29
25
18
44
21
27
38
14
26
46
6
23
37
33
28
50
47
5
22
13
40
36
34
39
31
32
24
20
43
1
12
30
8
49
38
1
22
42
40
37
8
24
33
16
32
28
26
23
36
34
7
5
44
6
27
9
14
29
30
11
43
3
2
39
10
18
21
4
20
12
48
35
45
13
41
25
31
19
46
50
17
47
15
50
14
26
49
20
28
10
4
9
23
24
36
31
35
39
40
46
15
6
48
2
47
42
33
45
8
18
30
32
19
16
22
37
1
25
44
29
21
11
3
17
7
12
13
41
27
5
34
43
38
12
20
22
45
16
39
11
15
19
25
5
40
38
43
33
24
18
31
7
4
35
46
14
10
13
37
17
47
50
34
2
44
41
8
48
27
42
26
28
32
30
49
21
3
9
23
36
1
29
6
6
35
15
9
44
2
8
32
7
28
3
1
34
18
46
14
20
37
48
26
45
43
47
11
33
38
4
29
49
40
31
24
21
50
36
23
10
13
22
5
27
12
16
30
17
41
19
25
39
42
