45
43
34
30
38
4
17
32
27
9
18
46
37
2
5
29
22
42
10
41
19
33
12
35
3
24
7
31
13
1
40
11
28
6
21
36
26
25
39
14
16
50
8
44
47
49
15
23
20
48
4
28
30
34
6
18
29
12
49
45
44
22
16
37
38
50
19
13
11
40
36
1
8
23
25
15
41
32
31
39
24
27
35
42
47
21
48
17
43
9
14
3
7
26
5
10
33
46
2
20
36
5
23
39
41
37
46
9
1
2
8
15
30
38
16
49
43
12
44
31
20
50
26
25
48
35
3
4
28
32
6
14
34
24
29
42
33
11
45
21
19
10
13
22
18
17
7
27
40
47
32
42
10
40
47
25
6
17
20
16
35
24
46
36
27
15
13
43
49
1
45
28
5
37
7
48
30
2
34
9
3
19
39
41
26
18
11
4
8
50
33
22
23
38
31
29
12
14
21
44
48
40
19
3
17
26
27
18
11
37
12
31
15
41
25
44
5
8
21
45
22
20
32
50
34
16
1
14
43
49
4
30
47
10
33
39
28
42
23
6
24
9
46
2
38
13
35
29
36
7
38
29
47
43
27
14
22
13
34
12
9
45
21
42
8
25
11
36
40
6
32
24
18
46
19
41
26
17
44
10
20
4
33
3
50
15
16
37
30
23
5
48
35
7
49
31
39
1
28
2
27
19
8
28
12
30
25
1
29
21
46
6
40
3
32
33
7
48
17
9
24
39
10
18
50
44
43
37
42
4
23
26
38
16
35
13
22
49
5
2
20
45
14
41
36
11
31
47
15
34
46
44
42
48
9
34
3
33
15
13
14
39
49
1
36
5
23
26
32
11
47
30
29
2
41
21
27
7
6
43
10
20
12
31
22
4
17
35
19
40
45
8
38
18
24
50
28
16
37
25
39
18
50
16
21
13
48
22
47
6
29
5
2
19
37
38
41
11
34
12
15
49
44
20
24
46
40
1
8
36
27
31
10
26
30
3
35
9
42
25
4
23
28
43
7
14
32
33
17
45
26
3
25
27
46
11
15
23
42
40
31
10
47
48
19
4
33
28
35
16
5
9
1
29
14
39
32
38
36
45
21
12
6
30
41
50
49
18
7
8
34
43
2
17
22
44
37
20
24
13
30
32
12
37
26
8
42
16
31
27
19
41
24
50
46
11
9
1
23
29
49
40
3
43
22
18
35
5
17
33
15
47
7
25
20
2
45
14
13
34
36
38
44
10
4
39
21
48
6
28
9
12
17
2
48
1
39
38
32
42
36
3
13
25
18
34
29
27
47
10
4
15
16
49
28
6
22
8
11
23
43
45
30
37
40
33
44
7
50
35
31
14
19
5
21
26
20
24
46
41
35
13
11
33
18
17
47
49
40
24
45
30
23
9
34
39
15
20
19
37
46
44
14
22
27
31
10
28
1
8
50
42
26
5
43
16
3
12
41
7
25
21
48
29
6
36
2
38
32
4
43
30
33
18
34
41
5
39
50
1
11
8
12
21
45
16
27
47
29
24
37
38
13
15
36
17
6
23
25
22
32
49
2
48
14
26
19
31
4
42
44
28
40
46
10
20
9
35
7
3
17
15
36
46
19
21
44
28
3
5
47
9
6
31
7
35
37
49
45
38
10
23
30
16
39
33
13
50
41
20
26
2
25
11
18
8
32
22
34
12
43
42
29
48
40
1
24
4
14
27
28
11
44
24
36
20
12
45
25
14
10
13
19
27
29
26
6
35
46
23
31
37
2
9
42
7
21
41
30
48
49
16
1
4
38
40
39
50
33
47
15
5
3
32
8
22
34
43
18
17
7
8
24
19
11
3
43
34
13
20
23
4
14
10
50
2
31
39
37
33
30
36
46
27
5
28
38
49
21
16
41
6
45
22
15
35
1
29
9
17
32
44
18
12
48
47
25
40
26
42
44
1
37
20
25
22
31
24
14
17
39
29
18
30
11
47
38
6
41
7
27
35
33
4
23
50
5
45
19
12
36
21
32
28
34
43
10
16
40
48
42
2
15
49
13
8
46
3
9
26
19
2
3
45
22
27
18
43
44
31
7
33
5
49
1
10
4
25
16
39
50
41
24
21
11
13
48
15
12
38
17
34
20
46
8
37
14
23
28
36
29
26
30
6
32
40
47
42
35
9
5
24
41
10
30
19
14
47
46
18
40
7
36
23
43
17
49
38
27
50
9
13
39
31
2
32
25
22
48
29
12
15
3
45
16
6
34
28
26
20
21
35
33
8
37
4
42
44
11
1
3
33
9
7
23
16
4
20
41
11
24
19
27
29
6
30
25
32
22
8
40
26
49
48
1
47
45
42
46
5
38
13
36
12
17
14
2
44
31
43
18
39
50
15
28
21
10
37
34
35
2
6
13
1
40
43
35
30
26
38
48
47
44
17
24
9
28
45
36
14
16
32
34
3
20
29
39
11
7
15
25
8
31
18
37
5
41
27
21
46
50
19
4
33
42
12
49
10
22
23
23
37
2
8
43
15
7
10
6
47
32
12
50
14
26
42
16
21
31
22
3
5
17
28
40
4
36
33
9
27
30
41
48
39
13
29
24
19
25
49
38
34
1
45
20
35
18
11
44
46
16
46
39
11
4
32
9
50
28
22
37
34
35
20
41
7
8
18
24
17
43
42
45
13
21
25
49
48
26
31
44
1
14
40
6
30
5
10
38
15
23
47
27
19
12
2
29
36
3
33
34
22
29
15
32
44
36
42
33
7
4
14
26
6
40
41
12
19
30
49
18
48
31
24
47
5
28
21
38
46
11
39
13
23
1
17
20
8
27
16
35
25
37
9
43
3
45
2
50
10
50
34
21
25
13
5
33
41
22
8
6
35
43
45
17
36
48
3
26
47
11
19
40
1
38
2
12
20
24
30
14
9
44
49
28
27
7
15
37
29
46
18
39
42
23
32
4
31
10
16
37
47
27
32
31
12
24
48
16
4
33
43
9
5
2
23
39
34
14
36
13
18
22
40
35
1
19
44
45
17
28
50
8
38
7
10
21
46
15
11
49
6
41
20
3
30
26
25
42
29
47
23
45
14
35
49
40
21
37
15
26
20
48
11
30
32
44
33
38
27
8
10
28
17
46
42
9
3
16
6
18
7
29
13
31
24
43
39
12
19
1
4
5
36
2
34
41
50
25
22
20
41
40
36
7
29
1
14
43
35
21
44
10
47
4
3
24
50
28
30
25
16
38
5
31
12
37
39
15
26
8
48
46
19
2
32
18
45
6
13
9
17
11
23
34
42
27
22
33
49
8
27
18
6
39
36
49
29
4
48
34
21
22
24
3
37
35
10
50
28
38
7
25
42
9
19
33
40
47
41
13
43
15
44
45
46
23
32
2
31
11
12
20
1
30
16
17
26
5
14
40
9
46
31
15
42
13
2
36
43
38
26
32
12
22
27
10
14
3
25
7
6
11
45
18
34
8
24
33
44
35
17
4
29
19
49
30
20
16
37
41
1
47
28
39
5
48
21
23
50
41
26
16
42
49
9
34
27
17
10
30
37
33
4
48
20
1
44
2
5
28
3
21
8
15
36
47
12
14
11
45
46
43
7
32
19
50
6
24
18
40
29
22
25
35
38
23
39
13
31
14
50
6
47
45
33
38
11
48
49
15
28
20
39
31
13
42
5
1
19
17
8
7
26
12
40
2
9
10
35
46
32
24
21
23
25
4
43
44
41
3
16
36
34
29
37
22
30
27
18
1
21
32
17
10
6
16
40
2
39
25
23
4
28
35
18
26
9
20
13
29
12
48
34
44
43
31
46
37
14
19
5
22
15
42
11
27
3
47
24
7
30
49
50
33
45
38
8
41
36
10
31
5
26
14
48
30
46
38
50
2
18
1
32
12
45
3
22
43
15
33
17
23
44
6
9
16
36
20
21
7
37
42
27
39
41
40
47
49
4
8
24
34
35
25
19
13
28
29
11
42
25
20
23
5
46
21
3
30
32
41
27
8
44
47
28
45
2
18
26
6
4
15
12
17
10
14
19
39
50
37
29
40
35
49
34
9
33
48
1
22
36
31
11
16
7
43
13
38
24
33
39
38
41
50
47
28
36
45
26
20
25
11
16
13
12
21
17
15
43
48
34
37
32
8
49
29
10
27
3
22
35
23
14
24
9
31
5
18
30
2
46
42
40
1
6
44
7
4
19
29
49
14
50
33
23
20
7
21
3
1
38
17
8
42
43
40
4
13
32
41
2
19
6
10
11
15
25
35
28
5
36
9
34
44
31
37
24
46
22
47
27
45
39
26
48
16
18
12
30
15
7
48
35
37
45
41
31
39
46
17
11
25
33
49
22
2
24
42
21
23
14
50
30
26
20
44
16
29
18
47
38
5
32
12
28
36
34
1
10
6
13
43
4
27
9
3
19
8
40
21
16
4
5
29
38
50
44
18
30
13
48
39
7
28
31
36
46
8
34
12
11
41
19
43
3
42
35
22
47
9
23
17
33
10
45
15
2
20
26
37
40
24
27
14
25
6
49
1
32
13
17
43
38
28
35
26
25
23
36
22
2
29
34
15
19
30
40
39
42
14
31
6
41
49
45
50
27
4
24
48
33
11
20
9
7
46
1
3
32
12
37
10
47
44
18
8
5
16
21
22
10
31
13
1
24
45
5
35
44
28
50
41
40
21
46
47
16
12
2
34
25
4
7
30
23
20
26
18
42
29
3
19
17
27
38
8
36
32
39
48
15
6
37
11
33
14
9
49
43
18
4
28
12
3
50
2
35
8
19
42
16
45
22
44
1
14
30
33
20
26
29
43
36
37
27
23
13
5
7
34
25
49
9
46
48
47
41
17
38
10
11
32
21
15
24
40
6
31
39
31
48
7
21
24
10
23
6
5
34
27
49
42
13
20
8
32
41
9
35
39
45
36
47
4
22
46
18
2
25
1
40
16
43
3
12
38
30
29
44
26
33
17
14
50
28
11
15
19
37
25
36
49
44
8
31
19
37
12
29
43
17
7
46
9
21
50
23
4
3
1
22
35
39
32
14
24
34
40
13
42
18
27
2
11
47
6
38
10
33
28
20
26
16
45
15
30
41
48
5
11
45
35
4
2
7
32
19
10
41
49
42
3
15
14
48
17
29
25
18
44
21
20
38
16
26
34
6
23
37
33
28
50
47
5
22
13
40
36
27
39
31
9
24
46
43
1
12
30
8
49
38
1
22
42
40
37
8
24
33
16
32
28
26
23
6
34
7
5
44
21
27
9
14
29
30
11
43
3
2
39
10
18
36
4
20
12
48
35
45
13
41
25
31
19
46
50
17
47
15
24
14
26
49
20
28
10
4
9
23
50
36
31
35
39
40
46
15
6
48
2
47
42
33
45
8
18
30
32
19
16
22
37
1
25
44
29
21
11
3
17
7
12
13
41
27
5
34
43
38
12
20
22
29
16
39
11
15
19
25
5
40
38
43
33
24
18
31
7
4
35
46
27
10
13
37
17
47
50
34
2
44
41
8
48
1
42
26
14
28
30
49
21
3
9
23
36
32
45
6
6
35
15
9
44
2
8
26
7
28
3
1
34
18
10
14
20
37
48
46
42
43
47
11
33
38
4
29
49
40
31
24
21
50
36
23
25
13
22
5
27
32
16
30
17
41
19
45
39
12
