45
43
34
30
7
4
17
37
27
9
38
10
40
2
5
29
22
42
46
41
19
33
12
35
3
24
32
31
13
1
23
11
28
6
21
36
26
25
39
14
16
50
8
44
47
49
15
18
20
48
11
23
30
34
6
18
2
29
49
45
44
22
16
37
38
50
42
13
27
40
36
1
8
17
25
15
41
32
31
39
24
4
35
9
47
21
48
28
43
19
14
3
7
26
5
10
33
46
12
20
36
5
16
39
41
37
46
22
44
2
8
15
1
38
21
25
43
12
50
31
20
30
26
34
48
35
3
4
28
32
6
14
9
24
29
42
33
11
45
49
19
10
13
47
18
17
23
27
40
7
32
42
10
40
47
45
6
17
20
35
25
24
46
36
48
15
13
43
16
1
27
28
5
37
7
49
30
2
34
9
3
19
39
41
26
18
11
4
8
50
33
22
23
38
31
29
12
14
21
44
48
40
19
3
17
26
27
18
11
37
12
31
15
41
25
44
5
8
21
45
22
20
7
50
34
16
1
14
43
49
4
30
47
10
33
39
24
42
23
6
29
9
38
2
46
13
35
32
36
28
4
29
47
43
27
14
22
9
34
30
1
45
21
42
8
12
11
36
40
6
32
23
18
46
19
41
26
17
44
10
20
13
33
3
50
15
16
37
25
24
5
48
35
7
49
38
39
31
28
2
27
19
8
28
12
30
25
1
29
21
46
6
17
3
32
33
7
48
18
9
24
39
10
23
50
44
43
37
42
4
40
26
38
16
35
13
22
49
5
2
20
45
14
41
36
11
31
47
15
34
46
44
42
48
9
34
40
36
15
13
14
39
49
7
1
5
23
26
32
11
47
24
29
2
41
21
33
30
6
43
10
20
12
31
27
4
17
35
19
38
45
8
3
18
28
50
22
16
37
25
26
18
50
16
21
47
48
39
13
6
29
5
2
19
37
38
41
11
34
12
15
49
44
22
24
46
40
1
8
36
27
31
10
20
30
3
35
9
42
25
4
23
28
43
7
14
32
33
17
45
40
3
25
27
46
11
15
23
42
10
31
26
47
48
14
4
19
9
35
16
5
50
1
29
32
39
28
38
36
45
21
12
6
30
41
33
49
18
7
8
34
43
2
17
22
44
37
20
24
13
30
32
12
37
26
8
42
16
40
34
19
41
24
50
6
11
9
1
17
29
49
35
3
43
22
18
27
5
45
33
15
47
7
25
20
46
28
14
13
23
36
38
44
10
4
39
21
48
2
31
9
49
17
2
48
1
33
38
32
42
36
3
13
25
18
34
29
27
47
10
4
15
16
12
39
6
22
8
11
23
43
45
30
37
40
24
44
7
50
28
31
14
19
5
21
26
20
35
46
41
35
13
11
33
18
17
47
49
37
24
45
30
23
9
34
39
15
14
19
22
46
40
20
44
27
31
10
28
1
8
50
42
26
5
43
16
3
12
41
7
25
21
48
29
6
36
2
38
32
4
43
30
33
18
34
41
5
47
50
1
11
8
12
21
45
16
27
49
10
24
37
38
13
15
36
17
6
40
25
22
32
35
2
48
14
26
19
31
4
42
44
28
29
46
39
20
9
23
7
3
7
15
36
46
19
21
44
35
3
5
47
9
6
31
39
49
17
28
23
38
45
29
30
16
37
33
13
50
41
20
26
2
25
11
18
8
32
22
34
12
43
42
40
48
10
1
24
4
14
27
28
11
44
24
36
38
12
41
25
14
10
13
19
27
29
35
6
20
45
23
26
37
2
9
42
7
21
22
30
48
49
16
3
4
46
40
39
50
33
47
15
5
1
32
8
31
34
43
18
17
37
8
41
19
11
3
43
13
47
20
23
4
14
10
50
2
31
39
24
33
30
36
46
27
5
28
38
49
21
16
7
6
45
22
15
35
1
29
9
17
32
44
18
12
48
34
25
40
26
42
44
1
37
20
25
22
31
24
14
17
39
29
45
30
16
47
38
6
11
7
18
41
33
4
23
50
5
36
19
12
35
21
32
28
34
43
10
27
40
48
42
2
15
49
13
8
46
3
9
26
19
28
3
45
22
27
18
43
1
31
41
33
5
49
44
10
4
25
29
39
50
9
24
7
11
13
48
15
12
38
17
34
20
46
8
37
14
23
16
36
2
26
30
6
32
40
47
42
35
21
5
50
24
10
30
19
3
28
46
18
40
7
36
23
43
17
49
38
14
26
9
13
39
31
2
32
25
41
22
29
12
15
27
45
16
6
34
48
47
20
21
35
33
8
37
4
42
44
11
1
3
33
9
6
23
16
4
20
41
11
15
19
27
29
36
30
25
32
22
8
40
26
49
48
1
47
35
42
46
5
38
7
13
12
17
14
2
44
31
43
18
39
50
45
24
21
28
37
34
10
2
6
13
1
29
43
35
30
26
40
48
47
44
17
24
9
28
45
36
14
38
32
34
3
20
27
39
11
7
15
25
8
31
18
37
5
41
16
21
46
50
19
4
33
42
12
49
10
22
23
23
37
2
8
43
15
7
10
6
47
32
12
4
14
26
42
16
21
49
50
3
5
17
28
40
29
45
33
9
27
36
41
48
39
13
1
25
19
30
31
38
34
24
22
20
35
18
11
44
46
24
46
39
11
4
32
9
50
28
16
37
34
18
20
41
7
8
35
2
17
43
42
45
13
21
25
49
48
26
31
44
1
14
33
6
30
5
10
38
15
23
40
27
19
12
22
29
36
3
47
34
22
28
15
32
44
13
42
33
7
4
14
26
6
40
41
12
19
30
49
10
48
31
24
18
5
36
23
38
46
11
39
29
21
1
17
20
8
27
16
47
25
37
9
43
3
45
2
50
35
22
2
21
25
13
5
36
34
31
8
6
35
33
45
27
26
48
3
41
47
11
19
40
1
38
43
12
20
17
30
14
9
44
49
28
50
7
15
37
29
46
18
39
42
23
32
4
24
10
16
50
47
27
32
31
12
24
48
16
4
33
43
9
5
2
23
39
34
37
36
13
18
22
40
35
1
19
44
14
17
28
25
8
38
7
10
21
46
15
11
49
6
41
20
3
30
26
45
42
29
47
24
45
14
40
49
29
21
23
15
26
20
48
11
19
32
44
33
38
27
8
10
28
30
46
42
9
3
16
6
18
17
34
13
31
7
43
39
12
35
1
4
5
36
2
37
41
50
25
22
20
41
40
36
35
25
1
14
43
29
7
44
10
47
4
3
24
50
28
30
21
16
38
5
31
12
37
39
15
26
8
48
46
19
2
32
18
45
6
13
9
17
11
23
34
42
27
22
33
49
8
27
18
5
39
36
49
33
4
48
34
21
22
24
3
37
35
10
43
28
31
7
25
6
9
19
46
45
47
41
42
50
15
44
12
38
23
32
2
40
11
13
20
1
30
16
17
26
29
14
17
9
46
31
15
42
39
2
36
43
35
16
32
12
22
27
10
18
3
25
7
6
11
45
14
34
8
24
33
44
13
38
4
29
19
49
30
20
26
37
41
1
47
28
40
5
48
21
23
50
41
26
23
42
49
9
34
27
17
38
24
37
30
4
15
20
1
44
31
5
28
3
21
8
16
36
47
12
48
11
45
46
43
7
32
19
50
6
14
18
40
29
22
25
35
2
10
39
13
33
14
21
6
50
45
33
38
11
48
49
22
28
20
39
31
13
37
5
1
19
17
8
15
26
12
40
2
9
10
35
46
32
24
42
23
25
4
43
44
41
3
16
36
34
29
47
7
30
27
18
1
34
32
17
10
6
16
40
2
39
21
23
43
28
35
18
26
47
20
13
29
12
48
25
44
4
31
46
37
14
19
5
22
15
42
11
27
3
24
9
7
30
49
50
33
45
38
8
41
36
10
31
5
26
14
48
30
46
38
50
2
18
37
32
12
45
3
22
44
15
33
17
23
21
6
9
16
7
20
42
29
43
36
27
39
41
40
47
49
4
8
24
34
35
25
19
13
28
1
11
42
25
20
23
5
46
21
3
30
12
17
27
8
44
47
28
45
2
26
37
6
4
32
18
15
10
14
19
39
50
41
29
40
35
49
34
9
33
48
1
22
36
31
11
16
7
43
13
38
24
33
39
38
41
50
20
28
12
45
26
9
46
11
16
13
36
21
17
15
43
25
34
37
32
8
48
29
10
27
3
22
49
23
14
24
2
31
5
18
30
35
47
42
40
1
6
44
7
4
19
29
12
14
47
33
23
20
7
21
3
18
38
50
8
49
43
40
4
13
32
41
2
19
42
10
11
15
25
35
28
5
36
1
34
44
31
37
24
46
22
17
27
45
39
26
48
16
9
6
30
15
7
48
35
37
13
41
31
39
46
30
11
25
33
17
22
2
24
42
21
23
14
50
49
26
20
44
16
29
18
47
27
5
32
45
28
36
34
1
10
6
12
43
4
38
9
3
19
8
40
21
16
4
7
38
29
50
44
18
22
13
48
39
1
28
31
36
46
8
34
12
11
41
19
43
3
42
35
24
47
30
23
17
40
10
45
15
2
20
26
37
33
32
27
14
25
6
49
5
9
13
17
43
38
28
35
26
25
22
36
20
2
29
34
7
19
30
40
39
42
14
31
6
41
49
45
50
27
4
24
48
33
11
23
9
47
46
1
3
21
12
37
10
15
44
18
8
5
16
32
38
10
31
13
1
24
45
5
35
44
28
50
41
40
42
46
47
16
12
2
34
25
4
20
30
23
7
26
18
21
9
3
19
17
22
27
8
36
32
39
48
15
6
37
11
33
14
29
49
43
18
4
29
12
3
50
32
45
8
19
42
25
35
22
46
1
14
30
33
20
16
44
43
36
28
2
23
13
5
7
34
37
49
26
38
48
47
41
17
27
10
11
9
21
15
24
40
6
31
39
31
48
7
21
24
10
23
6
5
32
27
49
42
13
20
8
33
41
9
35
39
45
36
47
4
22
34
18
2
25
1
40
16
43
3
12
38
30
29
44
26
46
17
14
50
28
11
15
19
37
25
36
49
44
8
31
19
32
12
27
43
17
7
46
9
21
50
23
4
3
1
22
35
39
47
14
24
34
40
13
37
18
42
2
11
29
6
38
10
33
28
20
26
16
45
15
30
41
48
5
16
45
35
4
2
7
14
19
10
41
49
42
3
15
11
48
32
29
25
18
44
21
27
38
17
26
20
6
23
37
33
28
50
47
5
22
13
40
36
34
39
31
46
24
9
43
1
12
30
8
49
38
1
22
42
40
37
8
24
33
16
32
28
26
23
6
34
7
5
44
48
27
9
14
29
30
11
43
3
2
39
10
18
36
4
20
12
21
35
45
13
41
25
31
19
46
50
17
47
15
39
14
26
49
20
28
10
4
9
23
50
36
31
35
30
40
46
15
6
48
2
47
42
33
45
8
18
21
32
19
16
22
37
1
25
44
29
17
11
3
24
7
12
13
41
27
5
34
43
38
12
20
22
29
16
39
11
15
19
25
5
40
38
43
33
24
18
31
7
4
35
46
14
10
13
37
17
47
50
34
2
44
41
8
48
9
42
26
28
32
30
49
21
3
27
23
36
1
45
6
6
35
15
9
44
2
8
26
7
28
3
1
34
18
10
14
20
37
48
46
42
43
47
11
33
38
4
29
49
40
31
24
21
50
36
23
45
13
22
5
27
32
16
30
17
41
19
25
39
12
