1
36
19
2
10
30
24
47
42
37
18
43
27
26
46
40
35
8
48
31
28
38
29
32
21
12
23
33
45
41
6
15
14
16
39
49
7
50
34
20
44
4
11
3
5
13
9
17
25
22
48
43
24
32
21
42
3
6
10
40
29
20
45
44
33
12
25
50
7
1
19
23
39
36
35
46
17
26
41
34
16
4
37
47
30
8
14
49
9
11
13
15
28
5
2
22
38
27
18
31
37
47
23
35
19
38
34
46
29
20
27
14
17
41
48
43
1
16
15
33
49
9
40
22
28
13
25
18
36
6
4
2
11
7
26
24
30
44
8
5
50
21
10
39
31
45
12
32
3
42
44
31
21
41
6
34
5
14
16
22
47
15
18
13
32
2
11
42
9
28
12
40
48
27
3
23
50
24
25
45
37
1
38
29
49
30
4
8
46
36
10
43
39
17
7
33
35
19
20
26
49
24
37
42
5
29
6
27
35
1
26
7
10
50
14
28
9
13
39
20
45
48
21
34
47
43
32
3
33
31
17
36
30
8
44
25
11
41
19
12
15
22
40
23
38
16
18
2
46
4
27
30
41
43
49
1
11
13
19
18
32
42
21
34
2
8
17
35
45
5
47
28
46
31
33
48
16
9
37
12
44
22
10
20
14
29
3
36
26
50
40
6
7
25
4
15
23
38
39
24
40
17
18
15
36
48
10
45
5
23
50
13
9
33
21
42
3
19
34
25
16
1
28
43
30
20
46
12
27
39
22
44
35
49
29
41
37
7
4
31
14
8
47
26
24
11
32
6
2
38
10
35
47
40
9
12
28
22
30
24
21
39
5
1
27
45
8
14
38
18
25
2
32
17
20
16
7
19
46
11
49
50
6
13
4
37
42
29
44
15
34
33
36
31
23
26
48
3
41
43
15
19
48
28
25
2
16
3
46
8
12
47
1
23
22
24
6
20
50
35
11
36
41
42
43
31
38
5
21
40
7
27
29
4
9
26
32
14
17
10
45
13
33
30
18
44
39
49
34
37
42
7
43
1
46
50
45
4
27
5
14
3
32
11
20
18
47
23
6
24
15
13
9
8
38
28
44
29
19
21
39
37
33
22
41
34
10
31
35
26
25
12
17
16
48
40
2
36
49
30
3
12
9
17
8
44
1
37
48
28
46
2
13
42
38
25
15
49
14
7
40
18
23
47
41
35
5
10
39
26
29
34
22
30
20
45
31
6
32
33
16
11
19
43
21
36
4
24
50
27
11
48
5
47
38
17
22
7
21
33
34
29
49
30
1
32
31
28
18
42
9
43
37
44
10
45
2
8
50
20
26
39
13
41
19
27
25
12
23
24
4
40
15
35
46
14
3
16
6
36
30
26
16
33
27
22
35
10
28
15
17
6
47
46
25
13
14
32
20
49
8
4
2
7
18
19
29
36
44
23
31
42
5
37
38
9
12
11
3
40
41
50
21
48
43
39
24
34
45
1
7
22
38
45
47
20
36
16
9
4
41
30
34
28
42
48
26
11
19
10
44
24
13
14
50
27
18
35
8
17
46
31
25
6
33
32
40
5
39
3
12
23
49
1
37
2
43
29
21
15
5
8
12
22
11
43
39
50
45
44
7
32
36
21
41
16
28
29
17
19
37
30
4
18
48
26
31
2
49
1
34
13
23
42
40
47
46
3
25
14
6
38
24
27
35
20
33
15
10
9
45
42
30
29
15
37
25
41
34
26
38
21
20
6
17
1
22
33
31
3
43
10
7
4
36
8
14
32
18
5
19
47
49
9
46
2
24
23
11
48
39
35
13
12
27
28
44
50
16
40
22
45
34
30
39
5
47
43
13
12
11
8
16
49
28
44
41
25
1
4
35
42
15
26
32
40
10
37
20
29
18
7
9
14
48
33
21
46
24
6
31
19
3
2
36
17
27
23
38
50
24
14
15
36
18
10
13
5
1
38
44
26
23
3
39
29
50
30
8
2
33
17
31
41
40
49
20
47
7
35
21
25
42
45
37
19
34
32
16
22
48
27
4
6
12
46
28
43
9
11
41
28
40
20
2
7
30
11
12
19
13
46
25
4
3
33
44
15
42
36
6
26
38
35
34
50
1
23
10
43
27
17
32
48
5
18
16
21
22
39
24
49
9
45
14
47
8
31
37
29
28
15
32
44
13
26
38
40
17
47
6
25
42
2
12
30
37
18
49
43
24
35
20
5
14
29
19
11
48
33
8
23
39
10
3
21
45
9
1
34
27
16
22
36
50
31
41
7
4
46
18
34
33
24
32
8
14
29
50
49
20
4
26
43
44
41
13
47
46
17
23
22
35
37
19
15
39
48
38
16
30
3
2
11
12
5
36
10
28
27
9
31
45
21
25
6
42
1
40
7
31
29
42
27
48
19
50
21
4
7
45
28
2
12
30
9
46
37
36
41
1
25
24
33
6
5
35
39
3
44
20
49
40
32
16
23
13
22
15
8
26
17
43
38
10
34
11
47
14
18
25
20
28
11
3
27
18
32
22
10
40
35
4
37
31
49
48
39
26
34
13
15
5
19
1
6
12
30
2
46
24
29
41
21
42
43
50
16
7
23
38
36
44
8
45
9
47
14
17
33
19
33
45
34
24
21
27
49
38
17
22
18
29
8
15
35
10
5
47
32
46
14
3
12
31
39
37
50
16
9
28
43
26
1
13
7
23
25
6
30
11
44
42
4
41
48
40
20
36
2
50
49
3
7
1
11
31
35
6
29
2
22
41
14
16
10
4
46
43
12
5
8
42
38
44
25
13
27
9
48
40
32
18
34
45
17
28
15
36
47
33
39
20
37
30
23
19
26
24
21
9
3
22
19
29
36
43
23
40
2
49
12
48
16
34
14
18
38
37
45
21
6
26
10
8
44
4
31
30
15
47
33
7
24
25
11
17
13
27
46
35
41
32
42
28
50
1
39
5
20
21
38
29
8
50
32
42
9
7
34
33
1
43
19
5
39
49
24
41
46
48
27
10
40
37
11
3
6
4
28
13
12
44
35
2
36
15
20
14
16
23
47
31
22
26
25
45
18
30
17
29
39
20
31
22
41
40
15
32
9
19
24
14
36
50
27
42
7
23
8
10
33
1
28
13
17
47
4
6
3
11
46
45
26
21
12
2
37
49
43
18
30
5
34
16
38
25
35
48
44
4
46
49
38
42
14
15
25
31
36
16
11
22
10
23
37
39
43
3
50
20
19
6
24
27
34
33
44
26
32
45
40
21
17
8
13
1
2
48
9
5
28
18
7
47
35
30
41
29
12
32
1
35
14
28
9
2
30
26
21
8
33
37
48
6
23
24
31
11
40
7
46
44
16
17
41
36
45
42
19
5
10
3
50
34
4
20
39
43
13
22
18
38
47
15
49
29
12
27
25
33
37
44
6
23
40
12
24
47
39
43
17
46
27
10
36
34
1
32
15
18
16
25
29
7
9
21
41
5
22
2
45
48
31
35
14
49
28
30
38
3
20
50
19
11
42
26
4
13
8
2
40
8
16
43
23
29
39
33
50
10
5
24
9
36
6
30
26
21
47
31
11
12
20
4
3
48
1
13
7
38
35
34
15
27
44
19
42
45
25
46
32
37
41
49
18
17
28
22
14
38
13
1
37
44
24
32
8
49
14
9
10
12
35
19
20
2
36
25
30
26
29
16
21
46
47
11
42
34
4
33
18
15
3
50
22
6
27
40
45
17
7
23
28
39
43
5
48
31
41
12
18
14
39
40
33
26
20
2
11
23
19
30
32
47
4
7
10
35
16
36
49
45
3
42
38
41
43
24
25
9
21
28
44
22
31
27
48
50
17
29
5
8
46
1
37
34
13
15
6
26
4
7
46
30
15
8
1
20
27
48
36
38
29
35
31
40
9
16
11
32
47
49
45
22
42
24
34
17
14
50
41
43
25
10
39
18
33
13
2
28
3
12
44
6
19
21
37
23
5
35
50
36
21
45
25
9
26
24
31
28
48
6
22
4
5
19
41
40
23
3
44
47
46
49
14
27
13
43
37
42
30
17
2
11
15
38
1
20
18
8
10
29
32
34
12
16
33
7
39
47
6
27
25
35
13
33
19
36
48
4
45
11
7
26
38
43
44
22
14
17
32
34
1
39
30
9
49
31
18
15
20
8
23
28
10
29
40
42
41
37
2
46
24
3
5
50
21
12
16
46
10
50
23
12
28
17
44
25
3
24
49
31
20
40
26
33
34
30
27
2
45
18
39
16
4
43
15
22
13
35
38
36
5
32
1
41
47
21
29
42
37
48
14
8
7
6
9
11
19
6
44
4
5
16
18
46
36
8
41
35
23
15
40
13
7
38
21
28
37
22
39
17
50
29
24
45
25
47
10
43
11
27
12
31
48
9
34
2
49
1
42
14
33
19
32
20
30
26
3
8
41
2
9
7
46
37
31
39
45
3
16
19
25
29
11
12
27
24
38
14
34
33
13
23
10
49
20
15
50
32
6
4
43
47
28
22
17
5
21
30
26
35
18
42
1
36
40
44
48
39
2
13
18
17
47
4
28
23
30
5
37
8
31
11
19
27
45
44
21
34
41
14
25
24
22
6
46
32
38
12
48
50
36
1
40
35
26
29
42
43
9
16
15
20
3
7
10
33
49
23
25
39
4
26
16
48
2
18
42
31
27
40
45
43
15
32
12
13
6
50
20
36
49
9
37
34
17
29
30
3
5
19
38
7
46
8
24
47
44
21
1
41
11
33
10
14
22
28
35
20
21
26
12
33
6
41
42
3
25
15
34
35
5
8
50
16
4
10
48
30
37
11
2
45
36
28
40
1
49
23
24
47
46
17
38
39
43
18
7
19
14
27
9
22
29
31
44
32
13
34
9
31
48
14
49
20
33
15
13
36
38
3
39
37
17
29
40
4
26
42
12
22
6
2
18
30
21
23
24
41
8
16
28
43
35
5
19
10
32
7
25
1
50
44
27
46
11
47
45
14
32
10
26
41
45
21
38
43
6
1
50
44
15
7
34
20
17
5
13
39
3
27
11
12
2
40
22
28
47
36
19
24
33
18
16
48
4
31
35
49
46
30
29
9
8
37
25
42
23
17
11
46
13
34
39
49
48
37
32
42
31
50
18
24
22
21
3
2
44
4
7
30
9
5
33
8
16
12
27
25
14
1
19
23
20
26
35
38
28
36
29
6
10
40
41
15
45
43
47
13
27
11
3
37
31
23
17
44
35
30
41
28
47
45
21
36
48
12
9
38
5
50
15
25
7
22
14
40
2
1
16
46
39
24
6
43
18
33
19
20
34
26
49
29
4
10
42
8
32
36
5
25
10
20
3
19
18
41
16
37
44
7
17
49
46
45
22
33
39
29
21
43
23
26
1
15
38
11
42
14
9
31
27
6
50
47
30
12
4
2
48
34
40
32
24
13
8
35
28
16
23
17
49
31
4
44
34
14
43
25
40
39
24
9
3
5
6
27
29
41
50
8
30
11
32
26
7
35
36
48
28
12
18
15
42
33
38
37
1
47
45
2
20
13
21
22
46
19
10
43
16
6
50
4
35
7
12
11
46
39
9
33
38
18
47
23
2
29
22
27
31
19
48
15
21
42
28
14
8
10
26
20
40
36
3
44
45
41
37
32
24
25
13
17
30
49
5
1
34
