1
36
19
2
10
30
28
47
42
37
18
43
27
26
46
40
35
8
48
31
24
38
29
32
21
25
23
33
12
41
6
15
14
16
39
49
7
50
34
20
44
4
11
3
5
13
45
17
9
22
29
43
17
32
21
42
24
6
10
38
39
20
45
44
33
12
25
50
7
49
19
23
48
14
35
46
36
1
41
34
16
4
37
47
30
8
40
26
9
11
13
15
28
5
2
22
3
27
18
31
37
47
23
6
19
41
34
46
29
9
27
14
17
38
48
43
1
16
15
33
35
49
40
22
28
13
25
18
36
3
20
2
11
7
26
24
30
44
8
5
50
21
10
39
31
4
12
32
45
42
32
31
21
41
6
34
5
14
16
22
47
15
18
13
40
44
11
42
9
28
46
2
12
27
3
23
50
24
25
45
37
1
38
29
49
30
4
8
48
36
10
43
39
17
7
33
35
19
20
26
49
24
37
42
5
29
6
25
35
1
26
31
10
50
14
28
9
13
27
20
45
48
21
34
7
43
32
3
33
17
47
36
30
8
44
39
11
41
19
12
15
22
40
23
38
16
18
2
46
4
27
30
41
43
49
12
11
13
2
18
32
42
21
3
34
8
5
35
45
1
47
28
46
31
19
48
16
9
37
24
17
22
10
20
33
29
44
36
26
50
40
6
7
25
4
15
23
38
39
14
40
17
18
15
36
48
10
45
24
33
50
13
9
14
21
42
3
19
34
25
16
1
6
43
30
20
46
12
27
39
22
44
35
49
29
41
37
7
4
31
23
8
47
26
28
11
32
5
2
38
9
35
47
40
1
24
37
22
30
5
21
39
16
8
27
45
50
14
38
18
2
10
32
17
20
28
7
19
46
11
49
12
6
13
4
25
42
29
44
15
34
33
36
31
23
26
48
3
41
43
15
19
48
28
25
2
16
3
46
8
12
47
1
23
22
24
18
20
35
10
11
36
41
42
43
31
38
5
21
40
7
27
29
4
9
26
32
49
17
44
45
13
33
30
50
14
39
6
34
37
42
7
43
1
40
47
45
4
27
24
14
3
32
11
20
18
8
23
6
5
15
13
28
9
50
38
44
29
19
26
39
37
33
22
41
34
10
31
35
21
25
12
46
16
48
17
2
36
49
30
3
26
9
17
8
44
1
37
48
28
46
2
13
41
38
25
15
47
14
7
40
18
23
12
27
35
5
10
39
21
29
34
22
30
20
45
31
6
32
33
16
11
19
43
42
36
4
24
50
49
10
48
5
47
45
17
22
7
21
30
34
29
49
42
1
32
31
28
23
38
9
43
37
44
33
11
2
8
50
20
26
39
13
41
19
14
25
12
3
24
4
40
15
35
46
18
36
16
6
27
30
20
16
26
27
22
3
10
28
15
17
41
47
33
6
13
14
32
49
35
8
4
2
7
18
19
45
36
44
23
31
25
5
37
38
46
12
11
42
40
9
50
21
48
43
39
24
34
29
1
7
22
38
45
47
20
36
16
9
40
4
17
46
28
42
48
26
11
19
50
41
24
13
33
10
27
18
35
8
30
44
31
25
6
14
32
15
5
39
3
12
23
49
1
37
2
43
29
21
34
5
8
12
22
11
43
41
50
45
44
7
32
36
21
2
16
28
29
17
19
37
30
4
18
48
26
31
39
49
1
34
13
23
42
40
47
46
3
25
14
6
38
24
27
35
20
33
15
10
9
45
42
30
29
15
50
25
41
34
26
38
21
20
6
17
1
22
33
31
3
43
40
7
4
36
8
11
32
18
5
19
47
49
9
46
2
24
23
14
10
39
35
13
12
27
28
44
37
16
48
22
45
34
30
39
5
47
43
13
12
11
8
35
49
28
17
41
44
1
4
25
42
15
26
38
40
10
37
20
29
18
50
9
14
48
27
21
46
24
6
31
19
3
2
36
32
7
23
33
16
24
14
15
36
18
10
13
5
1
50
44
26
23
30
39
29
6
49
8
2
33
17
31
41
40
9
20
47
7
35
32
48
42
45
37
19
34
25
16
22
3
27
4
21
12
46
28
43
38
11
41
28
40
20
2
7
30
11
12
19
13
46
25
4
3
33
44
15
42
36
6
26
38
35
34
50
1
23
10
43
27
17
32
48
5
18
16
21
22
39
24
49
9
45
14
47
8
31
37
29
28
15
32
44
13
26
38
40
17
47
6
25
42
2
12
30
37
18
50
43
49
35
20
5
14
29
19
11
48
33
46
23
39
10
3
21
45
9
1
34
27
16
22
36
8
31
41
7
4
24
21
34
33
24
9
8
14
29
50
49
19
4
26
43
44
41
13
25
46
17
23
22
35
37
32
15
39
48
38
16
30
3
2
11
12
5
36
10
28
27
20
31
45
18
47
6
42
1
40
7
31
29
42
27
48
19
50
21
4
7
20
28
3
12
30
9
46
37
36
41
1
25
24
8
6
39
35
2
5
44
38
49
40
32
16
23
13
22
15
45
26
17
43
33
10
34
11
47
14
18
25
10
28
11
3
27
18
32
22
20
40
35
2
37
31
49
48
39
26
34
13
15
5
19
1
6
14
30
4
46
24
29
41
21
42
43
50
16
7
23
38
36
44
8
45
9
47
12
17
33
19
33
45
34
24
21
27
49
38
17
22
18
29
46
15
35
10
5
47
32
12
14
3
25
31
30
37
50
16
9
28
43
26
1
13
7
23
39
6
8
11
44
42
4
41
48
40
20
36
2
50
49
3
7
26
11
31
35
6
29
2
22
41
1
16
10
4
46
43
12
5
8
42
38
44
45
13
27
9
48
40
32
18
34
25
17
28
15
36
47
33
39
20
37
30
23
19
14
24
21
11
3
22
23
29
36
43
12
40
2
49
19
48
16
25
14
17
30
37
45
28
6
26
10
8
44
4
31
47
15
9
33
7
24
50
38
18
13
27
46
35
41
32
42
34
21
1
39
5
20
26
38
29
8
50
32
42
9
7
34
33
1
43
19
5
4
49
24
41
46
48
27
39
40
11
12
3
6
45
28
13
10
44
35
2
36
14
20
23
16
37
47
31
22
21
25
15
18
30
17
48
39
20
14
22
16
40
15
19
23
41
24
34
36
50
27
42
7
29
8
10
9
1
28
13
17
47
4
6
31
11
46
45
33
21
12
2
37
49
43
18
30
5
32
26
38
25
35
3
44
4
46
49
38
42
14
15
27
31
36
16
11
22
10
23
37
39
43
3
6
20
19
47
24
29
34
33
44
26
32
45
40
21
17
8
13
1
2
41
9
5
28
18
7
25
35
30
50
48
12
6
1
35
39
28
9
2
30
26
21
8
33
37
48
32
23
24
31
11
40
7
46
44
16
17
41
12
45
22
19
5
42
3
50
34
4
20
14
43
13
36
18
38
47
15
49
29
10
27
25
17
6
44
37
23
40
12
24
47
39
43
7
14
27
10
36
34
1
32
15
18
16
25
29
9
5
21
41
3
22
2
45
48
31
35
33
49
28
30
38
46
20
50
19
11
42
26
4
13
8
2
12
8
16
38
23
29
39
33
43
10
5
24
9
36
6
30
26
21
47
31
11
18
20
4
3
48
46
13
7
1
35
34
15
27
44
19
42
45
25
14
32
37
41
49
50
17
28
22
40
38
13
1
50
43
37
32
8
49
14
9
10
12
35
19
20
2
36
25
24
26
29
16
21
46
47
17
42
34
4
33
18
15
3
45
11
6
27
40
30
22
7
23
28
39
44
5
48
31
41
12
18
14
19
46
33
26
20
11
4
23
45
30
32
47
2
7
10
39
16
36
37
9
3
42
49
41
43
24
25
35
21
28
44
22
31
27
48
50
17
29
5
8
38
1
40
34
13
15
6
18
4
7
46
30
15
8
1
20
27
48
36
38
29
35
31
40
9
16
11
32
47
49
45
37
42
24
34
17
14
50
41
43
26
10
22
5
33
13
2
28
3
12
44
6
19
21
25
23
39
35
50
36
21
32
25
9
26
5
31
28
48
6
22
4
39
19
41
40
23
3
44
45
46
49
14
27
13
43
37
42
30
17
2
11
15
38
1
20
18
8
10
29
34
24
12
16
33
7
47
44
37
31
25
35
13
33
19
36
48
45
30
11
7
26
38
47
4
22
14
17
32
34
1
39
16
9
49
42
18
15
20
8
23
28
10
29
40
46
41
43
2
6
24
3
5
27
21
12
50
46
40
50
35
12
28
17
23
25
3
24
49
31
20
18
26
33
34
30
27
44
45
10
39
22
4
43
15
2
13
8
38
36
5
32
1
41
47
21
29
42
37
48
14
16
7
6
9
11
19
33
44
4
5
16
18
46
36
8
41
35
23
15
40
13
7
38
21
28
37
22
39
17
50
47
24
29
25
32
10
43
11
27
12
31
48
9
34
2
49
1
42
14
6
19
45
20
30
26
3
8
41
2
9
7
1
39
31
32
45
3
16
19
25
29
11
12
27
24
42
14
34
33
13
23
10
49
20
15
50
21
6
4
43
47
28
22
17
5
48
30
26
35
46
18
37
38
40
44
36
39
2
13
18
17
35
4
28
23
10
5
37
8
31
11
19
27
45
44
21
34
33
14
47
24
22
6
26
30
38
12
7
50
36
1
40
3
32
29
42
48
9
16
15
20
43
49
41
25
46
23
25
39
4
44
46
48
2
18
42
31
27
40
45
43
15
32
12
13
30
50
20
36
49
16
37
34
17
29
6
3
5
19
38
7
9
8
24
47
26
21
1
41
11
33
10
14
22
28
35
20
21
26
12
33
6
35
42
3
25
15
34
4
5
8
50
16
38
10
48
30
41
11
2
45
36
28
40
1
49
23
24
47
46
17
37
39
43
18
7
19
14
27
9
22
29
31
44
32
13
34
9
24
48
14
49
20
33
15
13
36
38
5
39
37
3
29
40
4
26
42
31
22
6
2
18
30
21
23
12
41
8
16
28
43
35
17
19
10
32
7
25
1
50
44
27
46
11
47
45
14
32
10
33
41
45
21
38
43
6
1
50
44
15
7
34
20
17
5
13
39
3
27
11
12
2
40
22
28
47
36
19
24
25
18
16
48
4
31
35
49
46
30
29
9
8
37
26
42
23
47
11
46
13
34
39
49
48
37
32
42
6
50
18
24
22
21
3
12
44
4
7
30
36
5
33
8
16
31
27
25
14
1
19
23
20
26
35
38
28
17
29
2
10
40
41
9
45
43
15
13
27
11
3
37
31
23
17
44
35
30
12
28
47
45
21
36
48
20
9
38
5
50
15
25
7
22
14
40
2
4
16
46
39
24
6
43
18
33
19
41
34
26
49
29
1
10
42
8
32
36
5
25
10
20
3
19
18
41
16
37
44
7
17
49
46
45
22
33
39
29
21
43
23
26
1
15
38
11
42
14
9
31
27
6
50
47
30
12
4
2
48
34
40
32
24
13
8
35
28
16
23
27
49
31
4
44
34
14
11
25
40
39
24
9
5
43
6
2
29
21
50
8
30
41
32
26
7
35
36
48
28
12
18
15
42
33
38
37
1
47
45
17
20
13
3
22
46
19
10
43
16
6
31
4
38
7
44
39
46
29
9
33
34
41
47
23
2
18
22
27
12
19
48
15
21
42
28
14
8
10
26
20
40
36
3
35
45
11
37
32
24
25
13
17
30
50
49
1
5
