1
36
19
2
10
30
24
47
42
37
18
43
27
26
46
40
35
8
48
31
28
38
29
32
21
45
23
33
12
41
6
15
14
16
39
49
7
50
34
20
44
4
11
3
5
13
9
17
25
22
48
43
17
38
21
42
26
6
24
10
14
20
45
44
33
3
25
50
7
1
19
23
39
12
35
46
36
29
41
34
16
4
37
47
30
8
40
32
9
11
13
15
28
5
2
22
49
27
18
31
37
47
23
6
19
38
34
46
29
20
27
14
17
3
48
43
1
16
15
33
41
49
40
22
28
13
35
18
36
25
9
2
11
7
26
24
30
44
8
5
50
21
10
39
31
4
12
32
45
42
44
31
21
41
6
34
5
14
16
32
47
15
18
13
2
12
11
42
9
28
46
40
48
27
3
23
50
24
25
45
37
1
38
29
49
30
4
8
35
22
10
43
39
17
7
33
36
19
20
26
49
24
37
42
5
29
6
25
35
1
26
17
10
50
14
28
9
13
39
20
45
48
21
34
7
43
32
3
33
31
47
36
30
8
44
27
11
41
19
12
15
22
40
23
38
16
18
2
46
4
27
30
41
43
1
12
11
13
2
18
32
42
21
14
34
8
47
35
45
5
49
28
46
31
19
48
16
9
37
3
44
22
10
20
33
29
17
36
26
50
40
6
7
25
4
15
23
38
39
24
40
17
18
15
36
48
10
45
4
5
19
13
9
33
21
42
3
47
37
25
16
1
28
43
30
20
46
12
27
39
22
44
35
49
29
41
50
7
11
31
23
8
14
26
24
34
32
6
2
38
10
35
24
40
9
1
28
22
30
8
21
39
50
46
27
45
20
14
38
18
12
47
32
17
37
16
7
19
5
11
49
25
6
13
4
2
42
29
44
15
34
33
36
31
23
26
48
3
41
43
15
19
48
28
49
2
16
3
46
50
12
47
1
23
22
24
6
20
18
35
11
36
41
42
43
31
38
5
21
40
7
27
29
4
9
26
32
10
17
14
45
13
33
30
8
44
39
25
34
37
26
7
43
1
40
35
45
4
27
28
50
3
32
11
20
18
17
23
6
38
15
13
9
14
29
42
44
46
19
24
39
37
33
22
41
34
10
31
47
8
25
12
5
16
48
21
2
36
49
30
3
42
9
21
8
44
1
37
48
33
46
2
13
41
38
25
15
26
14
7
40
18
23
47
27
35
5
10
39
12
29
34
22
30
20
45
31
6
32
36
16
11
19
43
28
17
4
24
50
49
45
48
5
47
27
17
22
7
21
38
34
29
49
30
1
32
31
28
23
10
9
2
37
44
16
11
14
8
50
20
26
39
13
41
19
33
25
12
3
24
4
40
15
35
46
18
42
43
6
36
30
26
16
35
48
22
41
10
28
15
17
45
47
42
6
13
14
32
27
49
8
4
2
7
18
19
25
36
44
23
31
29
5
37
38
9
12
11
46
40
20
50
21
33
43
39
24
34
3
1
7
22
38
45
47
20
36
16
10
9
41
30
34
28
42
48
26
11
19
4
44
24
13
33
50
27
18
35
8
49
17
31
25
6
14
32
15
5
39
3
12
23
46
1
37
2
43
29
21
40
5
8
12
22
11
43
3
50
45
44
7
32
36
21
41
16
28
29
17
19
37
30
4
18
48
26
31
39
49
1
34
13
2
42
40
47
46
14
25
23
6
38
24
27
35
20
33
15
10
9
18
40
30
29
15
50
25
41
34
26
38
21
20
6
17
1
22
33
31
3
43
10
7
4
36
8
2
32
45
5
19
47
49
9
46
14
24
23
42
37
39
35
13
12
27
28
44
11
16
48
22
45
34
30
39
4
47
43
13
12
11
8
16
49
28
44
41
27
1
50
35
33
15
26
32
40
10
37
20
17
18
42
9
14
48
25
21
46
24
6
31
19
3
2
36
29
7
23
38
5
24
14
15
36
18
10
13
5
1
43
44
26
23
38
39
29
50
25
8
2
33
17
31
41
40
30
20
48
7
35
32
49
42
45
47
19
34
22
16
21
3
27
4
6
12
46
28
37
9
11
41
28
40
20
2
7
37
11
12
19
13
46
25
4
3
33
44
15
42
30
6
26
38
35
34
50
1
23
10
43
27
17
32
48
5
18
16
21
22
39
24
49
9
45
14
47
8
31
36
29
28
15
32
44
13
26
38
40
17
47
6
25
42
2
12
30
37
18
5
43
24
35
20
8
14
29
19
11
48
33
46
23
39
10
3
21
45
9
1
34
27
16
22
36
49
31
41
7
4
50
42
34
33
24
32
8
14
29
50
49
20
19
26
43
44
41
13
4
46
17
23
22
35
37
10
9
39
47
38
16
30
3
21
11
12
5
36
25
28
27
2
31
45
48
18
6
15
1
40
7
31
29
42
27
38
19
50
21
20
7
4
28
35
12
30
9
46
37
36
41
1
25
24
5
6
39
34
2
22
44
8
48
40
32
16
23
13
3
15
33
26
17
43
49
10
45
11
47
14
18
25
20
28
11
3
27
18
32
22
4
40
35
14
37
31
49
48
39
26
34
13
15
5
19
1
12
29
30
2
46
24
50
23
21
42
43
6
16
7
10
38
36
44
8
45
9
47
41
17
33
19
33
45
34
24
21
27
49
38
17
22
18
29
8
15
35
10
5
47
32
25
14
3
16
31
6
37
50
46
9
28
43
26
1
13
7
23
39
36
30
11
44
42
4
41
48
40
20
12
2
50
49
3
7
25
11
31
35
6
29
2
22
41
18
16
10
4
46
43
12
5
8
42
38
44
36
13
27
9
48
40
32
1
34
45
17
28
15
14
47
33
39
20
37
30
23
19
26
24
21
9
3
22
17
29
36
43
23
40
2
49
12
48
16
25
14
18
19
34
45
47
6
26
10
8
44
4
31
30
15
21
33
7
24
28
38
37
13
27
46
35
41
32
42
50
11
1
39
5
20
21
38
29
8
50
32
42
9
7
34
33
1
43
19
5
39
49
24
41
46
48
27
10
40
11
15
3
6
4
28
13
12
44
35
2
37
14
20
23
16
36
47
31
22
26
25
45
18
30
17
16
39
20
19
22
14
40
15
9
23
3
24
5
36
50
27
42
7
29
8
10
31
1
28
13
17
47
4
6
26
11
46
45
33
21
12
2
37
41
43
18
30
49
32
34
38
25
35
48
44
4
46
49
14
42
25
15
27
31
24
16
11
22
10
23
37
39
43
3
36
20
19
50
6
38
34
33
44
26
32
45
40
41
17
8
13
1
2
48
9
5
28
18
7
47
35
30
21
29
12
6
1
35
39
28
9
2
30
26
21
8
33
37
48
32
23
24
31
11
40
7
46
44
36
17
41
12
45
16
19
5
10
3
50
34
4
20
42
43
13
22
18
38
47
15
49
29
14
27
25
17
37
44
33
23
40
12
24
47
39
43
7
30
27
10
36
34
1
32
15
18
16
25
29
9
5
21
41
3
22
2
45
48
31
35
46
49
28
6
38
14
20
50
19
11
42
26
4
13
8
2
12
8
16
46
23
29
39
33
40
10
5
24
9
36
6
30
49
21
47
31
11
18
20
4
3
48
1
13
7
38
35
34
15
27
44
19
26
45
25
43
32
37
41
42
50
17
28
22
14
38
13
1
50
43
16
30
8
49
14
9
10
12
35
19
20
2
36
25
24
26
29
6
21
46
47
17
42
34
4
33
18
15
3
22
11
44
27
40
45
37
7
23
28
39
32
5
48
31
41
12
18
14
46
26
33
39
20
19
22
23
37
11
32
47
2
7
10
35
16
36
9
45
3
42
49
41
43
24
30
4
21
28
44
25
31
27
48
50
17
29
5
8
38
1
40
34
13
15
6
47
4
7
37
30
15
8
1
5
27
48
36
38
29
35
31
40
9
16
11
32
42
49
45
20
25
24
34
17
14
50
41
43
26
10
39
18
33
13
2
28
3
12
44
6
19
21
22
23
46
35
50
36
32
45
24
9
26
39
31
28
48
6
22
4
5
19
41
40
23
3
44
47
46
49
14
27
13
43
37
42
30
17
2
11
15
38
1
20
18
8
10
29
21
25
12
16
33
7
34
11
6
47
25
35
13
33
19
36
48
45
31
44
7
26
38
43
30
22
14
17
32
34
1
39
28
9
49
42
18
15
20
8
23
50
10
29
40
4
41
21
46
2
24
3
5
27
12
37
16
46
10
50
23
12
28
17
44
25
3
24
49
31
20
40
26
33
34
30
27
2
45
8
39
22
4
43
15
18
13
35
38
36
5
32
1
41
47
21
29
42
37
48
14
16
7
6
9
11
19
29
44
4
5
16
18
32
36
8
41
35
23
15
40
13
7
38
21
28
37
22
39
17
50
33
24
45
25
47
10
43
11
27
12
31
48
9
34
2
49
1
42
6
46
19
14
20
30
26
3
8
41
2
9
7
47
46
31
32
45
39
16
19
25
29
11
12
38
24
42
14
34
33
13
23
10
49
20
15
50
1
6
4
43
37
28
22
17
5
48
30
26
35
18
21
36
3
40
44
27
39
2
13
18
17
37
4
28
23
30
5
41
8
31
11
19
27
45
44
21
34
43
14
25
24
22
6
26
32
38
12
7
50
36
1
40
48
49
29
42
46
9
16
15
20
3
35
10
33
47
23
25
39
4
44
46
48
2
18
42
31
27
40
45
43
15
32
12
13
6
50
20
36
49
47
37
11
17
29
21
3
5
19
38
7
22
8
24
30
26
9
1
41
34
33
10
14
16
28
35
20
21
26
12
33
6
35
42
3
25
15
34
4
5
8
50
16
44
10
48
30
41
11
2
45
38
28
40
1
29
23
24
47
46
17
36
39
43
18
7
19
14
27
9
22
37
31
49
32
13
34
9
31
48
14
49
20
33
15
13
36
38
3
39
37
17
29
40
4
26
42
12
22
24
2
18
30
21
23
6
41
8
16
28
43
35
5
19
10
32
7
25
1
11
44
27
46
50
47
45
14
32
10
26
41
45
21
38
43
6
1
50
46
15
7
34
5
17
20
13
39
3
27
11
12
2
40
22
28
47
36
19
24
25
18
16
33
4
31
35
49
48
30
29
9
8
37
44
42
23
32
11
46
13
34
39
49
48
37
36
42
6
2
1
24
22
21
3
12
44
4
7
30
9
5
33
8
16
31
27
25
14
18
19
23
20
26
35
38
28
17
29
47
10
40
41
50
45
43
15
13
27
11
3
37
31
23
17
44
35
30
4
28
47
45
21
36
48
49
9
38
5
12
15
25
7
22
14
40
2
20
16
46
39
24
6
43
18
33
19
41
34
26
50
29
1
10
42
8
32
36
5
25
10
20
3
19
18
41
16
37
44
7
17
49
46
45
22
33
39
29
21
43
23
26
1
15
38
11
42
14
9
31
27
6
50
47
30
12
4
48
2
34
40
32
24
13
8
35
28
33
23
27
49
31
5
44
34
14
11
25
40
39
24
9
4
8
6
2
29
21
50
16
30
41
32
26
7
35
36
48
28
12
18
15
42
3
38
37
1
47
45
17
20
13
43
22
46
19
10
43
16
6
31
4
41
7
12
11
46
29
9
33
34
18
47
23
2
50
22
27
37
19
48
15
21
42
28
14
8
10
26
20
40
36
3
35
45
49
44
32
24
25
13
17
30
38
5
1
39
