1
36
19
14
10
30
24
47
42
37
18
43
27
26
46
40
35
8
12
31
28
38
29
32
21
16
23
33
45
41
6
15
2
25
39
49
7
50
34
20
44
4
11
3
5
13
9
17
48
22
26
43
17
32
21
42
39
6
10
38
14
20
45
44
33
3
25
50
7
24
19
23
48
36
35
46
12
1
41
34
16
4
37
47
30
8
40
29
9
11
13
15
28
5
2
22
49
27
18
31
37
47
23
35
19
4
34
46
29
9
27
14
17
3
48
43
1
16
15
33
41
49
40
22
28
13
25
18
36
6
20
2
11
7
26
24
30
44
8
5
50
21
10
39
31
45
12
32
38
42
32
31
21
41
6
34
5
14
16
36
47
15
18
13
40
2
11
44
9
28
46
48
12
27
3
23
50
24
25
45
37
1
38
29
49
30
4
8
35
22
10
43
39
17
42
33
7
19
20
26
49
24
37
42
5
47
6
27
35
1
26
31
10
50
14
28
9
13
48
20
45
43
21
34
29
39
32
3
33
25
17
36
30
8
44
7
11
41
19
12
15
22
40
23
38
16
18
2
46
4
27
30
41
43
49
1
11
13
2
18
32
42
21
14
19
8
17
35
45
5
24
28
46
31
33
48
16
9
37
12
47
22
10
20
3
29
44
36
26
50
40
6
7
25
4
15
23
38
39
34
40
17
18
15
36
48
10
45
19
24
4
13
9
33
21
42
3
27
34
25
16
1
28
43
30
20
46
12
32
39
22
44
35
49
29
41
5
7
11
31
23
8
14
26
47
37
50
6
2
38
29
35
24
40
1
12
28
22
30
5
21
39
16
8
27
45
50
14
38
18
47
37
32
17
20
9
7
19
2
11
49
25
6
13
4
46
42
10
44
15
34
33
36
31
23
26
48
3
41
43
15
19
48
28
44
2
16
3
46
34
12
47
1
23
22
24
18
20
35
6
11
36
41
42
43
31
38
5
21
40
7
27
29
4
9
26
32
49
17
14
45
13
33
30
25
50
39
10
8
37
9
7
43
1
46
35
45
4
27
40
50
3
32
11
20
18
8
23
6
42
15
13
47
24
38
28
44
29
19
21
39
37
33
22
41
34
10
31
14
26
25
12
5
16
48
17
2
36
49
30
3
27
9
26
8
44
1
37
48
28
46
2
13
42
38
25
15
47
14
7
40
18
23
12
41
35
5
10
39
31
29
34
22
30
20
45
17
6
32
33
16
11
19
43
49
21
4
24
50
36
16
48
5
47
38
17
22
7
21
11
34
29
49
10
1
32
31
28
23
30
2
33
37
44
19
36
14
8
50
20
26
39
13
41
45
27
25
12
42
24
4
40
15
35
46
18
3
43
6
9
30
26
16
6
27
22
41
10
28
15
17
45
47
46
25
13
14
32
20
35
8
4
2
7
18
19
29
36
44
23
31
48
5
42
38
33
12
11
3
40
37
50
21
49
43
39
24
34
9
1
7
22
38
45
47
20
36
16
34
4
41
17
30
28
42
48
26
11
19
49
9
24
13
14
50
27
18
35
8
10
44
31
25
6
33
32
15
5
39
3
12
23
46
1
37
2
43
29
21
40
5
8
12
22
11
43
3
50
9
44
7
32
36
21
41
16
28
29
17
19
37
30
4
18
48
26
31
39
49
1
34
13
23
2
40
47
46
42
25
45
6
38
24
27
35
20
33
15
10
14
45
42
14
29
15
37
25
41
32
26
38
21
20
6
17
1
22
33
31
3
43
40
7
4
36
8
34
48
18
5
19
47
49
9
46
2
24
23
30
10
39
35
13
12
27
28
44
11
16
50
22
45
34
30
39
50
47
43
13
12
11
8
35
49
28
20
41
25
1
4
44
42
15
26
7
40
10
37
27
17
18
29
9
14
48
38
21
46
24
6
31
19
3
2
36
32
5
23
33
16
24
14
15
36
18
10
13
5
1
30
44
26
23
38
39
29
32
49
8
2
33
17
31
41
40
43
20
47
7
35
9
50
42
45
37
19
34
3
16
48
22
27
4
6
12
46
28
21
25
11
41
28
40
20
2
7
30
11
12
19
13
46
25
4
3
33
44
15
42
36
6
26
38
35
34
50
1
23
10
43
27
17
32
48
5
18
16
21
22
39
24
49
9
45
14
47
8
31
37
29
28
15
32
44
13
26
38
40
17
47
6
25
42
2
12
30
37
18
27
43
49
35
20
5
14
29
19
11
48
33
46
23
39
10
50
21
45
9
1
34
3
16
22
36
8
31
41
7
4
24
10
34
33
21
9
8
14
29
50
49
20
4
26
43
44
41
13
19
46
17
23
22
35
37
47
42
39
32
38
16
30
3
18
11
12
5
36
25
28
27
2
31
45
48
24
6
15
1
40
7
31
29
42
27
48
19
50
21
45
7
39
28
3
12
30
9
46
37
36
41
1
25
24
33
6
5
35
2
22
44
4
49
40
32
16
23
13
20
15
8
26
17
43
38
10
34
11
47
14
18
25
10
28
11
3
27
18
32
22
8
40
35
4
37
31
49
48
39
26
34
13
15
5
19
1
12
2
30
20
29
24
14
41
21
42
43
6
16
7
23
38
36
44
46
45
9
47
50
17
33
19
33
45
34
24
21
27
49
38
17
22
18
29
16
15
35
10
5
47
32
12
14
3
8
31
6
37
50
30
9
28
43
26
1
13
25
23
39
46
36
11
44
42
4
41
48
40
20
7
2
50
49
3
7
25
11
31
35
6
29
2
22
41
18
16
10
4
46
43
12
5
8
42
38
44
45
13
27
9
48
40
32
1
34
14
17
28
15
36
47
33
39
20
37
30
23
19
26
24
21
17
3
22
37
29
36
43
23
40
2
49
12
48
30
34
14
47
38
18
45
25
6
26
10
8
44
4
31
16
15
21
33
7
24
19
9
50
13
27
46
35
41
32
42
28
11
1
39
5
20
21
38
29
8
50
32
46
9
7
20
33
1
43
19
5
12
49
24
41
10
48
27
39
40
11
15
3
6
4
28
13
42
44
35
2
37
14
26
23
16
36
47
31
22
34
25
45
18
30
17
48
39
20
31
22
14
40
15
5
23
19
24
34
36
50
27
42
7
29
8
10
9
1
28
13
17
47
4
6
3
11
46
45
33
21
12
2
37
41
43
18
30
49
32
16
38
25
35
26
44
4
46
49
24
42
29
15
25
31
10
16
11
22
41
23
37
39
43
3
38
20
19
6
47
27
34
33
44
26
32
45
40
21
17
8
13
1
2
48
9
5
28
18
7
50
35
30
14
36
12
6
1
35
39
28
9
2
30
26
21
8
33
37
48
32
23
24
31
11
40
7
46
44
16
17
41
36
45
42
19
5
10
3
50
34
4
20
22
43
13
14
18
38
47
15
49
29
12
27
25
33
37
44
17
23
40
12
24
47
39
43
7
5
27
10
36
34
1
32
15
18
16
25
29
9
30
21
41
3
22
2
45
48
31
35
14
49
28
6
38
46
20
50
19
11
42
26
4
13
8
2
12
8
16
40
23
29
39
33
50
10
5
24
9
36
6
30
42
21
47
31
11
18
20
4
3
48
46
13
7
38
35
34
15
27
44
19
14
45
25
43
32
37
41
26
1
17
28
22
49
38
13
1
19
43
24
37
8
49
14
9
10
12
35
6
5
2
36
25
50
26
29
16
21
46
47
17
42
34
4
33
18
15
3
22
11
31
27
40
30
20
7
23
28
39
44
32
48
45
41
12
18
30
38
45
33
26
20
4
22
23
19
14
32
47
44
7
10
39
16
36
2
9
3
42
49
41
43
24
46
35
21
28
37
25
31
27
48
50
17
29
5
8
11
1
40
34
13
15
6
42
4
7
46
30
15
8
1
20
27
48
36
38
29
35
31
40
9
16
11
32
47
49
45
37
25
24
34
17
14
50
41
43
26
10
39
18
33
13
2
28
3
12
44
6
19
21
22
23
5
35
50
36
2
32
25
9
26
24
31
28
48
6
22
4
39
19
41
40
23
3
44
45
46
49
14
27
13
43
37
42
30
17
5
11
15
38
1
20
18
8
10
29
21
7
12
16
33
34
47
44
6
47
25
35
13
33
19
36
48
45
37
50
7
26
38
43
30
22
14
17
32
34
1
39
11
9
49
12
18
15
20
8
23
28
10
29
40
4
41
21
46
2
24
3
5
42
16
31
27
46
40
50
23
12
28
17
44
25
3
24
49
31
20
2
26
33
34
30
27
35
45
10
39
22
4
43
15
5
13
8
38
36
16
32
1
41
47
21
29
42
37
48
14
18
7
6
9
11
19
47
44
4
5
16
18
32
36
8
41
35
23
15
40
13
7
38
21
28
37
22
39
17
50
10
24
45
25
46
26
43
11
27
12
31
48
9
34
2
49
1
42
6
33
19
14
20
30
29
3
8
41
2
9
7
38
42
31
39
45
3
16
19
25
29
11
12
26
24
1
14
34
33
13
23
10
49
20
15
50
32
6
4
43
47
28
22
17
5
37
30
48
35
18
21
36
27
40
44
46
39
2
13
18
17
46
4
28
23
33
5
30
8
31
11
19
27
45
44
21
34
10
14
25
24
22
6
26
47
38
12
7
50
36
1
40
37
32
29
42
41
9
16
15
20
43
35
49
3
48
23
25
39
4
26
16
48
2
18
42
31
27
40
45
43
15
6
12
13
46
50
20
36
49
32
37
11
17
29
30
3
5
19
38
7
22
8
24
47
21
9
1
41
34
33
10
14
44
28
35
20
21
26
12
33
6
35
42
3
25
15
34
44
5
8
50
16
4
10
48
30
41
11
2
45
38
28
40
1
49
23
24
47
46
17
36
39
43
18
7
19
14
27
9
22
29
31
37
32
13
34
9
31
48
14
49
20
33
15
13
36
38
11
39
37
17
29
40
4
26
42
12
22
6
2
18
30
21
23
24
41
8
16
28
43
35
3
19
10
32
7
25
1
50
44
27
46
5
47
45
14
32
10
33
41
45
21
38
43
6
1
50
46
15
7
34
20
17
5
13
39
3
27
11
12
2
40
22
28
47
36
19
24
44
18
16
48
4
31
35
49
26
30
29
9
8
37
25
42
23
18
11
46
13
34
39
49
48
37
32
42
6
2
1
24
22
21
3
50
44
4
7
30
9
5
33
8
16
31
27
25
12
14
19
23
20
26
35
38
28
17
29
47
10
40
41
36
45
43
15
13
20
11
3
37
31
23
17
44
35
30
41
28
47
45
21
36
48
49
9
38
5
50
15
25
7
22
14
40
2
1
16
46
39
24
6
43
18
33
19
27
34
26
8
29
4
10
42
12
32
36
5
25
10
20
3
19
18
41
16
37
44
7
17
49
46
45
22
33
39
29
21
43
23
26
1
15
38
11
42
14
9
31
27
6
50
47
30
12
4
48
2
34
40
32
24
13
8
35
28
11
23
27
49
31
41
44
34
14
43
25
40
39
24
9
4
5
6
2
29
21
50
8
30
16
32
26
7
35
36
48
28
12
18
15
42
33
38
37
1
47
45
17
20
13
3
22
46
19
10
43
16
6
50
4
5
7
12
11
46
29
9
33
34
18
47
23
2
37
22
27
31
19
48
15
21
42
28
14
8
10
26
20
40
36
3
35
45
49
44
32
24
25
13
17
30
38
41
1
39
