1
36
29
19
10
30
24
47
42
37
18
43
27
26
46
40
35
8
48
31
45
38
28
32
21
12
23
33
2
41
6
15
14
16
39
49
7
50
34
20
44
4
11
3
5
13
9
17
25
22
48
43
24
14
21
42
32
6
10
38
39
20
45
44
33
12
25
50
7
1
19
23
29
40
35
46
36
26
41
34
16
4
37
47
30
8
17
3
9
11
13
15
28
5
2
22
49
27
18
31
37
47
23
35
19
4
34
46
29
20
27
14
17
38
48
43
1
16
15
33
41
49
40
22
28
13
25
18
36
6
9
2
11
7
26
24
30
44
8
5
50
21
10
39
31
45
12
32
3
42
7
31
21
41
6
34
5
14
16
36
47
15
18
13
32
2
11
44
9
28
46
40
12
27
3
23
50
24
25
45
37
1
38
29
49
30
4
8
48
22
10
43
39
17
42
33
35
19
20
26
49
24
37
42
5
47
6
27
35
1
26
31
10
50
14
28
9
13
29
20
25
48
21
34
7
45
32
3
33
43
17
36
30
8
44
39
11
41
19
12
15
22
40
23
38
16
18
2
46
4
27
30
41
43
44
12
11
13
24
18
32
42
21
33
2
8
5
35
45
49
47
28
46
31
19
48
16
9
37
17
1
22
10
20
14
29
3
36
26
50
40
6
7
25
4
15
23
38
39
34
40
17
18
15
36
48
10
45
32
34
24
13
9
41
21
42
3
19
27
25
16
1
6
43
30
20
46
12
47
39
22
44
35
49
29
33
37
7
4
31
23
8
14
26
28
50
5
11
2
38
29
35
47
40
1
46
28
22
30
9
21
39
5
8
27
45
16
14
38
18
24
10
32
17
37
25
7
19
12
11
49
50
6
13
4
36
42
20
44
15
34
33
2
31
23
26
48
3
41
43
15
19
48
28
49
2
16
3
46
8
12
47
1
23
22
24
6
20
35
50
11
36
41
42
43
31
38
5
21
40
44
27
29
4
9
26
32
25
17
14
45
13
33
30
7
18
39
10
34
37
42
7
43
1
46
38
45
4
27
50
14
3
32
11
20
17
18
23
6
24
15
13
9
8
47
28
44
29
19
21
39
37
33
22
41
34
10
31
35
26
25
12
5
16
48
40
2
36
49
30
3
27
9
21
8
44
1
37
48
28
46
2
13
42
38
25
15
47
14
7
40
18
23
36
41
35
5
10
39
12
29
34
22
30
20
45
31
6
32
33
16
11
19
43
26
17
4
24
50
49
18
48
5
47
27
17
22
7
21
43
34
29
49
30
1
32
31
28
23
42
9
33
37
44
38
16
11
8
50
20
26
39
13
41
19
2
25
12
3
24
4
40
15
35
46
36
45
14
6
10
30
26
16
20
9
22
42
10
28
15
17
37
47
46
25
13
14
32
49
35
8
4
2
7
18
19
29
36
44
23
31
45
5
33
38
27
12
11
41
40
3
50
21
6
43
39
24
34
48
1
41
22
38
45
47
20
36
16
9
30
4
17
34
28
42
48
26
11
19
10
44
24
13
14
50
27
18
35
8
49
7
31
25
6
33
32
15
5
39
3
12
23
46
1
37
2
43
29
21
40
5
8
12
22
11
43
3
50
2
44
7
32
36
21
41
16
28
29
17
19
37
30
4
18
48
26
31
39
49
1
34
13
23
42
40
47
46
14
25
45
6
38
24
27
35
20
33
15
10
9
11
40
30
29
15
50
25
41
34
26
38
21
20
6
17
1
22
33
31
3
43
2
7
4
36
8
45
32
18
5
19
47
49
9
46
14
24
23
42
10
39
35
13
12
27
28
44
37
16
48
22
45
34
30
39
5
47
43
13
12
11
8
16
49
28
20
41
27
1
4
35
42
15
26
29
40
10
37
32
25
18
48
9
14
17
38
21
46
24
6
31
19
3
2
36
44
7
23
33
50
24
14
15
36
18
10
13
5
1
22
44
26
23
3
39
29
32
25
8
2
33
17
31
41
40
9
20
47
7
35
21
43
42
45
48
19
34
49
16
30
37
27
4
50
12
46
28
6
38
11
16
28
40
37
2
7
41
11
12
19
20
46
25
4
3
33
44
15
42
30
6
26
38
35
34
50
1
23
10
13
27
17
32
48
5
18
43
21
22
39
24
49
9
45
14
47
8
31
36
29
28
15
32
44
13
26
38
40
17
47
6
25
42
2
12
30
37
18
50
43
49
35
20
5
14
29
19
11
48
33
8
23
39
10
3
21
45
9
1
34
46
16
22
36
24
31
41
7
4
27
21
34
33
24
25
8
14
29
50
49
19
4
26
43
44
41
13
42
46
17
23
22
35
37
20
32
39
48
38
16
30
3
2
11
12
5
36
10
28
27
9
31
45
18
47
6
15
1
40
7
31
29
42
27
48
19
50
21
5
7
45
28
4
12
30
9
46
37
36
41
1
25
24
33
6
39
35
2
3
44
20
49
40
32
16
23
13
22
15
8
26
17
43
38
10
34
11
47
14
18
25
20
28
11
3
27
18
32
22
10
40
35
50
37
31
49
48
39
26
34
13
15
5
19
1
6
2
30
4
46
24
29
41
21
42
43
14
16
7
23
38
36
44
8
45
9
47
12
17
33
19
33
45
34
24
21
27
49
38
17
22
18
29
16
15
35
10
5
47
32
12
14
3
6
31
43
37
50
46
9
28
25
26
1
13
7
23
39
30
36
11
44
42
4
41
48
40
20
8
2
50
49
3
7
45
11
31
35
6
29
2
22
41
1
16
10
4
46
43
12
5
8
42
38
44
36
13
27
9
48
40
32
18
34
25
17
28
15
14
47
33
39
20
37
30
23
19
26
24
21
9
3
22
17
29
36
43
23
40
2
49
19
48
18
34
14
50
30
12
45
28
6
26
10
8
44
4
31
16
15
47
33
7
24
37
11
38
13
27
46
35
41
32
42
25
21
1
39
5
20
45
38
14
8
50
32
26
9
7
23
33
1
43
19
5
4
49
24
41
46
48
27
39
12
10
15
3
6
20
28
13
42
44
35
2
37
40
29
11
16
21
47
31
22
34
25
36
18
30
17
33
39
20
32
22
29
40
15
19
5
41
24
14
36
50
27
42
7
34
8
10
31
1
28
13
17
47
4
6
3
11
46
45
26
21
12
2
37
23
43
18
30
49
48
16
38
25
35
9
44
4
46
49
6
42
14
15
25
31
24
16
11
22
10
23
37
39
43
3
38
20
19
48
47
27
34
33
44
26
32
45
40
21
17
8
13
1
2
36
9
5
28
18
7
50
35
30
41
29
12
10
1
35
39
28
9
2
30
26
21
8
33
37
48
6
23
24
31
11
40
7
46
44
16
17
41
12
45
42
19
5
14
3
50
34
4
20
32
43
13
36
18
38
47
15
49
29
22
27
25
17
37
44
33
23
40
12
24
47
39
43
45
30
27
10
36
34
1
32
15
18
16
25
29
9
42
21
41
5
22
2
7
48
31
35
46
49
28
6
38
14
20
50
19
11
3
26
4
13
8
2
12
8
16
38
23
29
39
33
40
10
5
24
9
36
18
30
26
21
47
31
11
50
20
4
3
48
1
13
7
46
35
34
15
27
44
19
42
45
25
43
32
6
41
49
37
17
28
22
14
38
13
1
50
43
24
30
8
49
14
9
10
12
35
19
6
2
36
25
5
26
29
16
21
46
47
17
42
34
4
33
18
15
3
45
22
44
27
40
37
20
7
23
28
39
11
32
48
31
41
12
18
19
2
40
33
39
20
4
11
23
30
35
32
47
44
7
10
37
16
36
9
45
3
42
49
41
43
24
26
38
21
28
25
22
31
27
48
50
17
29
5
8
46
1
14
34
13
15
6
26
4
7
46
30
15
8
1
20
27
48
36
38
29
35
31
40
9
16
11
32
47
49
45
22
5
24
34
17
14
50
41
43
37
10
25
18
33
13
2
28
3
12
44
6
19
21
42
23
39
35
50
36
38
32
25
9
26
45
31
28
48
6
22
4
39
19
41
40
23
3
44
47
46
49
14
27
13
43
37
42
30
17
2
11
15
5
1
20
18
8
10
29
34
21
12
16
33
7
24
44
6
31
25
35
13
33
19
36
48
50
12
11
7
26
38
43
4
22
14
17
32
34
1
39
30
9
49
27
18
15
20
8
23
28
10
29
40
47
41
2
46
37
24
3
5
42
21
45
16
46
10
50
23
12
28
17
44
25
3
13
49
31
20
40
26
33
34
30
27
2
45
18
39
16
4
43
15
22
24
35
38
36
5
32
1
41
47
21
29
42
37
48
14
8
7
6
9
11
19
6
44
4
5
16
18
46
36
8
41
35
23
15
40
13
7
38
21
28
37
22
39
17
50
32
24
14
25
45
10
43
11
27
12
31
48
9
34
2
49
1
42
47
33
19
29
20
30
26
3
8
41
2
9
7
1
37
31
39
45
3
16
19
25
29
11
12
38
24
36
14
34
33
13
23
10
49
20
15
50
32
6
4
43
47
28
22
17
5
48
30
26
35
21
18
42
27
40
44
46
39
2
13
18
17
35
4
28
23
33
5
7
8
31
11
19
27
45
44
21
34
43
14
25
24
22
6
46
30
38
12
10
50
36
1
40
48
26
29
42
41
9
16
15
20
32
3
49
37
47
23
25
39
4
26
16
48
2
18
42
31
27
40
45
43
15
47
12
13
6
50
20
36
49
11
37
34
17
29
30
3
5
19
38
7
9
8
24
46
21
22
1
41
32
33
10
14
44
28
35
20
21
26
12
33
6
35
42
3
25
15
34
44
5
8
50
17
49
10
48
30
37
11
2
45
38
28
40
1
29
23
24
47
46
36
41
39
43
18
7
19
14
27
9
22
4
31
16
32
13
34
9
17
48
14
49
20
33
15
13
36
38
3
39
37
5
29
40
4
26
42
12
22
24
2
18
30
21
23
31
41
8
16
28
43
35
6
19
10
32
7
25
1
11
44
27
46
50
47
45
14
32
10
26
41
45
21
38
43
6
1
50
46
15
7
34
20
17
5
13
39
3
27
11
12
2
40
22
28
47
36
19
24
44
18
16
33
4
31
35
49
48
30
29
9
8
37
25
42
23
47
11
46
13
34
39
49
48
37
32
42
6
2
14
24
22
21
3
18
44
4
7
30
9
5
33
8
16
31
27
25
12
1
19
23
20
26
35
38
28
17
29
36
10
40
41
50
45
43
15
13
42
11
3
37
31
23
17
44
35
30
41
28
47
45
21
36
48
20
9
38
5
8
15
25
7
22
14
40
2
4
16
46
39
24
6
50
18
33
19
27
34
26
49
29
1
10
43
12
32
36
5
25
10
20
3
19
18
41
16
37
44
7
17
49
46
45
22
33
39
29
21
43
23
26
1
15
38
11
42
14
9
31
27
6
50
47
30
12
4
48
2
34
40
32
24
13
8
35
28
32
23
27
49
31
41
44
34
14
4
25
40
39
24
9
3
8
6
2
29
21
50
10
30
33
11
26
7
35
36
48
28
12
18
15
42
16
38
37
1
47
45
17
20
13
43
22
46
19
5
43
16
6
31
4
37
7
12
11
46
29
9
33
34
18
47
23
2
39
22
27
41
19
48
15
21
42
28
14
8
10
26
20
40
50
3
35
45
49
44
32
24
25
13
17
30
38
5
1
36
