1
36
29
24
10
30
28
47
42
37
18
43
27
26
46
40
35
8
2
31
25
38
48
32
21
12
23
33
16
41
6
15
14
19
39
49
7
50
34
20
44
4
11
3
5
13
45
17
9
22
17
43
24
14
21
42
32
6
10
40
39
20
45
44
33
3
25
50
7
38
19
23
29
36
35
46
12
1
41
34
16
4
37
47
30
8
48
26
9
11
13
15
28
5
2
22
49
27
18
31
37
47
23
6
19
4
34
46
29
20
27
14
17
3
48
43
1
16
15
33
41
9
40
22
28
13
25
18
36
49
35
2
11
7
26
24
30
44
8
5
50
21
10
39
31
45
12
32
38
42
48
31
21
41
6
34
5
14
16
36
47
15
18
13
32
2
11
44
9
28
35
40
12
27
3
23
50
24
25
45
37
1
38
29
49
30
4
8
46
22
10
43
39
17
42
33
7
19
20
26
49
24
37
42
5
29
6
25
35
1
26
31
10
50
14
28
9
13
27
20
45
48
21
34
7
43
32
3
33
17
47
36
30
8
44
39
11
41
19
12
15
22
40
23
38
16
18
2
46
4
33
30
41
43
44
5
11
13
19
18
32
42
21
1
2
8
47
35
45
49
24
28
46
31
27
48
16
9
37
12
17
22
10
20
3
29
14
36
26
50
40
6
7
25
4
15
23
38
39
34
40
17
18
15
36
48
10
45
4
24
50
13
9
14
21
42
3
19
37
25
16
1
47
43
30
20
46
12
27
39
22
44
35
49
29
41
33
7
6
31
23
8
5
26
28
34
32
11
2
38
29
35
47
40
46
1
24
22
30
8
21
39
50
10
27
45
5
14
38
18
28
2
32
17
37
16
7
19
12
11
49
25
6
13
4
9
42
20
44
15
34
33
36
31
23
26
48
3
41
43
15
19
48
28
49
2
16
3
46
34
12
47
1
23
22
24
18
20
35
50
11
36
41
42
43
31
38
5
21
40
7
27
29
44
9
26
32
14
17
10
45
13
33
30
25
4
39
6
8
37
42
7
43
1
40
35
45
4
27
38
14
3
32
11
20
18
17
23
6
5
15
13
28
8
50
9
44
29
19
24
39
37
33
22
41
34
10
31
47
26
25
12
46
16
48
21
2
36
49
30
3
12
9
31
8
44
1
37
48
28
46
2
13
42
38
25
15
27
14
7
40
18
23
47
41
35
5
10
39
21
29
34
22
30
20
45
17
6
32
33
16
11
19
43
26
36
4
24
50
49
11
48
5
47
38
17
22
7
21
23
34
29
49
33
1
32
31
28
18
42
9
43
37
44
10
30
2
8
50
20
26
39
13
41
45
14
25
12
3
24
4
40
15
35
46
19
36
16
6
27
30
42
16
26
9
22
3
10
28
15
17
41
47
46
25
13
14
32
20
35
8
4
2
7
18
19
45
36
44
23
31
29
5
37
38
33
12
11
49
40
27
50
21
6
43
39
24
34
48
1
7
22
38
45
47
20
36
16
34
50
41
30
44
28
42
48
26
11
19
10
49
24
13
9
33
27
18
35
8
46
4
31
25
6
14
32
40
5
39
3
12
23
17
1
37
2
43
29
21
15
5
8
12
22
11
43
39
50
45
44
7
32
36
21
41
16
28
29
17
19
37
30
4
18
48
26
31
2
49
1
34
13
23
42
40
47
46
3
25
14
6
38
24
27
35
20
33
15
10
9
18
40
30
29
15
37
25
41
32
26
38
21
20
6
17
1
22
33
31
3
43
10
7
4
36
8
34
48
42
5
19
47
49
9
46
2
24
23
11
45
39
35
13
12
27
28
44
50
16
14
22
45
34
30
39
50
47
43
13
12
11
8
16
49
28
20
41
38
1
4
44
42
15
26
29
40
10
37
32
25
18
48
9
14
33
27
21
46
24
6
31
19
3
2
36
17
35
23
7
5
24
14
15
36
18
10
13
5
1
9
44
26
23
38
39
29
6
30
8
2
33
17
31
41
40
25
20
47
7
35
21
50
42
45
48
19
34
49
16
37
22
27
4
32
12
46
28
43
3
11
41
28
40
20
2
7
37
11
12
19
13
46
25
4
3
33
44
15
42
30
6
26
38
35
34
50
1
23
10
43
27
17
32
48
5
18
16
21
22
39
24
49
9
45
14
47
8
31
36
29
28
15
32
44
27
26
38
40
17
47
6
25
42
2
12
30
37
18
13
43
46
35
20
5
14
29
19
11
48
33
8
23
39
10
50
21
45
9
1
34
3
16
22
36
49
31
41
7
4
24
10
34
33
2
25
8
14
29
50
49
20
19
26
43
44
41
13
42
46
17
23
22
35
37
47
28
39
32
38
16
30
3
18
11
12
5
36
15
4
27
48
31
45
21
24
6
9
1
40
7
31
29
42
27
48
19
50
21
5
7
4
28
34
12
30
9
46
37
36
41
1
25
24
33
6
45
35
39
20
44
40
49
2
32
16
23
13
22
15
8
26
17
43
38
10
3
11
47
14
18
25
20
28
11
3
27
18
32
22
4
40
35
46
37
31
49
48
39
26
34
13
15
5
14
1
42
29
30
2
6
24
10
41
21
19
43
50
16
7
23
38
36
44
8
45
9
47
12
17
33
19
33
45
34
24
21
27
49
38
17
22
18
29
8
15
35
10
5
47
32
12
14
3
16
31
6
37
50
46
9
28
43
26
1
13
7
23
39
36
30
11
44
42
4
41
48
40
20
25
2
50
49
3
7
45
11
31
35
6
29
2
22
41
30
16
10
4
46
43
12
5
8
42
38
44
15
13
27
9
48
1
32
40
34
36
17
28
25
14
47
33
39
20
37
18
23
19
26
24
21
21
3
22
19
29
36
43
12
40
2
49
17
48
16
34
14
50
25
23
45
47
6
26
10
8
44
4
31
18
15
9
33
7
24
28
38
37
13
27
46
35
41
32
42
30
11
1
39
5
20
45
38
14
8
50
32
26
9
7
11
33
1
43
19
5
39
49
24
41
46
48
27
10
40
20
36
3
6
4
28
13
12
44
35
2
37
15
29
23
16
21
47
31
22
34
25
42
18
30
17
32
39
20
23
22
14
40
15
9
5
19
24
3
36
50
27
42
7
29
8
10
33
1
28
13
17
47
4
6
31
11
46
45
26
21
12
2
37
41
43
18
30
49
48
16
38
25
35
34
44
4
46
49
17
42
24
15
27
31
10
16
11
22
41
23
37
39
43
3
36
20
19
50
6
38
34
33
44
26
32
45
40
21
25
8
13
1
2
48
9
5
28
18
7
47
35
30
14
29
12
16
1
35
39
28
9
2
30
26
21
8
33
37
48
6
23
24
31
11
40
7
46
44
12
17
41
36
45
22
19
5
42
3
50
34
4
20
32
43
13
14
18
38
47
15
49
29
10
27
25
6
37
44
33
23
40
12
24
47
39
43
7
30
27
10
36
34
1
32
15
18
16
25
29
9
5
21
41
3
22
2
45
48
31
35
46
49
28
42
38
17
20
50
19
11
14
26
4
13
8
2
26
8
16
1
23
29
39
33
43
10
5
24
9
36
12
30
49
21
47
31
11
6
20
4
3
48
46
13
7
38
35
34
15
27
44
19
42
45
25
37
32
14
41
50
18
17
28
22
40
38
13
1
32
43
16
30
8
49
14
9
10
12
35
19
6
2
36
25
24
26
29
45
21
46
47
17
42
34
4
33
18
15
3
22
11
31
27
40
44
20
7
23
28
39
50
5
48
37
41
12
18
19
38
26
33
35
20
2
22
23
45
14
32
47
44
7
10
39
16
36
37
9
3
42
49
41
43
24
30
46
21
28
4
25
31
27
48
50
17
29
5
8
11
1
40
34
13
15
6
26
4
7
37
30
15
8
1
20
27
48
36
38
29
35
31
40
9
16
11
32
47
49
45
19
39
24
34
17
14
50
41
43
5
10
25
18
33
13
2
28
3
12
44
6
42
21
22
23
46
35
50
36
21
32
25
9
26
24
31
28
48
6
22
4
5
19
41
40
23
3
44
39
46
49
14
27
13
43
37
42
30
17
2
11
15
38
1
20
18
8
10
29
34
7
12
16
33
45
47
44
6
27
25
35
13
33
19
36
48
45
12
4
7
26
38
43
47
22
14
17
32
34
1
39
11
9
49
30
18
15
20
8
23
42
10
29
40
28
41
46
2
37
24
3
5
50
21
31
16
46
10
50
35
12
28
17
23
25
3
24
49
31
20
40
26
33
34
30
27
2
45
18
39
22
4
43
15
5
13
44
38
36
16
32
1
41
47
21
29
42
37
48
14
8
7
6
9
11
19
47
44
4
5
16
18
46
36
8
41
35
23
15
40
13
7
38
21
28
37
22
39
17
50
32
24
14
25
45
10
43
11
27
12
31
48
9
34
2
49
1
42
6
33
19
29
20
30
26
3
8
41
2
9
7
38
42
31
39
45
3
16
19
25
29
11
12
26
24
1
14
34
33
13
23
10
49
20
15
50
32
6
4
43
47
28
22
17
5
48
30
46
35
18
21
37
27
40
44
36
39
2
13
18
17
46
4
28
23
30
5
37
8
31
11
19
27
45
44
21
34
41
14
25
24
22
6
26
47
38
12
7
50
36
1
40
35
10
29
42
43
9
16
15
20
32
3
49
33
48
23
25
39
4
13
47
48
2
18
42
31
27
40
45
43
15
32
12
34
6
50
20
36
49
16
37
11
17
29
26
3
5
19
38
7
22
8
24
30
21
9
1
41
46
33
10
14
44
28
35
20
21
26
12
33
6
41
42
3
25
15
34
35
5
8
50
16
4
10
48
30
49
11
2
45
38
28
40
1
29
23
24
47
46
17
36
39
43
18
7
19
14
27
9
22
44
31
37
32
13
34
9
31
48
14
49
20
33
15
13
36
38
11
39
37
17
29
40
4
26
42
12
22
24
2
18
30
21
23
3
41
8
16
28
43
35
6
19
10
32
7
25
1
50
44
27
46
5
47
45
14
32
10
46
41
45
21
38
43
6
1
50
5
15
7
34
20
17
48
13
39
3
27
11
12
2
40
22
28
47
36
19
24
33
18
16
44
4
31
35
49
26
30
29
9
8
37
25
42
23
9
11
46
13
34
39
49
48
37
32
42
6
2
18
24
22
21
3
12
44
4
7
30
19
5
33
8
16
31
27
25
14
1
17
23
20
26
35
38
28
36
29
47
10
40
41
15
45
43
50
13
27
11
3
37
31
23
17
44
35
30
4
28
47
45
21
36
48
50
9
38
5
8
15
25
7
22
14
40
2
20
16
46
39
24
6
43
18
33
19
41
34
26
49
29
1
10
42
12
32
36
5
25
10
20
3
19
18
41
16
37
44
7
17
49
46
45
22
33
39
29
21
43
23
26
1
15
38
11
42
14
9
31
27
6
50
47
30
12
4
2
48
34
40
32
24
13
8
35
28
27
23
17
49
31
41
44
34
14
33
25
40
39
24
9
4
8
6
5
29
21
50
16
30
11
32
26
7
35
36
48
28
12
18
15
42
3
38
37
1
47
45
2
20
13
43
22
46
19
10
43
16
6
50
4
12
7
44
11
46
29
9
33
34
18
47
23
2
49
22
27
31
19
48
15
21
42
28
14
8
10
26
20
40
37
3
5
45
35
36
32
24
25
13
17
30
38
41
1
39
