1
36
29
2
10
30
28
47
42
37
18
43
27
26
46
40
35
8
48
31
24
38
9
32
21
16
23
33
12
41
6
15
14
19
39
49
7
50
34
20
44
4
11
3
5
13
45
17
25
22
10
43
24
14
21
42
3
6
32
36
39
20
45
44
33
12
25
50
7
38
19
23
29
40
35
46
17
1
41
34
16
4
37
47
30
8
48
26
9
11
13
15
28
5
2
22
49
27
18
31
37
47
23
38
19
41
34
46
29
20
27
14
17
3
48
43
1
16
15
33
35
49
40
22
28
13
25
18
36
6
9
2
11
7
26
24
30
44
8
5
50
21
10
39
31
4
12
32
45
42
32
31
21
41
6
34
5
14
16
22
47
15
18
13
40
44
11
42
9
28
46
2
12
27
3
23
50
24
25
45
37
1
38
29
49
30
4
8
35
48
10
43
39
17
7
33
36
19
20
26
49
24
37
42
5
29
6
25
35
1
26
31
10
50
14
28
9
13
39
20
47
48
21
34
7
45
32
3
33
43
17
36
30
8
44
27
11
41
19
12
15
22
40
23
38
16
18
2
46
4
44
30
41
43
1
12
11
13
24
18
32
42
21
33
19
8
17
35
45
5
2
28
46
31
27
48
16
9
37
49
47
22
10
20
14
29
3
36
26
50
40
6
7
25
4
15
23
38
39
34
40
17
18
15
36
48
10
45
19
5
4
13
9
41
21
42
3
47
34
25
16
1
28
43
30
20
46
12
27
39
22
44
35
49
29
33
14
7
6
31
23
8
37
26
24
32
50
11
2
38
29
35
47
40
46
1
24
22
30
28
21
39
16
8
27
45
5
14
38
18
9
10
32
17
37
12
7
19
2
11
49
50
6
13
4
25
42
20
44
15
34
33
36
31
23
26
48
3
41
43
15
19
48
28
49
2
16
3
46
8
12
47
1
23
22
24
6
20
35
50
11
36
41
42
43
31
38
5
21
40
7
27
29
4
9
26
32
14
17
10
45
13
33
30
25
18
39
44
34
37
47
7
43
1
40
46
45
4
27
9
24
3
32
11
20
17
18
23
6
35
15
13
50
8
38
28
44
29
19
21
39
37
33
22
41
34
10
31
42
26
25
12
5
16
48
14
2
36
49
30
3
27
9
31
8
44
1
37
48
30
46
2
13
42
38
25
15
49
14
7
40
18
23
47
41
35
5
10
39
12
29
34
22
26
20
45
17
6
32
33
16
11
19
43
28
21
4
24
50
36
27
48
5
47
9
17
22
7
21
23
34
29
49
14
1
32
31
28
18
10
45
33
37
44
19
30
2
8
50
20
26
39
13
41
42
36
25
12
3
24
4
40
15
35
46
11
38
43
6
16
30
26
16
37
27
22
35
10
28
15
17
6
47
46
25
13
14
32
20
42
8
4
2
7
18
19
29
36
44
23
31
45
5
33
38
41
12
11
49
40
3
50
21
48
43
39
24
34
9
1
7
22
38
45
47
20
36
16
10
4
14
17
34
28
42
48
26
11
19
49
41
24
13
9
50
27
18
35
8
30
44
31
25
6
33
32
15
5
39
3
12
23
46
1
37
2
43
29
21
40
5
8
12
22
11
43
39
50
45
44
7
32
36
21
41
16
28
29
17
19
37
30
4
18
48
26
31
2
49
1
34
13
23
42
40
47
46
3
25
14
6
38
24
27
35
20
33
15
10
9
48
42
30
29
15
14
25
41
34
26
38
21
20
6
17
1
22
33
31
3
43
40
7
4
36
8
45
32
18
5
19
47
49
9
46
2
24
23
11
37
39
35
13
12
27
28
44
50
16
10
22
45
34
30
39
35
47
43
13
12
11
8
5
49
28
20
41
44
1
4
25
42
15
26
16
40
10
37
32
17
18
48
9
14
50
38
21
46
24
6
31
19
3
2
36
29
7
23
33
27
24
14
15
36
18
10
13
5
1
21
44
26
23
30
39
29
50
38
8
2
33
17
31
41
40
43
20
47
7
35
32
25
42
45
48
19
34
49
16
22
9
27
4
6
12
46
28
37
3
11
16
28
40
20
2
7
37
11
12
19
41
46
25
4
3
33
44
15
42
30
6
26
38
35
34
50
1
23
10
13
27
17
32
48
5
18
43
21
22
39
24
49
9
45
14
47
8
31
36
29
28
15
32
44
13
26
38
40
17
47
6
25
42
2
12
30
37
18
50
43
49
35
20
5
14
29
19
11
48
33
46
23
39
10
3
21
45
9
1
34
27
16
22
36
8
31
41
7
4
24
19
34
33
24
32
8
14
29
50
49
20
4
26
43
44
41
13
25
46
17
23
22
35
37
47
9
39
48
38
16
30
3
21
11
12
5
36
10
28
27
2
31
45
18
42
6
15
1
40
7
31
29
42
27
48
19
50
21
4
7
45
28
2
12
30
9
46
37
36
41
1
25
24
33
6
5
35
39
3
44
20
49
40
32
16
23
13
22
15
8
26
17
43
38
10
34
11
47
14
18
25
10
28
11
3
27
18
32
22
50
40
35
4
37
31
49
48
39
26
34
13
15
5
14
1
42
12
30
20
46
24
29
2
21
19
43
6
16
7
23
38
36
44
8
45
9
47
41
17
33
6
33
45
34
24
21
27
49
38
17
22
18
29
16
15
35
10
5
47
32
12
14
3
19
31
39
37
50
30
9
28
43
26
1
13
46
23
25
36
7
11
44
42
4
41
48
40
20
8
2
50
49
3
7
25
11
31
35
6
29
2
22
41
1
16
10
4
46
43
12
5
8
42
38
44
36
13
27
9
48
40
32
18
34
45
17
28
15
30
47
33
39
20
37
26
23
19
14
24
21
9
3
22
17
29
36
43
12
40
2
49
37
48
38
34
14
47
19
23
45
28
6
26
10
8
44
4
31
16
15
21
33
7
24
25
11
18
13
27
46
35
41
32
42
30
50
1
39
5
20
11
38
14
8
50
32
26
9
7
34
33
1
43
19
5
39
49
24
41
36
48
27
45
12
20
15
3
6
4
28
13
10
44
35
2
37
40
29
23
16
46
47
31
22
21
25
42
18
30
17
33
39
20
23
22
5
32
15
9
40
19
24
3
36
50
27
42
7
29
8
10
41
1
28
13
17
47
4
6
31
11
46
45
16
21
12
2
37
48
43
18
30
14
34
49
38
25
35
26
44
4
46
49
50
42
25
15
27
31
24
16
11
22
10
23
37
39
43
3
6
20
19
48
36
29
34
33
44
26
32
45
40
41
17
8
13
1
2
14
9
5
28
18
7
47
35
30
21
38
12
21
1
35
6
28
9
2
30
26
10
8
33
37
48
32
23
24
31
11
40
7
46
44
16
17
41
36
45
42
19
5
12
3
50
34
4
20
39
43
13
14
18
38
47
15
49
29
22
27
25
45
37
44
33
23
40
12
24
47
39
43
7
30
27
10
36
34
1
32
15
18
16
25
29
9
6
21
41
5
22
2
42
48
31
35
14
49
28
46
38
17
20
50
19
11
3
26
4
13
8
2
12
8
16
38
23
29
39
33
43
10
5
24
9
36
18
30
26
21
47
31
11
6
20
4
3
48
46
13
7
1
35
34
15
27
44
19
42
45
25
37
32
49
41
50
40
17
28
22
14
38
13
1
32
43
50
30
8
49
14
9
10
12
35
37
6
2
36
25
24
26
29
16
21
46
47
11
42
34
4
33
18
15
3
17
22
44
27
40
45
20
7
23
28
39
19
5
48
31
41
12
18
19
46
26
33
40
20
2
38
23
45
14
32
47
4
7
10
37
16
36
9
39
3
42
49
41
43
24
25
35
21
28
30
22
31
27
48
50
17
29
5
8
11
1
44
34
13
15
6
18
4
7
19
30
15
8
1
20
27
48
36
38
29
35
31
40
9
16
11
32
47
49
45
22
25
24
34
17
14
50
41
43
37
10
39
5
33
13
2
28
3
12
44
6
42
21
26
23
46
35
50
36
21
45
24
9
26
5
31
28
48
6
22
4
2
19
41
40
23
3
44
47
46
49
14
27
13
43
37
42
30
17
25
11
15
38
1
20
18
8
10
29
32
34
12
16
33
7
39
42
6
31
25
35
13
33
19
36
48
50
12
44
7
26
38
43
30
22
14
17
32
34
1
39
11
9
49
45
18
15
20
8
23
28
10
29
40
4
41
21
46
2
24
3
5
27
16
37
47
46
40
50
35
12
28
17
23
25
3
13
49
31
20
2
26
33
34
30
27
44
45
18
39
10
4
43
15
22
24
8
38
36
5
32
1
41
47
21
29
42
37
48
14
16
7
6
9
11
19
26
44
4
5
16
18
46
36
8
41
35
23
15
40
13
7
38
21
28
37
22
39
17
50
32
24
14
25
47
10
43
11
27
12
31
48
9
34
2
49
1
42
6
33
19
45
20
30
29
3
8
41
2
9
7
37
42
31
39
45
3
16
19
25
29
11
12
27
24
1
14
34
33
13
23
10
49
20
15
50
38
6
4
43
47
28
22
17
5
21
30
26
35
46
18
36
32
40
44
48
39
2
13
18
17
47
4
28
23
33
5
30
8
31
11
19
27
45
44
21
34
43
14
25
24
22
6
26
46
38
12
7
50
36
1
40
35
32
29
42
41
9
16
15
20
37
3
10
48
49
23
25
39
4
44
16
48
2
18
42
31
27
40
45
43
15
32
12
13
46
50
20
36
49
11
37
34
17
29
26
3
5
19
38
7
9
8
24
47
30
22
1
41
21
33
10
14
6
28
35
20
21
26
12
33
6
41
42
3
25
15
34
35
5
8
50
16
4
10
48
30
37
11
2
45
38
28
40
1
29
23
24
47
46
36
7
39
43
18
44
19
14
27
9
22
17
31
49
32
13
34
9
17
48
14
49
20
33
15
13
36
38
11
39
6
5
29
40
4
26
42
31
22
24
2
18
30
21
23
3
41
8
16
28
43
35
37
19
10
32
7
25
1
50
44
27
46
12
47
45
14
32
10
26
41
45
21
38
43
6
1
50
46
15
7
34
20
17
5
13
39
3
27
11
12
2
40
22
28
47
36
19
24
44
18
16
33
4
31
35
49
48
30
29
9
8
37
25
42
23
17
11
46
13
34
39
49
48
37
32
42
19
50
18
24
22
21
3
12
44
4
7
30
6
5
33
8
16
31
27
25
14
1
2
23
20
26
35
38
28
36
29
47
10
40
41
9
45
43
15
13
20
11
3
37
31
23
17
44
35
30
41
28
47
45
21
36
48
27
9
38
5
8
15
25
7
22
14
40
2
4
16
46
39
24
6
50
18
33
19
43
34
26
49
29
1
10
42
12
32
36
5
25
10
20
3
19
18
41
16
37
44
7
17
49
46
45
22
33
39
29
21
43
23
26
1
15
38
11
42
14
9
31
27
6
50
47
30
12
4
48
2
34
40
32
24
13
8
35
28
41
23
27
49
31
4
44
34
14
11
25
40
39
24
9
3
8
6
2
29
21
50
10
30
33
32
26
7
35
36
48
28
12
18
15
42
16
38
37
1
47
45
17
20
13
43
22
46
19
5
43
16
6
39
4
38
7
44
11
46
29
9
33
34
18
47
23
2
49
22
27
12
19
48
15
21
42
28
14
8
10
26
20
40
37
3
31
45
41
36
32
24
25
13
17
30
35
5
1
50
