1
36
24
19
10
30
28
47
42
37
18
12
27
26
46
40
35
8
48
31
25
38
9
32
21
43
23
33
2
41
6
15
14
16
39
49
7
50
34
20
44
4
11
3
5
13
45
17
29
22
48
43
17
26
21
42
39
6
32
24
14
20
45
44
33
3
25
50
7
49
19
23
10
40
35
46
12
1
41
34
16
4
37
47
30
8
38
29
9
11
13
15
28
5
2
22
36
27
18
31
37
47
23
38
19
4
34
46
29
20
27
14
17
3
48
43
1
16
15
33
41
49
40
22
28
13
25
18
36
6
35
2
11
7
26
24
30
44
8
5
50
21
10
39
31
45
12
32
9
42
42
31
21
41
6
34
5
14
16
36
47
15
18
13
32
2
11
44
9
28
12
40
48
27
3
23
50
24
25
45
37
1
38
29
49
30
4
8
46
22
10
43
39
17
7
33
35
19
20
26
49
24
37
42
5
29
6
25
35
1
26
43
10
50
14
28
9
13
39
20
47
48
21
34
27
45
32
3
33
31
17
36
30
8
44
7
11
41
19
12
15
22
40
23
38
16
18
2
46
4
27
30
41
43
1
12
11
13
24
18
32
42
21
33
2
8
17
35
45
5
44
28
46
31
19
48
16
9
37
49
47
22
10
20
3
29
14
36
26
50
40
6
7
25
4
15
23
38
39
34
40
17
18
15
36
48
10
45
4
34
19
13
9
14
21
42
3
27
37
25
16
1
28
43
30
20
46
12
32
39
22
44
35
49
29
41
33
7
47
31
23
8
6
26
24
50
5
11
2
38
47
35
29
40
46
1
24
22
30
50
21
39
5
16
27
45
8
14
38
18
9
10
32
17
37
28
7
19
12
11
49
25
6
13
4
2
42
20
44
15
34
33
36
31
23
26
48
3
41
43
15
19
48
28
25
2
16
3
46
8
12
47
1
23
22
24
18
20
35
50
11
36
41
42
43
31
38
5
21
40
7
27
29
4
9
26
32
10
17
14
45
13
33
30
49
44
39
6
34
37
17
7
43
1
40
46
45
4
27
28
50
3
32
11
20
18
5
23
6
42
15
13
47
24
38
9
44
29
19
26
39
37
33
22
41
34
10
31
35
8
25
12
14
16
48
21
2
36
49
30
3
27
9
31
8
44
1
37
48
30
46
2
13
42
38
25
15
49
14
7
40
18
23
33
41
35
5
10
39
12
29
34
22
26
20
45
17
6
32
21
16
11
19
43
28
36
4
24
50
47
19
48
5
47
27
17
22
7
21
33
34
29
49
10
1
32
31
28
18
38
45
43
37
44
16
30
2
8
50
20
26
39
13
41
14
11
25
12
23
24
4
40
15
35
46
3
9
42
6
36
30
26
16
37
9
22
42
10
28
15
17
6
47
46
25
13
14
32
29
35
8
4
2
7
18
19
45
36
44
23
31
48
20
5
38
27
12
11
49
40
41
50
21
33
43
39
24
34
3
1
41
22
38
45
47
20
36
16
10
40
4
7
34
28
42
48
26
11
19
46
49
24
13
9
50
27
18
35
8
30
44
31
25
6
33
32
15
5
39
3
12
23
17
1
37
2
43
29
21
14
5
8
12
22
11
43
3
50
2
44
7
32
36
21
41
16
28
29
17
19
37
30
4
18
48
26
31
39
49
1
34
13
23
42
40
47
46
14
25
45
6
38
24
27
35
20
33
15
10
9
18
40
30
29
15
50
25
41
45
26
38
21
20
6
17
1
22
33
31
3
43
2
7
4
36
8
34
32
42
5
19
47
49
9
46
14
24
23
11
10
39
35
13
12
27
28
44
37
16
48
22
45
34
30
39
16
47
43
13
12
11
8
44
49
28
5
41
42
1
4
35
33
15
26
20
40
10
37
27
17
18
29
9
14
48
38
21
46
24
6
31
19
3
2
36
32
7
23
25
50
24
14
15
36
18
10
13
5
1
21
44
26
23
30
39
29
6
25
8
2
33
17
31
41
40
32
20
48
7
35
9
49
42
45
47
19
34
3
16
37
22
27
4
50
12
46
28
43
38
11
16
28
40
20
2
7
41
11
12
19
13
46
25
4
3
33
44
15
42
30
6
26
38
35
34
50
1
23
10
43
27
17
32
48
5
18
37
21
22
39
24
49
9
45
14
47
8
31
36
29
28
15
32
44
13
26
38
40
17
47
6
25
42
2
12
30
37
18
27
43
24
35
20
5
14
29
19
11
48
33
46
23
39
10
50
21
45
9
1
34
3
16
22
36
8
31
41
7
4
49
32
34
33
24
48
8
14
29
50
49
20
19
26
43
44
41
13
4
46
17
23
22
35
37
10
42
39
47
38
16
30
3
2
11
12
5
36
25
28
27
9
31
45
21
18
6
15
1
40
7
31
29
42
27
49
19
50
21
5
7
39
28
4
12
30
9
46
37
36
41
1
25
24
8
6
38
35
2
3
44
20
45
40
32
16
23
13
22
15
33
26
17
43
48
10
34
11
47
14
18
25
42
28
11
3
27
18
32
22
4
40
35
2
37
31
49
48
39
26
34
13
15
5
14
1
12
29
30
20
46
24
50
41
21
19
43
6
16
7
23
38
36
44
8
45
9
47
10
17
33
7
33
45
34
24
21
27
49
38
17
22
18
29
8
15
35
10
5
47
32
46
14
3
19
31
36
37
50
16
9
28
43
26
1
13
25
23
39
6
30
11
44
42
4
41
48
40
20
12
2
50
49
3
7
45
11
31
35
6
29
2
22
41
1
16
10
4
46
43
12
5
8
42
38
44
15
13
27
9
48
40
32
18
34
36
17
28
26
14
47
33
39
20
37
30
23
19
25
24
21
11
3
22
17
29
36
43
12
40
2
49
30
48
38
34
14
47
19
23
45
28
6
26
10
8
44
4
31
18
15
21
33
7
24
25
9
16
13
27
46
35
41
32
42
50
37
1
39
5
20
21
38
14
8
50
32
26
9
7
23
33
37
43
19
5
20
49
24
41
1
48
27
29
12
11
39
3
6
45
28
13
10
44
35
2
46
40
15
4
16
36
47
31
22
34
25
42
18
30
17
29
39
20
23
22
14
40
15
19
5
41
24
16
36
50
27
42
7
34
8
10
9
1
28
13
17
47
4
6
3
11
46
45
33
21
12
2
37
48
43
18
30
49
32
26
38
25
35
31
44
4
46
49
14
42
24
15
27
31
38
16
11
22
41
23
37
39
43
3
10
20
19
6
47
29
34
33
44
26
32
45
40
21
17
8
13
1
2
36
9
5
28
18
7
25
35
30
50
48
12
10
1
35
39
28
9
2
30
26
32
8
33
37
48
6
23
24
31
11
40
7
46
44
16
17
41
36
45
22
19
5
12
3
50
34
4
20
42
43
13
21
18
38
47
15
49
29
14
27
25
9
37
44
6
23
40
12
24
47
39
43
45
30
27
10
36
34
1
32
15
18
16
25
29
7
5
21
41
46
22
2
42
48
31
35
33
49
28
3
38
17
20
50
19
11
14
26
4
13
8
2
6
8
16
38
23
29
39
33
43
10
5
24
9
36
12
30
26
21
47
31
11
50
20
4
3
48
46
13
7
1
35
34
15
27
44
19
49
45
25
14
32
37
41
42
18
17
28
22
40
38
13
1
32
43
5
30
8
49
14
9
10
12
35
19
6
2
36
25
24
26
29
16
21
46
47
17
42
34
4
33
18
15
3
22
37
31
27
40
44
20
7
23
28
39
11
50
48
45
41
12
18
19
2
26
33
35
20
9
22
23
4
14
32
47
44
7
10
49
16
36
37
39
3
42
11
41
43
24
25
38
21
28
30
45
31
27
48
50
17
29
5
8
46
1
40
34
13
15
6
26
4
7
46
30
15
8
1
20
27
48
36
38
29
35
31
40
9
16
11
32
42
49
45
47
25
24
34
17
14
50
41
43
37
10
39
18
33
13
2
28
3
12
44
6
19
21
22
23
5
35
50
36
21
32
25
9
26
34
31
28
48
6
22
4
39
19
41
40
23
3
44
45
46
49
14
27
13
43
37
42
30
17
2
11
15
5
1
20
18
8
10
29
38
47
12
16
33
7
24
44
12
47
25
35
13
33
19
36
48
45
31
11
7
26
38
50
30
22
14
17
32
34
1
39
6
9
49
4
18
15
20
8
23
28
10
29
40
42
41
43
46
2
24
3
5
27
21
37
16
46
10
50
35
12
28
17
23
25
3
24
49
31
20
40
26
33
34
30
27
2
45
18
39
22
4
43
15
5
13
8
38
36
44
32
1
41
47
21
29
42
37
48
14
16
7
6
9
11
19
45
44
4
5
16
18
32
36
8
41
35
23
15
40
13
7
38
21
28
37
22
39
17
50
33
24
14
25
47
10
43
11
27
12
31
48
9
34
2
49
1
42
46
6
19
29
20
30
26
3
8
41
2
9
7
37
46
31
39
45
3
16
19
25
29
11
12
47
24
36
14
34
33
13
23
10
49
20
15
50
32
6
4
43
42
28
22
17
5
48
30
26
35
18
21
1
38
40
44
27
39
2
13
18
17
35
4
28
23
10
5
41
8
31
11
19
27
45
44
21
34
47
14
25
24
22
6
26
30
38
12
7
50
36
1
40
48
32
29
42
37
9
16
15
20
43
3
49
33
46
23
25
39
4
44
47
48
2
18
42
31
27
40
45
43
15
32
12
13
6
50
20
36
49
9
37
11
17
29
21
3
5
19
38
7
22
8
24
30
26
46
1
41
34
33
10
14
16
28
35
20
21
26
12
33
6
37
42
3
25
15
34
35
5
8
50
16
38
10
48
30
41
11
2
45
49
28
40
1
29
23
24
47
46
17
36
39
43
18
7
19
14
27
9
22
4
31
44
32
13
34
9
31
48
14
49
20
33
15
13
36
38
3
39
37
17
29
40
4
26
42
12
22
6
2
18
30
21
23
24
41
8
16
28
43
35
50
19
10
32
7
25
1
11
44
27
46
5
47
45
14
32
10
33
41
45
21
38
43
6
1
50
46
15
7
34
20
17
5
13
39
3
27
11
12
2
40
22
28
47
36
19
24
25
18
16
44
4
31
35
49
48
30
29
9
8
37
26
42
23
6
11
46
13
34
39
49
48
37
9
42
17
50
18
24
22
21
3
12
44
4
7
30
36
5
33
8
16
31
27
25
14
1
19
23
20
26
35
38
28
2
29
47
10
40
41
32
45
43
15
13
20
11
3
37
31
23
17
44
35
30
1
28
47
45
21
36
48
50
9
38
5
12
15
25
7
22
14
40
2
4
16
46
39
24
6
43
18
33
19
27
34
26
49
29
42
10
41
8
32
36
5
25
10
20
3
19
18
41
16
37
44
7
17
49
46
45
22
33
39
29
21
43
23
26
1
15
38
11
42
14
9
31
27
6
50
47
30
12
4
48
2
34
40
32
24
13
8
35
28
33
23
27
49
31
41
44
34
14
11
25
40
39
24
9
4
43
6
2
29
21
50
8
30
32
16
26
7
35
36
48
28
12
18
15
42
3
38
37
1
47
45
5
20
13
17
22
46
19
10
43
16
6
50
4
38
7
44
11
46
29
9
33
34
18
47
23
2
20
22
27
31
19
48
15
21
42
28
14
8
10
26
5
40
37
3
35
45
41
36
32
24
25
13
17
30
49
12
1
39
