1
36
19
14
10
30
24
47
42
37
18
43
27
26
46
40
35
8
48
31
28
38
29
32
21
25
23
33
12
41
6
15
2
16
39
49
7
50
34
20
44
4
11
3
5
13
9
17
45
22
26
43
24
32
21
42
40
6
10
38
14
20
45
44
33
17
25
50
7
49
19
23
39
12
35
46
36
1
41
34
16
4
37
47
30
8
48
29
9
11
13
15
28
5
2
22
3
27
18
31
37
47
23
35
19
4
34
46
29
20
27
14
17
38
48
43
1
16
15
33
41
49
40
22
28
13
25
18
36
6
9
2
11
7
26
24
30
44
8
5
50
21
10
39
31
45
12
32
3
42
7
31
21
41
6
34
5
14
16
22
47
15
18
13
32
2
11
44
9
28
12
40
48
27
3
23
50
24
25
45
37
1
38
29
49
30
4
8
46
36
10
43
39
17
42
33
35
19
20
26
49
24
37
42
5
29
6
25
35
1
26
31
10
50
14
28
9
13
39
20
47
48
21
34
27
45
32
3
33
43
17
36
30
8
44
7
11
41
19
12
15
22
40
23
38
16
18
2
46
4
27
30
41
43
1
12
11
13
19
18
32
42
21
34
2
8
47
35
45
5
49
28
46
31
33
48
16
9
37
3
44
22
10
20
17
29
14
36
26
50
40
6
7
25
4
15
23
38
39
24
40
17
18
15
36
48
10
45
24
28
19
13
9
33
21
42
3
4
34
25
16
1
50
43
30
20
46
12
27
39
22
44
35
49
29
41
37
7
6
31
23
8
14
26
47
32
5
11
2
38
29
35
47
40
46
1
28
22
30
24
21
39
16
8
27
45
5
14
38
18
25
10
32
17
50
9
7
19
2
11
49
12
6
13
4
37
42
20
44
15
34
33
36
31
23
26
48
3
41
43
15
19
48
28
25
2
16
3
46
34
12
47
1
23
22
24
18
20
35
6
11
36
41
42
43
31
38
5
21
40
7
27
29
4
9
26
32
10
17
14
45
13
33
30
50
44
39
49
8
37
42
7
43
1
40
50
45
4
27
8
24
3
32
11
20
18
17
23
6
35
15
13
28
9
38
5
44
29
19
26
39
37
33
22
41
34
10
31
47
21
25
12
46
16
48
14
2
36
49
30
3
27
9
17
8
44
1
37
48
21
46
2
13
42
38
25
15
26
14
7
40
18
23
47
41
35
5
10
39
12
29
34
22
30
20
45
31
6
32
33
16
11
19
43
28
36
4
24
50
49
9
48
5
47
27
17
22
7
21
23
34
29
49
14
1
32
31
28
18
38
45
43
37
44
19
30
2
8
50
20
26
39
13
41
33
11
25
12
3
24
4
40
15
35
46
42
36
16
6
10
30
26
16
6
49
22
3
10
28
15
17
41
47
46
25
13
14
32
20
42
8
4
2
7
18
19
45
36
44
23
31
29
5
37
38
33
12
11
35
40
27
50
21
48
43
39
24
34
9
1
41
22
38
45
47
20
36
16
4
33
50
17
34
28
42
48
26
11
19
10
44
24
13
40
7
27
18
35
8
30
46
31
25
6
14
32
15
5
39
3
12
23
49
1
37
2
43
29
21
9
5
8
12
22
11
43
42
50
9
44
7
32
36
21
41
16
28
29
17
19
37
30
4
18
48
26
31
39
49
1
34
13
23
2
40
47
46
3
25
45
6
38
24
27
35
20
33
15
10
14
18
40
30
29
15
37
25
41
32
26
38
21
20
6
17
1
22
33
31
3
43
42
7
4
36
8
34
48
45
5
19
47
49
9
46
2
24
23
11
10
39
35
13
12
27
28
44
14
16
50
22
45
34
30
39
38
47
43
13
12
11
8
44
49
28
20
41
25
1
4
35
33
15
26
16
40
10
37
32
17
18
48
9
14
42
27
21
46
24
6
31
19
3
2
36
50
7
23
29
5
24
14
15
36
18
10
13
5
1
30
44
26
23
3
39
29
43
49
8
2
33
17
31
41
40
32
20
47
7
35
21
25
42
45
48
19
34
22
16
37
9
27
4
6
12
46
28
50
38
11
16
28
40
37
2
7
41
11
12
19
20
46
25
4
3
33
44
15
42
30
6
26
38
35
34
50
1
23
10
13
27
17
32
48
5
18
43
21
22
39
24
49
9
45
14
47
8
31
36
29
28
15
32
44
13
26
38
40
17
47
6
25
42
2
12
30
37
18
50
43
24
35
20
5
14
29
19
11
48
33
8
23
39
10
3
21
45
9
1
34
46
16
22
36
49
31
41
7
4
27
48
34
33
2
9
8
14
29
50
49
25
19
26
43
44
41
13
47
46
17
23
22
35
37
10
28
39
32
38
16
30
3
21
11
12
5
36
42
4
27
20
31
45
18
24
6
15
1
40
7
31
29
42
27
48
19
50
21
20
7
45
28
5
12
30
9
46
37
36
41
1
25
24
33
6
38
35
2
3
44
4
49
40
32
16
23
13
39
15
22
26
17
43
8
10
34
11
47
14
18
25
20
28
11
3
27
18
32
22
10
40
35
2
37
31
49
48
39
26
34
13
15
5
8
1
42
29
30
4
46
24
14
41
21
19
43
6
16
7
23
38
36
44
50
45
9
47
12
17
33
6
33
45
34
24
21
27
49
38
17
22
18
29
30
15
35
10
5
47
32
46
14
3
19
31
12
37
50
16
9
28
43
26
1
13
39
23
25
36
8
11
44
42
4
41
48
40
20
7
2
50
49
3
7
45
11
31
35
6
29
2
22
41
18
16
10
4
46
43
12
5
8
42
38
44
36
13
27
9
48
40
32
1
34
25
17
28
15
14
47
33
39
20
37
30
23
19
26
24
21
11
3
22
21
29
36
43
23
40
2
49
12
48
16
34
14
50
19
37
45
9
6
26
10
8
44
4
31
30
15
47
33
7
24
28
38
17
13
27
46
35
41
32
42
25
18
1
39
5
20
10
38
29
8
50
32
39
9
7
11
33
1
43
19
5
4
49
24
41
36
48
27
12
14
37
15
3
6
20
28
13
42
44
35
2
46
40
26
23
16
21
47
31
22
34
25
45
18
30
17
19
39
20
31
22
14
26
15
34
40
29
24
3
36
50
27
42
7
23
8
10
9
1
28
13
17
47
4
6
49
11
46
45
33
21
12
2
37
41
43
18
30
5
32
16
38
25
35
48
44
4
46
49
38
42
24
15
27
31
36
16
11
22
10
23
37
39
43
3
50
20
19
47
6
29
34
33
44
26
32
45
40
14
17
8
13
1
2
48
9
5
28
18
7
21
35
30
41
25
12
21
1
35
39
28
9
2
30
26
32
8
33
37
48
6
23
24
31
11
40
7
46
44
16
17
41
12
45
22
19
5
10
3
50
34
4
20
14
43
13
36
18
38
47
15
49
29
42
27
25
33
37
44
46
23
40
12
24
47
39
43
7
30
27
10
36
34
1
32
15
18
16
25
29
9
6
21
41
5
22
2
45
48
31
35
14
49
28
42
38
17
20
50
19
11
3
26
4
13
8
2
6
8
16
38
23
29
39
33
50
10
5
24
9
36
12
30
42
21
47
31
11
18
20
4
3
48
46
13
7
1
35
34
15
27
44
19
49
45
25
14
32
37
41
26
43
17
28
22
40
38
13
1
20
43
5
32
8
49
14
9
10
12
35
19
44
2
36
25
24
26
29
6
21
46
47
17
42
34
4
33
18
15
3
45
22
16
27
40
30
37
7
23
28
39
11
50
48
31
41
12
18
14
19
26
33
30
20
45
4
23
37
35
32
47
39
7
10
49
16
36
2
9
3
42
11
41
43
24
25
38
21
28
44
22
31
27
48
50
17
29
5
8
46
1
40
34
13
15
6
47
4
7
26
30
15
8
1
5
27
48
36
38
29
35
31
40
9
16
11
32
37
49
45
20
39
24
34
17
14
50
41
43
42
10
25
18
33
13
2
28
3
12
44
6
19
21
22
23
46
35
50
36
24
32
47
9
26
2
31
28
48
6
22
4
5
19
41
40
23
3
44
45
46
49
14
27
13
43
37
42
30
17
25
11
15
38
1
20
18
8
10
29
21
7
12
16
33
34
39
44
12
31
25
35
13
33
19
36
48
4
45
11
7
26
38
6
30
22
14
17
32
34
1
39
16
9
49
42
18
15
20
8
23
50
10
29
40
28
41
43
46
2
24
3
5
27
21
37
47
46
10
50
23
12
28
17
44
25
3
13
49
31
20
40
26
33
34
30
27
2
45
16
39
22
4
43
15
18
24
35
38
36
5
32
1
41
47
21
29
42
37
48
14
8
7
6
9
11
19
45
44
4
5
16
18
46
36
8
41
35
23
15
40
13
7
38
21
28
37
22
39
17
50
32
24
14
25
47
10
43
11
27
12
31
48
9
34
2
49
1
42
6
33
19
29
20
30
26
3
8
41
2
9
7
46
37
31
39
45
3
16
19
25
29
11
12
27
24
1
14
34
33
13
23
10
49
20
15
50
32
6
4
43
47
28
22
17
5
48
30
26
35
38
18
21
42
40
44
36
39
2
13
18
17
41
4
28
23
43
5
30
8
31
11
19
27
45
44
21
34
47
14
25
24
22
6
26
46
38
12
7
50
36
1
40
35
32
29
42
3
9
16
15
20
37
49
10
33
48
23
25
39
4
44
16
48
2
18
42
31
27
40
45
43
15
32
12
13
46
50
20
36
49
47
37
11
17
29
21
3
5
19
38
7
9
8
24
30
26
22
1
41
34
33
10
14
6
28
35
20
21
26
12
33
6
35
42
3
25
15
34
4
5
8
50
16
38
10
48
30
41
11
2
45
49
28
40
1
29
23
24
47
46
37
36
39
43
18
7
19
14
27
9
22
17
31
44
32
13
34
9
17
48
14
49
20
33
15
13
36
38
50
39
37
6
29
40
4
26
42
12
22
24
2
18
30
21
23
31
41
8
16
28
43
35
3
19
10
32
7
25
1
11
44
27
46
5
47
45
14
32
10
33
41
45
21
38
43
6
1
50
46
15
7
34
20
17
5
13
39
3
27
11
12
2
40
22
28
47
36
19
24
26
18
16
44
4
31
35
49
48
30
29
9
8
37
25
42
23
17
11
46
13
34
39
49
48
37
9
42
6
14
1
24
22
21
3
12
44
4
7
30
36
5
33
8
16
31
27
25
50
18
19
23
20
26
35
38
28
2
29
47
10
40
41
32
45
43
15
13
42
11
3
37
31
23
17
44
35
30
4
28
47
45
21
36
48
27
9
38
5
8
15
25
7
22
14
40
2
20
16
46
39
24
6
50
18
33
19
41
34
26
49
29
1
10
43
12
32
36
5
25
10
20
3
19
18
41
16
37
44
7
17
49
46
45
22
33
39
29
21
43
23
26
1
15
38
11
42
14
9
31
27
6
50
47
30
12
4
48
2
34
40
32
24
13
8
35
28
32
23
27
49
31
25
44
34
14
5
41
40
39
24
9
3
8
6
2
29
21
50
10
30
11
43
26
7
35
36
48
28
12
18
15
42
33
38
37
1
47
45
17
20
13
4
22
46
19
16
43
16
6
50
4
35
7
12
11
46
39
9
33
41
18
47
23
2
29
22
27
31
19
48
15
21
42
28
14
8
10
26
20
40
36
3
5
45
49
44
32
24
25
13
17
30
38
37
1
34
