1
36
19
2
10
30
24
47
42
37
18
43
27
26
46
40
35
8
12
31
28
38
29
32
21
9
23
33
16
41
6
15
14
25
39
49
7
50
34
20
44
4
11
3
5
13
45
17
48
22
48
43
17
38
21
42
39
6
24
10
29
20
45
44
33
3
25
50
7
1
19
23
12
40
35
46
36
26
41
34
16
4
37
47
30
8
14
32
9
11
13
15
28
5
2
22
49
27
18
31
37
47
23
6
19
35
34
46
29
20
27
14
17
3
48
43
1
16
15
33
49
41
40
22
28
13
45
18
36
25
9
2
11
7
26
24
30
44
8
5
50
21
10
39
31
4
12
32
38
42
44
31
21
41
6
34
5
14
16
32
47
15
18
13
40
2
11
42
9
28
35
12
48
27
3
23
50
24
25
45
37
1
38
29
49
30
4
8
46
22
10
43
39
17
7
33
36
19
20
26
49
24
37
42
5
29
6
25
35
1
26
17
10
50
14
28
9
13
39
20
45
48
21
34
7
43
32
3
33
31
47
36
30
8
44
27
11
41
19
12
15
22
40
23
38
16
18
2
46
4
17
30
41
43
1
12
11
13
19
18
32
42
21
34
2
8
5
35
45
49
47
28
46
31
27
48
16
9
37
24
44
22
10
20
33
29
3
36
26
50
40
6
7
25
4
15
23
38
39
14
40
17
18
15
36
48
10
45
41
5
4
13
9
14
21
42
3
19
34
25
16
1
28
43
30
20
46
12
27
39
22
44
35
49
29
33
6
7
11
31
23
8
47
26
24
37
32
50
2
38
9
35
24
40
25
1
28
22
30
36
21
39
16
8
27
45
20
14
38
18
46
47
32
17
50
12
7
19
2
11
49
10
6
13
4
37
42
29
44
15
34
33
5
31
23
26
48
3
41
43
15
19
48
28
44
2
16
3
46
8
12
47
1
23
22
24
18
20
50
35
11
36
41
42
43
31
38
5
21
40
7
27
29
4
9
26
32
25
17
10
45
13
33
30
49
14
39
6
34
37
42
7
43
1
40
46
45
4
27
24
50
3
32
11
20
18
47
23
6
5
15
13
9
14
38
28
44
29
19
26
39
37
33
22
41
34
10
31
35
8
25
12
17
16
48
21
2
36
49
30
3
27
9
17
8
44
1
37
48
28
46
2
13
42
38
25
15
49
14
7
40
18
23
12
41
35
5
10
39
30
29
34
22
33
20
45
31
6
32
21
16
11
19
43
26
36
4
24
50
47
27
48
5
47
45
17
22
7
21
33
34
29
49
30
1
32
31
28
23
38
9
43
37
44
19
42
11
8
50
20
26
39
13
41
14
2
25
12
36
24
4
40
15
35
46
18
3
10
6
16
30
26
16
46
27
22
35
10
28
15
17
45
47
33
25
13
14
32
37
6
8
4
2
7
18
19
29
36
44
23
31
49
20
5
38
41
12
11
3
40
43
50
21
48
42
39
24
34
9
1
7
22
38
45
47
20
36
16
10
34
14
30
44
28
42
48
26
11
19
4
41
24
13
9
33
27
18
35
8
49
17
31
25
6
50
32
15
5
39
3
12
23
46
1
37
2
43
29
21
40
5
8
12
22
11
43
3
50
2
44
7
32
36
21
41
16
28
29
17
19
37
30
4
18
48
26
31
39
49
1
34
13
23
42
40
47
46
14
25
45
6
38
24
27
35
20
33
15
10
9
45
10
30
29
15
50
25
41
32
26
38
21
20
6
17
1
22
33
31
3
43
40
7
4
36
8
2
48
18
5
19
47
49
9
46
11
24
23
42
14
39
35
13
12
27
28
44
37
16
34
22
45
34
30
39
5
47
43
13
12
11
8
50
49
28
20
41
38
1
42
44
33
15
26
16
40
10
37
4
17
18
7
9
14
48
25
21
46
24
6
31
19
3
2
36
32
35
23
29
27
24
14
15
36
18
10
13
5
1
9
44
26
23
38
39
29
32
25
8
2
33
17
31
41
40
30
20
47
7
35
21
50
42
45
22
19
34
49
16
48
37
27
4
6
12
46
28
43
3
11
41
28
40
20
2
7
30
11
12
19
13
46
25
4
3
33
44
15
42
36
6
26
38
35
34
50
1
23
10
43
27
17
32
48
5
18
16
21
22
39
24
49
9
45
14
47
8
31
37
29
28
15
32
44
13
26
38
40
17
47
6
25
42
2
12
30
37
18
49
43
24
35
20
8
14
29
19
11
48
33
46
23
39
10
3
21
45
9
1
34
27
16
22
36
50
31
41
7
4
5
10
34
33
24
48
8
14
29
50
49
25
19
26
43
44
41
13
47
46
17
23
22
35
37
9
15
39
32
38
16
30
3
2
11
12
5
36
20
4
27
21
31
45
18
28
6
42
1
40
7
31
29
42
27
38
19
50
21
4
7
39
28
34
12
30
9
46
37
36
41
1
25
24
5
6
49
35
2
3
44
20
48
40
32
16
23
13
22
15
33
26
17
43
8
10
45
11
47
14
18
25
12
28
11
3
27
18
32
22
4
40
35
2
37
31
49
48
39
26
34
13
15
5
19
1
6
14
30
20
10
24
29
41
21
42
43
50
16
7
23
38
36
44
46
45
9
47
8
17
33
19
33
45
34
24
21
27
49
38
17
22
18
29
46
15
35
10
5
47
32
12
14
3
6
31
16
37
50
30
9
8
43
26
1
13
36
23
39
28
7
11
44
42
4
41
48
40
20
25
2
50
49
3
7
26
11
31
35
6
29
2
22
41
1
16
10
4
46
43
12
5
8
42
38
44
36
13
27
9
48
40
32
18
34
45
17
28
15
14
47
33
39
20
37
30
23
19
25
24
21
11
3
22
37
29
36
43
23
40
2
49
12
48
16
19
14
50
30
18
45
25
6
26
10
8
44
4
31
47
15
28
33
7
24
17
38
35
13
27
46
9
41
32
42
21
34
1
39
5
20
21
38
29
8
50
32
37
9
7
11
33
1
43
19
5
4
49
24
41
10
48
27
39
36
20
45
3
6
12
28
13
42
44
35
2
14
40
26
23
16
46
47
31
22
34
25
15
18
30
17
29
39
20
32
22
14
40
15
34
23
19
24
5
36
50
27
42
7
48
8
10
9
1
28
13
17
47
4
6
3
11
46
45
26
21
12
2
37
41
43
18
30
49
33
16
38
25
35
31
44
4
46
49
50
42
41
15
27
31
38
16
11
22
10
23
37
39
43
3
24
20
19
6
25
29
34
33
44
26
32
45
40
21
17
8
13
1
2
48
9
5
28
18
7
47
35
30
14
36
12
6
1
35
39
28
9
2
30
26
21
8
33
37
48
32
23
24
31
11
40
7
46
44
16
17
41
12
45
22
19
5
14
3
50
34
4
20
10
43
13
36
18
38
47
15
49
29
42
27
25
33
42
44
14
23
40
12
24
47
39
43
7
30
27
10
36
34
1
32
15
18
16
25
29
37
5
21
41
46
22
2
45
48
31
35
9
49
28
6
38
3
20
50
19
11
17
26
4
13
8
2
37
8
16
46
23
29
39
33
40
10
5
24
9
36
12
30
26
21
47
31
11
18
20
4
3
48
1
13
7
38
35
34
15
27
44
19
42
45
25
14
32
6
41
43
50
17
28
22
49
38
13
1
31
43
24
32
8
49
14
9
10
12
35
37
6
2
36
25
50
26
29
16
21
46
47
17
42
34
4
33
18
15
3
19
22
44
27
40
30
20
7
23
28
39
11
5
48
45
41
12
18
14
19
49
33
26
20
9
22
23
37
11
32
47
44
7
10
35
16
36
2
45
3
42
39
41
43
24
46
4
21
28
30
25
31
27
48
50
17
29
5
8
38
1
40
34
13
15
6
18
4
7
26
30
15
8
1
20
27
48
36
38
29
35
31
40
9
16
11
32
42
49
45
47
25
24
34
17
14
50
41
43
37
10
39
5
33
13
2
28
3
12
44
6
19
21
22
23
46
35
50
36
21
32
45
9
26
5
31
28
48
6
22
4
39
19
41
40
23
3
44
47
46
49
14
27
13
43
37
42
30
17
2
11
15
38
1
20
18
8
10
29
34
25
12
16
33
7
24
16
6
47
25
35
13
33
19
36
48
45
31
4
7
26
38
43
44
22
14
17
32
34
1
39
11
9
49
42
18
15
20
8
23
28
10
29
40
30
41
2
46
37
24
3
5
27
21
12
50
46
40
50
23
12
28
17
44
25
3
24
49
31
20
18
26
33
34
30
27
2
45
10
39
22
4
43
15
5
13
35
38
36
16
32
1
41
47
21
29
42
37
48
14
8
7
6
9
11
19
47
44
4
5
16
18
46
36
8
41
35
23
15
40
13
7
38
21
28
37
22
39
17
50
10
24
26
25
45
6
43
11
27
12
31
48
9
34
2
49
1
42
14
32
19
29
20
30
33
3
8
41
2
9
7
37
42
31
39
45
3
16
19
25
29
11
12
27
24
46
14
34
33
13
23
10
49
20
15
50
32
6
4
43
47
28
22
17
5
26
30
48
35
21
18
1
38
40
44
36
39
2
13
18
17
47
4
28
23
30
5
41
8
31
11
19
27
45
44
21
34
10
14
33
24
22
6
46
32
38
12
25
50
36
1
40
37
3
29
42
35
9
16
15
20
43
7
49
26
48
23
25
39
4
9
16
48
2
18
42
31
27
40
45
43
15
6
12
13
30
50
20
36
49
32
37
34
17
29
21
3
5
19
38
7
46
8
24
47
44
22
1
41
11
33
10
14
26
28
35
20
21
26
12
33
6
41
42
3
25
15
34
35
5
8
50
17
4
10
48
30
49
11
2
45
38
28
40
1
29
23
24
47
46
37
7
39
43
18
36
19
14
27
9
22
44
31
16
32
13
34
9
31
48
14
49
20
33
15
13
36
38
3
39
6
5
29
40
4
26
42
37
22
24
2
18
30
21
23
12
41
8
16
28
43
35
17
19
10
32
7
25
1
50
44
27
46
11
47
45
14
32
10
33
41
25
21
38
43
6
1
50
46
15
7
34
45
17
20
13
39
3
27
11
12
2
40
22
28
47
36
19
24
44
18
16
48
4
31
35
49
26
30
29
9
8
37
5
42
23
32
11
46
13
34
39
49
48
37
50
42
6
14
18
24
22
21
3
2
44
4
7
30
47
5
33
8
16
31
27
25
12
1
19
23
20
26
35
38
28
17
29
36
10
40
41
9
45
43
15
13
20
11
3
37
31
23
17
44
35
30
4
28
47
45
21
36
48
27
9
38
5
50
15
25
7
22
14
40
2
1
16
46
39
24
6
43
18
33
19
41
34
26
49
29
42
10
12
8
32
36
5
25
10
20
3
19
18
45
16
37
44
7
17
49
46
8
22
33
39
29
21
43
23
26
1
15
38
11
42
14
9
31
27
6
50
47
30
12
4
48
2
34
40
32
24
13
41
35
28
26
23
27
49
31
4
44
34
14
43
41
40
39
24
9
17
16
6
5
29
21
50
8
30
11
32
25
7
35
36
48
28
12
18
15
42
33
38
37
1
47
45
2
20
13
3
22
46
19
10
43
16
6
35
4
38
7
12
11
46
20
9
33
41
34
47
23
2
29
22
27
31
19
48
15
21
42
28
14
8
10
26
5
40
36
3
18
45
49
37
32
24
25
13
17
30
50
44
1
39
